0 0.00856809 -0.483494 -1.49829 -0.00330792 -3.03057 -9.32531
0.01 -0.00429325 -0.491651 -1.4978 -0.00855922 -3.21922 -9.91963
0.02 0.00161044 -0.474927 -1.49181 0.00313803 -3.41289 -10.5032
0.03 0.00336455 -0.485128 -1.49681 -0.00328523 -3.59467 -11.0885
0.04 0.00353941 -0.487586 -1.50186 -0.00997294 -3.78893 -11.6704
0.05 0.00193457 -0.48918 -1.49164 0.000535322 -3.96671 -12.2388
0.06 -9.90628e-05 -0.486755 -1.49112 -0.000864083 -4.15356 -12.7849
0.07 -0.00554764 -0.480853 -1.4884 -0.000336029 -4.3302 -13.3228
0.08 -0.000367294 -0.489993 -1.50007 0.00572361 -4.4934 -13.8552
0.09 -0.00659614 -0.48607 -1.49832 0.00759937 -4.66326 -14.3506
0.1 -0.00990982 -0.48119 -1.49168 -0.0048906 -4.82435 -14.8516
0.11 -0.00241613 -0.491293 -1.49496 -0.00117733 -4.97743 -15.3126
0.12 -0.00663491 -0.492716 -1.49953 -0.00748997 -5.10979 -15.7632
0.131 -0.00217739 -0.482454 -1.49888 0.00464307 -5.27891 -16.2097
0.141 0.00137395 -0.483865 -1.49294 -0.00194327 -5.39135 -16.5991
0.151 0.00785502 -0.485259 -1.4825 -0.00159366 -5.50698 -16.9666
0.161 -0.00450166 -0.487379 -1.49576 0.0122653 -5.61999 -17.285
0.171 -0.00397209 -0.489456 -1.49268 -0.00047979 -5.71744 -17.5758
0.181 0.00156381 -0.487493 -1.48966 0.00331865 -5.80081 -17.8563
0.191 -0.00641434 -0.477476 -1.49711 0.00285695 -5.8692 -18.0728
0.201 -0.00396715 -0.4854 -1.48833 0.000838203 -5.94992 -18.276
0.211 -0.00821486 -0.482992 -1.50071 0.00511281 -5.99174 -18.4353
0.221 0.00925133 -0.482438 -1.49604 -0.00202076 -6.02768 -18.5436
0.231 -0.00705069 -0.496344 -1.48843 -0.00175389 -6.05155 -18.6584
0.241 0.00777411 -0.485492 -1.50194 -0.00434574 -6.08357 -18.7001
0.252 0.00956006 -0.481218 -1.49298 0.00117034 -6.07489 -18.7179
0.262 -0.00213445 -0.485893 -1.4933 0.00770782 -6.07332 -18.6992
0.272 -0.00578422 -0.490882 -1.49948 -0.00280684 -6.05781 -18.6212
0.282 0.00733244 -0.488086 -1.49503 0.0126727 -6.0219 -18.5236
0.292 -0.00174746 -0.483395 -1.49626 -0.00385129 -5.98572 -18.3908
0.302 0.00522976 -0.486734 -1.49779 -0.000261968 -5.92597 -18.2202
0.312 -0.000106248 -0.486059 -1.49263 -0.000108137 -5.8583 -18.0262
0.322 -0.00378798 -0.486818 -1.49767 -0.000963466 -5.77382 -17.7659
0.332 0.00177132 -0.482475 -1.49645 -0.00227103 -5.67416 -17.498
0.342 -0.0062034 -0.491064 -1.49046 -0.00380542 -5.58629 -17.1846
0.352 -0.00171706 -0.493622 -1.49296 0.00316072 -5.48094 -16.8636
0.362 -0.000586927 -0.479171 -1.5028 -0.000592838 -5.34641 -16.487
0.372 0.003866 -0.481811 -1.49106 0.00852609 -5.23101 -16.0932
0.382 0.00458517 -0.489342 -1.50224 0.00381095 -5.09984 -15.6724
0.392 -0.0018572 -0.47953 -1.48944 0.00220864 -4.95471 -15.2241
0.402 0.00879461 -0.48015 -1.48915 0.000169454 -4.79482 -14.7586
0.412 -0.0049623 -0.481309 -1.49377 0.00075534 -4.63681 -14.2635
0.422 0.000467181 -0.485503 -1.49856 0.00265535 -4.46844 -13.7539
0.432 -0.0112029 -0.485256 -1.49684 -0.00275779 -4.29446 -13.2176
0.442 0.00177277 -0.476915 -1.4898 0.00834758 -4.12856 -12.6731
0.452 0.00566716 -0.478887 -1.4894 -0.00357289 -3.94357 -12.1192
0.462 0.00303416 -0.494736 -1.49449 0.0021129 -3.74931 -11.5468
0.472 0.000957014 -0.483626 -1.50114 0.00382394 -3.56256 -10.9754
0.482 0.00131927 -0.4768 -1.49185 -0.00406491 -3.37212 -10.3867
0.492 -0.00285128 -0.487666 -1.48699 -0.00527957 -3.18679 -9.80618
0.503 -0.00442424 -0.478315 -1.48947 -0.00330929 -2.97851 -9.14516
0.513 0.00141009 -0.487236 -1.49226 0.00871927 -2.77906 -8.5604
0.523 0.000278855 -0.484238 -1.48318 0.00556519 -2.59219 -7.982
0.533 -0.0017876 -0.481562 -1.49371 0.000235185 -2.40357 -7.40163
0.543 0.000191431 -0.483185 -1.48448 -0.0049115 -2.21885 -6.82324
0.553 -0.00270386 -0.482648 -1.48597 0.000235173 -2.0332 -6.25772
0.563 0.00352786 -0.482434 -1.49648 -0.000511742 -1.85743 -5.71193
0.573 -0.00692302 -0.481655 -1.49476 -0.00106463 -1.68069 -5.16847
0.583 -0.00133587 -0.489445 -1.49276 -0.00324545 -1.52186 -4.65458
0.593 -0.00679554 -0.484925 -1.4896 0.00250174 -1.34338 -4.15327
0.603 0.00716093 -0.491707 -1.50451 0.00265623 -1.18876 -3.66751
0.613 0.00548749 -0.484794 -1.50029 -0.0106196 -1.03793 -3.20895
0.623 5.48652e-05 -0.481557 -1.49524 0.00198472 -0.902605 -2.77577
0.633 0.00031604 -0.481806 -1.49548 -0.00674982 -0.761539 -2.35876
0.643 -0.00347887 -0.484141 -1.49358 -0.00314332 -0.642697 -1.9703
0.653 0.00193502 -0.485086 -1.49061 0.0038935 -0.53282 -1.63485
0.663 0.00114136 -0.487249 -1.49317 -0.00542608 -0.430167 -1.31196
0.673 0.00500647 -0.497011 -1.49261 0.00114863 -0.32865 -1.02667
0.683 0.00570184 -0.484527 -1.51039 0.00890258 -0.243217 -0.758717
0.693 0.00511535 -0.479614 -1.49548 0.00702155 -0.180674 -0.537514
0.703 0.000576373 -0.485884 -1.49203 -0.0176645 -0.10752 -0.347939
0.713 0.00332885 -0.480912 -1.4926 0.0053439 -0.0613539 -0.198838
0.723 0.0151927 -0.487829 -1.5012 0.0165138 -0.0239764 -0.0806913
0.733 0.00465961 -0.476423 -1.49916 -0.00685351 -0.000302466 0.00214527
0.743 -0.00256025 -0.487642 -1.48623 0.00288607 0.0197515 0.0388354
0.753 0.00439748 -0.479662 -1.4941 -0.00606359 0.0253924 0.0534952
0.763 0.00746943 -0.481494 -1.49458 0.00129182 0.0124043 0.0213915
0.773 -0.00211027 -0.483281 -1.48942 0.00675974 -0.0172503 -0.0392215
0.783 -0.008785 -0.495992 -1.49583 0.00479502 -0.0555878 -0.149765
0.793 -0.000538578 -0.481706 -1.50013 -0.00987468 -0.0952164 -0.286224
0.803 -0.00199775 -0.488796 -1.48914 -0.00399038 -0.147911 -0.459272
0.813 -0.00606705 -0.489389 -1.5005 0.00470901 -0.203795 -0.6738
0.823 0.00355137 -0.4899 -1.4935 -0.00587698 -0.302345 -0.908124
0.833 0.003287 -0.490943 -1.4946 -0.00614773 -0.384281 -1.18976
0.843 -0.00132874 -0.48771 -1.49474 0.0035158 -0.483639 -1.50934
0.853 0.00236973 -0.479048 -1.49765 -0.00649378 -0.590947 -1.83508
0.863 0.00164243 -0.481502 -1.49014 -0.00109118 -0.723522 -2.20712
0.873 -0.00153388 -0.48946 -1.49131 -0.00705617 -0.843916 -2.61399
0.883 -0.0013467 -0.488328 -1.49513 -0.00189798 -0.984604 -3.0254
0.893 -0.00167484 -0.482798 -1.491 -0.00117536 -1.13411 -3.48033
0.903 -0.00174886 -0.487786 -1.49284 0.00257851 -1.27707 -3.95226
0.913 0.00364562 -0.482609 -1.49066 0.00390783 -1.45536 -4.4472
0.923 0.00318668 -0.489158 -1.49334 -0.00905326 -1.61413 -4.96385
0.933 0.00792139 -0.485527 -1.48857 -0.00897035 -1.77855 -5.49043
0.943 0.00091807 -0.493765 -1.49377 -0.00468462 -1.96232 -6.03404
0.953 -0.00139959 -0.491688 -1.49983 -0.00399024 -2.14461 -6.60919
0.963 0.00441821 -0.487222 -1.49071 0.00155839 -2.33091 -7.17002
0.973 0.00291489 -0.480901 -1.4876 -0.00510697 -2.52163 -7.74109
0.983 -0.00408976 -0.481227 -1.49341 -0.00206895 -2.70423 -8.33283
0.993 0.00276632 -0.479803 -1.48753 -0.00368733 -2.89709 -8.92705
1.004 0.000750286 -0.490935 -1.4998 -0.00958906 -3.1148 -9.56884
1.015 -0.00489963 -0.479183 -1.51258 0.00857828 -3.31666 -10.2141
1.026 0.00258283 -0.480105 -1.49194 -0.000588179 -3.52652 -10.8539
1.037 0.00283156 -0.492748 -1.49222 -0.000599058 -3.73873 -11.4912
1.048 0.00333319 -0.481452 -1.48526 0.00132479 -3.94275 -12.1189
1.059 -0.00134399 -0.48504 -1.49393 -0.00130367 -4.12463 -12.7294
1.07 -0.000490775 -0.491314 -1.50358 0.00397382 -4.33651 -13.3274
1.081 0.00561753 -0.488264 -1.49258 0.0124948 -4.51907 -13.9045
1.092 0.000655578 -0.482674 -1.4849 -0.00686192 -4.68922 -14.4589
1.103 -0.00131863 -0.489387 -1.49267 0.00259592 -4.86086 -14.9869
1.114 -0.00465674 -0.481157 -1.49009 -0.00784689 -5.02983 -15.4986
1.125 0.00783786 -0.489439 -1.49118 -0.00394404 -5.18967 -15.9717
1.136 0.00193632 -0.480579 -1.49522 0.00394576 -5.33427 -16.4039
1.147 0.00156965 -0.488031 -1.50111 -0.00241566 -5.47387 -16.8187
1.158 -0.00926972 -0.490458 -1.49909 -0.00162571 -5.58495 -17.1819
1.169 -0.00784004 -0.476615 -1.49163 -0.00572618 -5.69282 -17.5253
1.18 -0.00138435 -0.483211 -1.49927 0.00182919 -5.78693 -17.8218
1.191 -0.00450742 -0.482675 -1.49539 -0.00234826 -5.87876 -18.0813
1.202 -0.0032915 -0.482147 -1.48959 -0.00153368 -5.94813 -18.2909
1.213 7.52029e-05 -0.493566 -1.49046 0.00442077 -5.99756 -18.4695
1.224 -0.00729087 -0.485857 -1.49912 -0.0113801 -6.03301 -18.5921
1.235 0.00122265 -0.489561 -1.49215 0.000489561 -6.06115 -18.6765
1.246 0.00135789 -0.485595 -1.49067 0.00145064 -6.0811 -18.7207
1.257 -0.0050445 -0.479201 -1.4991 0.000514238 -6.08 -18.7145
1.268 0.00037165 -0.500453 -1.49956 0.00585511 -6.05967 -18.6511
1.279 0.00236583 -0.478395 -1.49129 0.0029974 -6.02682 -18.56
1.29 -0.0105044 -0.483631 -1.4827 0.00178744 -5.9897 -18.4252
1.301 0.00131465 -0.488204 -1.49224 -0.000650776 -5.93386 -18.2397
1.312 -0.000822965 -0.481167 -1.4959 -0.00432786 -5.84959 -18.008
1.323 -0.00736093 -0.476579 -1.49643 -0.00394119 -5.76551 -17.7497
1.334 0.00642931 -0.482742 -1.49762 -0.00709377 -5.66304 -17.435
1.345 0.00687973 -0.485362 -1.49135 -0.00568829 -5.55247 -17.0917
1.356 0.000682123 -0.482115 -1.49344 0.000391119 -5.42478 -16.7085
1.367 -0.00280186 -0.487333 -1.49221 0.00146029 -5.29198 -16.292
1.378 -0.00488068 -0.483793 -1.49308 0.0025235 -5.14785 -15.8469
1.389 0.00473605 -0.485199 -1.48547 0.00871338 -4.98793 -15.3661
1.4 0.00433154 -0.489876 -1.49462 -0.00165435 -4.82274 -14.8501
1.411 0.00264835 -0.493535 -1.49458 -0.00704093 -4.651 -14.3047
1.422 0.0061244 -0.484526 -1.49737 0.00748959 -4.46225 -13.7481
1.433 -0.00460685 -0.489173 -1.49275 -0.00376158 -4.27631 -13.1637
1.444 -0.000518156 -0.482652 -1.48508 0.00516527 -4.07884 -12.5633
1.455 -0.00528457 -0.489122 -1.49407 -0.00680275 -3.88187 -11.9518
1.466 0.000262343 -0.477188 -1.48526 -0.0032955 -3.67808 -11.3264
1.477 -0.00400508 -0.49756 -1.49802 -0.0101815 -3.47704 -10.6785
1.488 -0.00504614 -0.483314 -1.48699 -0.000668752 -3.26715 -10.0281
1.499 -0.00697795 -0.477837 -1.48814 0.00544504 -3.05316 -9.38636
1.51 -0.00902722 -0.485033 -1.49172 -0.0101984 -2.83707 -8.74195
1.521 0.00275283 -0.478906 -1.49465 -0.00217354 -2.62115 -8.09523
1.532 -0.00202816 -0.490763 -1.49187 0.00149649 -2.42027 -7.44991
1.543 0.00274354 -0.487827 -1.48599 0.00991708 -2.22489 -6.82306
1.554 -0.00155922 -0.48742 -1.49243 0.001222 -2.01934 -6.2031
1.565 -0.00851388 -0.480504 -1.49674 0.00237834 -1.81968 -5.59838
1.576 0.00413892 -0.48634 -1.49706 0.00294569 -1.63398 -5.01543
1.587 -0.00297635 -0.487973 -1.49161 -0.00363045 -1.4449 -4.45188
1.598 -0.000686135 -0.488596 -1.4963 0.00362028 -1.27214 -3.91338
1.609 0.000426721 -0.48392 -1.49351 0.000480983 -1.09702 -3.39328
1.62 0.00663505 -0.485036 -1.49416 -0.00842276 -0.942853 -2.90049
1.631 0.000913068 -0.480599 -1.49116 0.0101715 -0.800224 -2.44051
1.642 -0.000937338 -0.47835 -1.49171 0.000164572 -0.653531 -2.02392
1.653 -0.00133316 -0.475535 -1.49761 -0.00590461 -0.524673 -1.63478
1.664 0.000156192 -0.488405 -1.49574 -0.00240188 -0.423017 -1.28078
1.675 -0.00248044 -0.493492 -1.49456 -0.00336569 -0.308454 -0.966022
1.686 -0.00431098 -0.480478 -1.49638 -0.00201386 -0.216636 -0.686377
1.697 -0.00749491 -0.484298 -1.49486 -0.00324949 -0.14834 -0.461663
1.708 -0.00506635 -0.495681 -1.49508 0.000313581 -0.08398 -0.272257
1.719 -0.00473624 -0.480315 -1.49085 0.00847218 -0.035081 -0.121431
1.73 -0.00759183 -0.489927 -1.48795 0.00634581 -0.00380249 -0.0175741
1.741 0.000265337 -0.48335 -1.49387 -0.00561498 0.0119264 0.0474146
1.752 0.0010279 -0.480267 -1.48958 -0.0135509 0.0224763 0.0566697
1.763 -0.0022529 -0.480766 -1.48585 0.00429419 0.00821991 0.0147296
1.774 -0.00602046 -0.491787 -1.49481 -0.000398003 -0.0158816 -0.0479587
1.785 0.00345594 -0.48066 -1.50193 -0.00708876 -0.0476844 -0.165406
1.796 0.00411353 -0.485191 -1.48801 0.00265949 -0.110668 -0.332894
1.807 -0.00534082 -0.492549 -1.48792 -0.000562674 -0.178732 -0.537087
1.818 0.00329442 -0.492031 -1.49258 -0.00021047 -0.2478 -0.785323
1.829 0.00424745 -0.489866 -1.49129 0.0039179 -0.347917 -1.07349
1.84 -0.00187276 -0.485309 -1.49097 -0.00545033 -0.461956 -1.40237
1.851 -0.00315004 -0.484364 -1.49309 0.005311 -0.580248 -1.77025
1.862 -0.00708561 -0.488169 -1.49086 0.00522482 -0.711302 -2.17858
1.873 -0.00605214 -0.489435 -1.49778 0.000565522 -0.839856 -2.61312
1.884 -0.000897253 -0.488986 -1.48835 -0.00193385 -1.00063 -3.07774
1.895 -0.000837329 -0.490865 -1.48927 -0.00358435 -1.16533 -3.57752
1.906 -0.00443564 -0.480952 -1.49592 0.00272275 -1.32941 -4.09706
1.917 0.000662152 -0.477599 -1.50406 0.000366395 -1.51707 -4.64289
1.928 -0.000678211 -0.481472 -1.49362 -0.00888097 -1.69824 -5.22212
1.939 0.00195653 -0.485685 -1.49623 -4.13676e-05 -1.90082 -5.82201
1.95 0.00833637 -0.488026 -1.49001 0.0014968 -2.08651 -6.42632
1.961 -0.00806758 -0.4876 -1.49578 -0.00620454 -2.28672 -7.05579
1.972 0.0105367 -0.491557 -1.49344 -0.000357752 -2.49295 -7.69894
1.983 -0.00283236 -0.481648 -1.49003 -0.00407851 -2.7096 -8.33368
1.994 0.0047923 -0.484554 -1.49764 0.00231 -2.92415 -8.978
2.005 -0.00185978 -0.482616 -1.49584 0.00297696 -3.12509 -9.62281
2.016 0.000861708 -0.485743 -1.49649 0.00371729 -3.33888 -10.2664
2.027 0.00585423 -0.478617 -1.49868 -0.00724192 -3.53914 -10.9227
2.038 0.0101517 -0.489021 -1.49633 -0.00547242 -3.75894 -11.552
2.049 0.0020702 -0.486571 -1.49041 -0.00629375 -3.9482 -12.1724
2.06 0.00834097 -0.48361 -1.49746 0.00271268 -4.15972 -12.7881
2.071 0.000588873 -0.491506 -1.48791 0.000601879 -4.33688 -13.3859
2.082 -0.00327731 -0.485723 -1.49425 0.000482023 -4.53024 -13.953
2.093 -0.00890465 -0.482311 -1.50469 -0.0023387 -4.71376 -14.5084
2.104 0.00240684 -0.495064 -1.48286 -0.00257598 -4.88619 -15.0375
2.115 -0.000574875 -0.4858 -1.49514 -0.0047044 -5.04119 -15.5441
2.126 -0.00673061 -0.487424 -1.49623 -0.00325698 -5.20531 -16.0041
2.137 -0.00171799 -0.484393 -1.48904 -0.00577642 -5.33965 -16.4445
2.148 0.00842215 -0.484889 -1.49871 0.00525818 -5.46271 -16.8622
2.159 -9.91932e-06 -0.484667 -1.50217 0.00372295 -5.59825 -17.2207
2.17 -0.00231096 -0.492815 -1.4949 -0.00416179 -5.70092 -17.5584
2.181 0.00611967 -0.483229 -1.50626 0.00354606 -5.79669 -17.8433
2.192 0.00345015 -0.49161 -1.49355 0.00297275 -5.88357 -18.1073
2.203 0.00138401 -0.470006 -1.49157 -0.00332717 -5.9531 -18.3233
2.214 -0.00796637 -0.483802 -1.48967 -0.00539327 -6.00375 -18.4728
2.225 -0.00680762 -0.490099 -1.49307 0.00350071 -6.04021 -18.5892
2.236 -0.00346434 -0.483226 -1.48781 0.00465519 -6.0654 -18.6826
2.247 -0.000762291 -0.486313 -1.4992 -0.00098402 -6.08915 -18.7143
2.258 0.00374837 -0.481673 -1.48989 -0.00447605 -6.07093 -18.7036
2.269 -0.000756061 -0.485707 -1.49412 -0.000746705 -6.06173 -18.6481
2.28 0.00306182 -0.477744 -1.49327 -0.00568401 -6.02616 -18.553
2.291 0.000736796 -0.486085 -1.48732 -0.00850393 -5.97771 -18.3989
2.302 -0.00325705 -0.489571 -1.5001 0.00831235 -5.92485 -18.2213
2.313 0.00210438 -0.483799 -1.48449 -0.0064774 -5.85268 -17.9866
2.324 0.00824338 -0.487565 -1.49085 0.000234272 -5.74656 -17.7142
2.335 0.003639 -0.496279 -1.49566 0.00372772 -5.651 -17.4103
2.346 0.00439614 -0.489251 -1.49014 -0.00908859 -5.54119 -17.0605
2.357 -0.00539139 -0.493815 -1.50265 -0.00442444 -5.42454 -16.6737
2.368 0.00583298 -0.491427 -1.50217 -0.00223727 -5.28407 -16.2565
2.379 0.00485722 -0.491994 -1.49293 -5.6842e-05 -5.13258 -15.7998
2.39 0.00298518 -0.490344 -1.49471 0.00843079 -4.97024 -15.3182
2.401 -0.00306492 -0.482803 -1.50756 0.000424694 -4.80224 -14.7947
2.412 0.00357871 -0.488163 -1.48716 0.00536209 -4.63855 -14.2552
2.423 -0.0028962 -0.483099 -1.49132 0.00496974 -4.45155 -13.6998
2.434 -0.0014829 -0.488733 -1.49609 0.0084281 -4.25994 -13.1164
2.445 -0.00922267 -0.487102 -1.49501 0.00135058 -4.07179 -12.5113
2.456 0.00403805 -0.48992 -1.49793 0.00455841 -3.85993 -11.8914
2.467 -0.00327496 -0.479435 -1.49894 0.00154083 -3.66064 -11.2577
2.478 0.0101683 -0.478709 -1.49807 -0.00139801 -3.45454 -10.6211
2.489 0.00197061 -0.478302 -1.49171 0.0047577 -3.24221 -9.97561
2.5 -0.00252992 -0.488932 -1.49173 0.00475119 -3.02171 -9.32141
2.511 -0.00389099 -0.485519 -1.50466 -0.00561832 -2.8106 -8.67926
2.522 0.000136962 -0.483182 -1.4974 -0.00113752 -2.61774 -8.02924
2.533 0.00691373 -0.489502 -1.49223 -0.00137075 -2.4017 -7.39646
2.544 0.00833793 -0.485481 -1.48758 0.00255433 -2.19789 -6.76521
2.555 -0.0025106 -0.487124 -1.48607 -0.00196397 -1.99334 -6.14506
2.566 -0.00119365 -0.482031 -1.49312 0.000474236 -1.80095 -5.54999
2.577 -0.000909774 -0.496439 -1.48735 -0.0134325 -1.61614 -4.96462
2.588 -0.00117124 -0.482848 -1.48371 -0.00371285 -1.43895 -4.39941
2.599 0.00416732 -0.48063 -1.48872 -0.00137776 -1.25331 -3.86155
2.61 -0.000841432 -0.488164 -1.4963 -0.00262656 -1.08813 -3.33938
2.621 -0.00613931 -0.484359 -1.49608 0.00699461 -0.921811 -2.86607
2.632 0.00432886 -0.491095 -1.49559 0.0047845 -0.778084 -2.41556
2.643 0.00203276 -0.486222 -1.49155 0.0107389 -0.641123 -1.9858
2.654 -0.00337354 -0.49159 -1.49703 0.00538922 -0.514332 -1.59982
2.665 -0.0134509 -0.479538 -1.48952 -0.00406136 -0.414114 -1.25031
2.676 0.00978268 -0.489234 -1.49876 0.00078393 -0.303355 -0.934878
2.687 -0.00216463 -0.483342 -1.49664 -0.00150626 -0.215415 -0.6707
2.698 0.00702311 -0.48601 -1.48752 -0.00134166 -0.141793 -0.445723
2.709 0.00124863 -0.489446 -1.49244 0.000234154 -0.0885493 -0.25051
2.72 -0.00144412 -0.492235 -1.4867 -0.000912907 -0.0310336 -0.109317
2.731 0.0127103 -0.49239 -1.49701 0.00112414 -0.0101836 -0.00251478
2.742 0.00126849 -0.486839 -1.48612 -0.00990211 0.0129769 0.0405166
2.753 -0.00438638 -0.484348 -1.48962 0.00339638 0.0233172 0.0571065
2.764 -0.00396688 -0.479081 -1.49307 0.00416197 0.00436148 0.0232429
2.775 -0.00573747 -0.492992 -1.50098 0.00247919 -0.026679 -0.0631434
2.786 -0.00418496 -0.479404 -1.49195 0.00372876 -0.0525854 -0.183751
2.797 0.0012159 -0.479807 -1.50119 0.00426852 -0.113191 -0.348956
2.808 0.00583371 -0.481807 -1.48776 -0.00340595 -0.175297 -0.56632
2.819 0.00589196 -0.484156 -1.48797 0.00285926 -0.273983 -0.813143
2.83 -0.0106709 -0.479169 -1.49707 -0.00160447 -0.358576 -1.10443
2.841 7.42496e-05 -0.485574 -1.49984 0.00223554 -0.464473 -1.44171
2.852 -0.00537595 -0.479714 -1.48848 0.00455884 -0.598348 -1.8014
2.863 -0.00146682 -0.483044 -1.48575 -0.00359387 -0.711918 -2.20787
2.874 0.00743327 -0.488867 -1.49069 -0.00533344 -0.864824 -2.65941
2.885 -0.00395024 -0.484519 -1.48432 -0.00148966 -1.01062 -3.1182
2.896 0.00346839 -0.480358 -1.4962 -0.00615633 -1.17124 -3.61956
2.907 -0.0122208 -0.480244 -1.50173 0.00119596 -1.34768 -4.14956
2.918 -0.000137419 -0.484568 -1.49483 -0.00276692 -1.52705 -4.71509
2.929 0.00235436 -0.484806 -1.50272 -0.000991821 -1.71782 -5.26989
2.94 -0.00289378 -0.484268 -1.49354 0.000769058 -1.90798 -5.87301
2.951 -0.00219706 -0.481982 -1.49367 0.00664516 -2.10571 -6.47854
2.962 -0.00118495 -0.481239 -1.49947 0.00238912 -2.30977 -7.1123
2.973 0.00455738 -0.485802 -1.49441 -0.00374563 -2.51281 -7.74651
2.984 0.00519103 -0.480665 -1.49071 -0.00286346 -2.72447 -8.38743
2.995 0.00851229 -0.489152 -1.49597 -0.00192129 -2.93114 -9.03932
3.006 0.00015549 -0.487407 -1.49459 -0.00148281 -3.1403 -9.69103
3.017 0.00609754 -0.490029 -1.49457 0.000377199 -3.35331 -10.3367
3.028 0.00200688 -0.48211 -1.48804 0.00956253 -3.5588 -10.9795
3.039 -0.00175976 -0.49381 -1.47989 -0.00654745 -3.77392 -11.611
3.05 0.000613087 -0.478031 -1.4935 0.00403891 -3.96814 -12.2258
3.061 0.00346989 -0.489262 -1.4874 0.000522631 -4.1742 -12.8425
3.072 -0.00128335 -0.47887 -1.49023 -0.00613964 -4.35972 -13.4269
3.083 -0.00352076 -0.478368 -1.49741 0.00461265 -4.54778 -14.0087
3.094 -0.00232488 -0.483475 -1.48985 0.0012331 -4.73548 -14.5545
3.105 -0.00113504 -0.484832 -1.49315 -0.00305678 -4.89498 -15.0821
3.116 -0.00137902 -0.489882 -1.4897 -0.000401539 -5.05981 -15.5793
3.127 -0.0105595 -0.487481 -1.49568 0.00133945 -5.22245 -16.0493
3.138 -0.000745835 -0.481088 -1.48826 0.00933983 -5.35404 -16.4844
3.149 -0.00437069 -0.490099 -1.48683 -0.00735841 -5.49265 -16.8959
3.16 -0.00611407 -0.480806 -1.496 -0.00431131 -5.60835 -17.2527
3.171 -0.0023535 -0.484206 -1.49281 -0.00238636 -5.72249 -17.5882
3.182 0.00325924 -0.487551 -1.49087 -0.00442666 -5.81198 -17.8732
3.193 0.00382659 -0.485619 -1.49426 0.011482 -5.87442 -18.122
3.204 0.00068035 -0.488388 -1.49371 0.00332243 -5.94836 -18.3296
3.215 -0.00547084 -0.482276 -1.48853 -0.00191514 -6.00718 -18.4893
3.226 -0.011753 -0.488961 -1.49216 -0.00374021 -6.04571 -18.6143
3.237 0.00644192 -0.482891 -1.49347 -0.00208672 -6.07308 -18.6893
3.248 0.000592229 -0.492765 -1.49266 -0.00630105 -6.07158 -18.7181
3.259 -0.00247356 -0.486898 -1.49206 0.00288181 -6.07295 -18.7092
3.27 -0.0105396 -0.481853 -1.48894 0.000765382 -6.06256 -18.6481
3.281 0.00419296 -0.481256 -1.48592 -0.00415053 -6.02919 -18.5409
3.292 -0.00412798 -0.479017 -1.49417 0.004008 -5.97485 -18.3934
3.303 -0.00355132 -0.489066 -1.48661 0.00344918 -5.9146 -18.198
3.314 -0.0068692 -0.487751 -1.48656 -0.00710159 -5.83829 -17.965
3.325 0.00417449 -0.489897 -1.4995 0.00320645 -5.74344 -17.6979
3.336 -0.00598825 -0.483558 -1.48798 -0.000543046 -5.6456 -17.3782
3.347 0.00492291 -0.493737 -1.49636 -0.00748203 -5.53295 -17.0341
3.358 -0.00103963 -0.483241 -1.48958 -0.00484969 -5.40434 -16.6371
3.369 -0.00327886 -0.493825 -1.49157 -0.00167343 -5.25383 -16.2112
3.38 -8.32589e-05 -0.483823 -1.49651 -0.00785277 -5.11501 -15.7566
3.391 -0.000105193 -0.478976 -1.49816 0.00561248 -4.96022 -15.2734
3.402 -0.00249841 -0.472271 -1.49326 0.00219592 -4.80016 -14.7483
3.413 -0.000951714 -0.4794 -1.49058 -0.00248993 -4.61808 -14.2086
3.424 -0.0107965 -0.486352 -1.49609 0.0122917 -4.43479 -13.6437
3.435 -0.00394224 -0.484707 -1.49382 0.00353773 -4.24647 -13.0659
3.446 -0.00137794 -0.478452 -1.48034 -0.00444973 -4.05203 -12.4509
3.457 -0.00679039 -0.490644 -1.49343 0.00133502 -3.84352 -11.8356
3.468 -0.00243184 -0.480864 -1.49293 -0.00172264 -3.63954 -11.2054
3.479 0.00200533 -0.485198 -1.48971 -0.000392829 -3.42796 -10.5688
3.49 0.00338352 -0.49442 -1.49993 0.00161504 -3.22747 -9.92165
3.501 -0.0145556 -0.481952 -1.48041 -0.00243897 -3.01584 -9.26778
3.512 -0.00274147 -0.481421 -1.49155 -0.00278379 -2.79903 -8.61947
3.523 -0.0024808 -0.491075 -1.48303 -0.0100113 -2.59287 -7.97758
3.534 -0.00331165 -0.489011 -1.50175 -0.00774168 -2.38214 -7.33487
3.545 -0.00247161 -0.484636 -1.49749 -0.00646279 -2.18468 -6.71195
3.556 0.00574569 -0.48745 -1.49175 0.00154754 -1.98126 -6.09305
3.567 -0.00409503 -0.491524 -1.49434 -0.00263317 -1.77135 -5.49108
3.578 0.00626616 -0.482009 -1.48963 -0.00120434 -1.59213 -4.91182
3.589 -0.00868292 -0.497133 -1.49378 0.00429145 -1.41772 -4.35152
3.6 0.000591382 -0.491755 -1.49631 -0.0015803 -1.24513 -3.81134
3.611 0.00285291 -0.496523 -1.49183 0.00358939 -1.08025 -3.29663
3.622 0.00180585 -0.489148 -1.4812 -0.00227148 -0.918522 -2.8122
3.633 0.00462348 -0.476924 -1.4945 5.22279e-05 -0.776406 -2.36357
3.644 -0.00623613 -0.48359 -1.50004 0.00413022 -0.633694 -1.95464
3.655 0.00687368 -0.487867 -1.49803 -0.000102791 -0.515932 -1.56122
3.666 0.00345435 -0.489786 -1.49733 0.00527237 -0.40135 -1.22473
3.677 -0.00128046 -0.491623 -1.49935 -0.00263986 -0.290143 -0.912031
3.688 0.000440258 -0.49262 -1.49124 3.59621e-05 -0.208093 -0.649108
3.699 -0.00349418 -0.480915 -1.49415 0.0117248 -0.142783 -0.424509
3.71 0.00681637 -0.489059 -1.4981 0.00791076 -0.0737488 -0.237358
3.721 0.00488839 -0.489099 -1.48776 0.000237016 -0.0319049 -0.0950479
3.732 0.00067237 -0.486523 -1.49201 0.0130811 -0.00820409 -0.00309571
3.743 0.00109381 -0.474055 -1.50255 0.00279323 0.0129073 0.0534383
3.754 0.00209682 -0.477301 -1.49193 -0.00142334 0.00649631 0.0613866
3.765 -0.00672011 -0.487697 -1.50024 -0.00196429 -0.00366979 0.0160667
3.776 -0.00230922 -0.485934 -1.49292 0.00550325 -0.0276939 -0.0685383
3.787 -0.00319176 -0.485299 -1.48313 -0.00272903 -0.0645333 -0.195856
3.798 0.000953985 -0.496407 -1.49128 0.000572468 -0.112033 -0.371993
3.809 -0.000996424 -0.478508 -1.49872 -0.00537171 -0.186939 -0.585307
3.82 -0.00502262 -0.485106 -1.49912 0.000177958 -0.272429 -0.841089
3.831 0.00950022 -0.481829 -1.4935 -0.00496073 -0.371824 -1.13373
3.842 0.00398285 -0.491693 -1.49385 -0.00146232 -0.482684 -1.46328
3.853 0.00147535 -0.494367 -1.49686 0.00533544 -0.599643 -1.83463
3.864 -0.00697611 -0.478398 -1.50095 -0.00496565 -0.732909 -2.24786
3.875 0.00273501 -0.493855 -1.49583 -0.00801269 -0.875021 -2.70182
3.886 -0.0026689 -0.487427 -1.48912 -0.00339763 -1.02939 -3.16624
3.897 0.00333548 -0.480148 -1.48642 0.00393684 -1.18895 -3.6736
3.908 -0.00255759 -0.478444 -1.48092 -0.00421857 -1.3751 -4.20141
3.919 -0.000377424 -0.48781 -1.49673 -0.00408151 -1.54504 -4.76797
3.93 -0.00612335 -0.488003 -1.50117 0.00170025 -1.73347 -5.3297
3.941 -0.00626017 -0.485987 -1.48745 -0.0046215 -1.92136 -5.91908
3.952 0.00193154 -0.480333 -1.50049 -0.00878469 -2.12796 -6.54265
3.963 0.00089824 -0.485152 -1.49072 -0.0042879 -2.32747 -7.17378
3.974 0.00413504 -0.49169 -1.49233 0.00121552 -2.52861 -7.80924
3.985 -0.00142613 -0.478344 -1.49644 0.00102619 -2.74794 -8.44326
3.996 -0.0043054 -0.480241 -1.49438 0.00010435 -2.94774 -9.08925
4.006 0.00268461 -0.486246 -1.48541 -0.00209109 -3.14655 -9.67878
4.016 -0.0101775 -0.49012 -1.49318 -0.00218219 -3.3424 -10.2681
4.026 -0.000671529 -0.485119 -1.49461 -0.00634857 -3.52802 -10.8561
4.036 -0.00241213 -0.484718 -1.48561 -0.00695091 -3.71678 -11.4313
4.046 -0.00181909 -0.487234 -1.49383 -0.00585264 -3.91418 -12.0118
4.056 0.000241937 -0.482038 -1.50773 -0.00506774 -4.08762 -12.5681
4.066 -0.00557337 -0.485224 -1.4971 0.0040592 -4.25892 -13.11
4.076 -0.00607439 -0.489662 -1.49972 -0.00384004 -4.43129 -13.6398
4.086 -0.0023723 -0.485104 -1.48769 0.00556971 -4.59867 -14.16
4.096 -0.00337277 -0.483758 -1.48696 0.00595726 -4.76699 -14.6516
4.106 -0.00170472 -0.489965 -1.48247 -0.00275088 -4.91797 -15.1345
4.116 0.00154032 -0.487649 -1.49529 0.00483228 -5.06926 -15.587
4.126 0.00599076 -0.483062 -1.49184 0.00211206 -5.20098 -16.0027
4.136 -0.00189635 -0.485181 -1.49695 0.000965213 -5.33422 -16.4165
4.146 -0.00315147 -0.481311 -1.49808 -0.00563475 -5.45207 -16.79
4.156 0.0034765 -0.485893 -1.49065 -0.00207143 -5.56499 -17.1327
4.166 -0.00279985 -0.489811 -1.49046 0.00299424 -5.67049 -17.4471
4.176 0.00760435 -0.487017 -1.50533 0.000629464 -5.7586 -17.7112
4.186 0.00670382 -0.490167 -1.4881 -0.00168593 -5.83865 -17.9725
4.196 -0.0102299 -0.489667 -1.48571 0.00173581 -5.90074 -18.1836
4.206 -0.0096968 -0.480513 -1.48843 0.00663662 -5.96665 -18.3664
4.216 0.0113238 -0.482443 -1.487 0.000873034 -6.01324 -18.5071
4.226 0.00243703 -0.489304 -1.50276 0.00145258 -6.04113 -18.6166
4.236 0.00269137 -0.482072 -1.49276 -0.00328255 -6.07238 -18.6884
4.246 -0.000330614 -0.48111 -1.4951 0.00316557 -6.08258 -18.7201
4.256 0.00127319 -0.480055 -1.49223 0.00354523 -6.08059 -18.7144
4.266 0.000939371 -0.485239 -1.4968 0.00848984 -6.07353 -18.6626
4.276 -0.0106374 -0.479399 -1.49271 0.00532341 -6.0488 -18.6005
4.286 -0.00890815 -0.486016 -1.49066 0.00617672 -5.99888 -18.4733
4.296 -0.000243086 -0.486341 -1.49627 -0.00250552 -5.95442 -18.3334
4.306 -0.000847877 -0.493012 -1.48871 -0.00465739 -5.88907 -18.1504
4.316 0.00284493 -0.483492 -1.49417 0.00665506 -5.81842 -17.9242
4.326 -0.0140385 -0.484293 -1.49709 -0.00297776 -5.74696 -17.6658
4.336 -0.00947369 -0.476737 -1.48908 0.00787008 -5.64521 -17.3725
4.346 0.0045453 -0.486798 -1.49751 -0.00202815 -5.54546 -17.0758
4.356 0.00148497 -0.487246 -1.50698 0.00748635 -5.42139 -16.7105
4.366 0.00328034 -0.48533 -1.50018 -0.000760272 -5.30084 -16.3296
4.376 -0.00104055 -0.489435 -1.50363 0.00248716 -5.17071 -15.9309
4.386 -0.00369768 -0.491651 -1.49038 -0.00198472 -5.03637 -15.4946
4.396 0.00254279 -0.489791 -1.49444 -0.001895 -4.88715 -15.0455
4.406 0.00338495 -0.497943 -1.49047 -0.00156374 -4.73126 -14.5526
4.416 0.00474494 -0.485758 -1.49518 0.00645136 -4.55888 -14.0516
4.426 -0.000426851 -0.48537 -1.48983 0.010098 -4.39849 -13.5365
4.436 -0.00684882 -0.47762 -1.50178 -0.0105372 -4.22605 -12.9966
4.446 0.000951825 -0.490064 -1.48486 0.0083992 -4.05145 -12.4613
4.456 -0.00629054 -0.48126 -1.49623 0.00584535 -3.87203 -11.887
4.466 -0.00234384 -0.482474 -1.49374 0.00996902 -3.67424 -11.3169
4.476 0.00501142 -0.484901 -1.48977 0.010078 -3.48505 -10.7391
4.486 -0.0127399 -0.484584 -1.49176 -0.00807817 -3.2968 -10.1616
4.496 -0.00825609 -0.495935 -1.50557 -0.00611613 -3.10822 -9.5707
4.506 0.00721308 -0.492595 -1.48834 0.00574402 -2.91712 -8.97286
4.516 -0.00417377 -0.489078 -1.48317 0.00311555 -2.72538 -8.37971
4.526 -0.000408273 -0.48295 -1.49177 0.00414583 -2.53324 -7.80235
4.536 0.00268472 -0.486687 -1.49426 0.00792683 -2.34577 -7.22686
4.546 0.00189614 -0.475153 -1.49687 0.01128 -2.15803 -6.65199
4.556 0.00305794 -0.485966 -1.48536 -0.000805057 -1.97778 -6.09048
4.566 -0.00163716 -0.483656 -1.49532 0.000552885 -1.80644 -5.54536
4.576 0.00811226 -0.477904 -1.50103 0.00403321 -1.63154 -5.02167
4.586 -0.00335882 -0.479689 -1.49658 0.00226666 -1.45959 -4.49364
4.596 -0.00500167 -0.492391 -1.49481 -0.00140448 -1.29284 -3.99985
4.606 7.8446e-05 -0.483084 -1.49221 0.0050956 -1.15288 -3.52709
4.616 0.00556699 -0.489448 -1.49776 -0.00619996 -1.00404 -3.0703
4.626 0.00215102 -0.487322 -1.49721 -0.00473845 -0.859718 -2.65769
4.636 0.00105466 -0.486623 -1.48498 0.00535899 -0.735136 -2.24711
4.646 0.000844667 -0.478368 -1.50515 -0.00286401 -0.607974 -1.87737
4.656 -0.00519891 -0.491402 -1.49101 -0.00707454 -0.491895 -1.53804
4.666 0.0099089 -0.487789 -1.49477 0.00957614 -0.400896 -1.22117
4.676 0.00415482 -0.48327 -1.49264 0.000162044 -0.305396 -0.934388
4.686 0.00211221 -0.483675 -1.49232 -0.00857682 -0.220154 -0.690596
4.696 0.00369547 -0.490143 -1.50292 -0.00256217 -0.146065 -0.470303
4.706 -2.12512e-06 -0.480445 -1.48829 -0.00510958 -0.102833 -0.30444
4.716 0.00331358 -0.480555 -1.48131 0.00226036 -0.0577363 -0.158259
4.726 -0.0068831 -0.484301 -1.4978 0.00103398 -0.0124432 -0.0530123
4.736 -0.00669815 -0.482039 -1.48785 -0.00315464 0.00968873 0.0226158
4.746 -0.00200735 -0.487844 -1.4876 -0.00330246 0.0146138 0.0463845
4.756 -0.00496788 -0.479138 -1.49629 0.00294313 0.0125618 0.0514409
4.766 -0.00546143 -0.485032 -1.4946 -0.00123135 -0.00127892 0.012514
4.776 0.000939966 -0.47969 -1.49564 -5.82053e-06 -0.0202518 -0.067729
4.786 0.00157591 -0.490081 -1.49754 0.00384185 -0.0516942 -0.17438
4.796 -0.00250746 -0.490526 -1.48694 -0.00300585 -0.111895 -0.331536
4.806 0.00121145 -0.484196 -1.49768 0.0029768 -0.165976 -0.521813
4.816 -0.00102702 -0.489183 -1.49319 -0.00456841 -0.233492 -0.739032
4.826 0.00554363 -0.488259 -1.4876 0.00094924 -0.324916 -0.993601
4.836 -0.00107269 -0.494093 -1.50661 0.00160909 -0.403546 -1.26983
4.846 -0.00498411 -0.481945 -1.49659 -0.00371652 -0.5232 -1.60226
4.856 -0.0118818 -0.487433 -1.49248 0.00839289 -0.63218 -1.95001
4.866 0.00577372 -0.487197 -1.50207 -0.00245688 -0.754591 -2.33439
4.876 -3.1152e-06 -0.483903 -1.49207 -0.00756392 -0.902237 -2.7374
4.886 -0.00193664 -0.476958 -1.49543 0.00333135 -1.03447 -3.16222
4.896 0.00613747 -0.488383 -1.49706 -0.0032735 -1.18233 -3.62442
4.906 0.00455933 -0.483227 -1.50676 0.000660937 -1.32599 -4.09307
4.916 0.00277439 -0.482736 -1.49133 0.00390175 -1.5071 -4.60032
4.926 0.000184423 -0.486947 -1.49129 0.00313341 -1.67217 -5.12159
4.936 -0.000394902 -0.492409 -1.49103 0.00382317 -1.84331 -5.66192
4.946 -0.00330679 -0.481079 -1.49044 -0.000131984 -2.02138 -6.21095
4.956 -0.00912409 -0.486265 -1.50425 0.00495707 -2.19705 -6.76952
4.966 0.00711315 -0.482508 -1.4929 0.0031693 -2.38898 -7.34205
4.976 0.00430934 -0.498241 -1.49744 0.00976508 -2.58715 -7.91567
4.986 0.0005717 -0.483901 -1.49688 -0.00467679 -2.75703 -8.50661
4.996 0.00289211 -0.479746 -1.48657 -0.00732242 -2.95211 -9.09082
5.006 0.000190881 -0.493754 -1.48515 -0.004685 -3.14223 -9.67864
5.016 -0.00415581 -0.486009 -1.49402 0.00992161 -3.33835 -10.2739
5.026 -0.00497408 -0.482825 -1.49922 0.0050209 -3.5282 -10.8599
5.036 -0.0026273 -0.482664 -1.4933 -0.00746931 -3.72493 -11.4393
5.046 -0.00767312 -0.484 -1.49382 -0.00259998 -3.89158 -11.9959
5.056 0.000510559 -0.485566 -1.49935 0.00430701 -4.08307 -12.5651
5.066 -0.002658 -0.491688 -1.50045 -0.000730929 -4.25988 -13.1207
5.076 -0.00409822 -0.489101 -1.48855 0.00609136 -4.43285 -13.6402
5.086 0.00253631 -0.491935 -1.49252 0.00700442 -4.60205 -14.153
5.096 -0.00317171 -0.47895 -1.49647 -0.0076603 -4.7666 -14.6558
5.106 0.00110416 -0.486677 -1.48911 -0.000868635 -4.92259 -15.1265
5.116 -0.00137221 -0.476001 -1.48671 -0.0088402 -5.06056 -15.5814
5.126 -0.00897047 -0.489519 -1.49661 0.00601593 -5.20151 -16.006
5.136 -0.00307267 -0.484345 -1.49337 -0.012418 -5.33061 -16.4136
5.146 -0.00406071 -0.491111 -1.488 -0.00118839 -5.46025 -16.7905
5.156 -0.00953281 -0.48445 -1.49562 0.00941362 -5.56975 -17.1275
5.166 0.00389131 -0.487031 -1.4944 0.00198066 -5.67169 -17.4372
5.176 0.00556863 -0.487587 -1.49736 0.00204008 -5.76463 -17.711
5.186 0.00195303 -0.477478 -1.50134 0.00106139 -5.83261 -17.9659
5.196 0.0045119 -0.480609 -1.50133 0.0108233 -5.91099 -18.1748
5.206 -0.00357052 -0.476694 -1.49675 -0.0104705 -5.96911 -18.3651
5.216 -0.0100716 -0.488897 -1.49402 -0.0034125 -6.01322 -18.507
5.226 0.00085018 -0.490151 -1.50056 -0.0101032 -6.04238 -18.6117
5.236 -0.00859504 -0.487825 -1.49274 -0.00404379 -6.07053 -18.6879
5.246 -0.000223147 -0.475345 -1.49747 0.000787446 -6.08175 -18.7256
5.256 -0.000148238 -0.481825 -1.48924 -0.00166175 -6.07656 -18.7123
5.266 -0.00835227 -0.480683 -1.49987 0.00131673 -6.06835 -18.6649
5.276 0.00028984 -0.482886 -1.48736 0.00167377 -6.04347 -18.5971
5.286 0.000175729 -0.487944 -1.49624 0.00572021 -5.99971 -18.4864
5.296 -0.00592479 -0.491288 -1.49573 0.00114772 -5.94444 -18.3221
5.306 0.000562036 -0.48258 -1.50028 0.00471464 -5.89528 -18.135
5.316 0.0023391 -0.488128 -1.49865 0.00499476 -5.80983 -17.9211
5.326 -0.0129484 -0.485656 -1.4947 -0.00363476 -5.75 -17.6637
5.336 0.000301747 -0.478358 -1.49591 -0.0065927 -5.64001 -17.3793
5.346 -0.000660769 -0.483035 -1.49288 -0.00639604 -5.54623 -17.0618
5.356 0.0107753 -0.479524 -1.49497 -0.00780923 -5.43222 -16.7054
5.366 -0.000445843 -0.480874 -1.49442 -0.00547309 -5.30793 -16.3168
5.376 0.0126745 -0.484405 -1.49808 -0.00387781 -5.18053 -15.9276
5.386 0.000738154 -0.482893 -1.49868 0.00636143 -5.03639 -15.4811
5.396 0.0045684 -0.478835 -1.49012 -0.00358734 -4.88441 -15.0377
5.406 0.00151167 -0.489313 -1.4869 -0.0022604 -4.73043 -14.5646
5.416 -0.00325043 -0.473582 -1.49094 0.000275941 -4.56097 -14.06
5.426 -0.00710091 -0.488474 -1.49614 0.00158395 -4.39477 -13.5422
5.436 -0.00306034 -0.483629 -1.49586 -0.00180213 -4.22508 -13.0029
5.446 -0.00384841 -0.487941 -1.48405 -0.00138121 -4.04721 -12.4467
5.456 0.00391043 -0.485644 -1.49282 0.00483002 -3.86582 -11.8929
5.466 -0.00638209 -0.485004 -1.49035 0.00654495 -3.68162 -11.3218
5.476 0.00802129 -0.488875 -1.49456 0.000243881 -3.49493 -10.7365
5.486 -0.00165345 -0.482278 -1.48993 -0.00565767 -3.30596 -10.1491
5.496 -0.00143578 -0.479601 -1.4842 -0.00661832 -3.10883 -9.56283
5.506 -0.00563476 -0.483317 -1.49735 0.00361192 -2.91673 -8.97004
5.516 -0.00332475 -0.483644 -1.49621 0.0029845 -2.72628 -8.38289
5.526 -0.00190632 -0.481675 -1.49387 0.00132176 -2.52916 -7.79533
5.536 -0.0110814 -0.489641 -1.48778 0.00291758 -2.35034 -7.22563
5.546 -0.00184082 -0.48471 -1.49192 -0.00054757 -2.16445 -6.65087
5.556 0.00838402 -0.478708 -1.48377 0.000424571 -1.98034 -6.09402
5.566 0.00132086 -0.482742 -1.49407 -0.0031292 -1.79876 -5.54859
5.576 -0.00271155 -0.496711 -1.4871 0.00229136 -1.63422 -5.00689
5.586 0.0030119 -0.477432 -1.50011 -0.00638148 -1.46761 -4.50718
5.596 -0.00268659 -0.488707 -1.4938 -0.012073 -1.30745 -3.99802
5.606 -0.00425097 -0.479676 -1.49082 -0.00368754 -1.15195 -3.5207
5.616 0.000488332 -0.477177 -1.49555 -0.0114033 -1.00012 -3.0806
5.626 0.00374363 -0.482171 -1.49236 0.00741386 -0.859105 -2.64683
5.636 -0.00254218 -0.481802 -1.49326 6.28751e-05 -0.739097 -2.24774
5.646 0.00480045 -0.488171 -1.49185 -0.00206335 -0.609655 -1.8737
5.656 0.00168126 -0.484406 -1.48704 -0.0129728 -0.503114 -1.53715
5.666 -0.00747896 -0.487486 -1.48759 -0.00521428 -0.399323 -1.21872
5.676 0.00259404 -0.482523 -1.49334 -0.00110637 -0.297773 -0.930391
5.686 -0.0058137 -0.473249 -1.4967 -0.00432501 -0.219414 -0.702325
5.696 -0.010699 -0.493071 -1.4966 0.000534637 -0.160501 -0.48066
5.706 0.00326773 -0.489475 -1.50426 -0.00699467 -0.105948 -0.302649
5.716 -0.00433652 -0.483582 -1.48872 -0.00359408 -0.0479066 -0.153431
5.726 -0.00290181 -0.48576 -1.49893 -0.0051687 -0.0112082 -0.0544415
5.736 -0.00307502 -0.477835 -1.48483 -0.00593549 0.012988 0.0316097
5.746 0.00328281 -0.481576 -1.49494 0.000869039 0.00530433 0.0519972
5.756 -0.00451535 -0.484629 -1.49395 0.00298366 0.0143615 0.0521231
5.766 -0.000334546 -0.482478 -1.50339 0.00385199 -0.00471264 0.00410756
5.776 -0.00311834 -0.488107 -1.49384 0.00211301 -0.0282901 -0.0580398
5.786 -0.00369986 -0.479419 -1.4945 -0.00454629 -0.0591648 -0.180892
5.796 0.00010794 -0.48138 -1.4921 0.0106733 -0.111044 -0.33749
5.806 0.00209365 -0.492829 -1.48999 0.00694607 -0.163015 -0.519455
5.816 0.00207462 -0.478886 -1.49195 0.00275629 -0.235218 -0.74656
5.826 0.00144199 -0.482667 -1.50059 -3.16776e-05 -0.329956 -0.983691
5.836 -0.00552113 -0.478077 -1.49569 -0.00298941 -0.413047 -1.28603
5.846 0.00516117 -0.486264 -1.49795 0.00448366 -0.525933 -1.59504
5.856 -0.0127058 -0.484617 -1.50138 0.00298332 -0.643113 -1.95886
5.866 -0.000592055 -0.492725 -1.49743 0.00432509 -0.753331 -2.32436
5.876 0.00467299 -0.482123 -1.48743 -0.00543533 -0.891955 -2.73268
5.886 0.010305 -0.478958 -1.49673 0.00205551 -1.01716 -3.16289
5.896 -0.00210561 -0.488931 -1.49586 0.00198743 -1.18712 -3.62596
5.906 -0.00130634 -0.480259 -1.49835 -0.00307473 -1.33292 -4.10722
5.916 0.00152638 -0.472863 -1.49134 0.00268458 -1.50277 -4.59665
5.926 0.0066422 -0.479467 -1.49767 0.00456933 -1.67154 -5.13059
5.936 -0.00250057 -0.485156 -1.49506 0.00471005 -1.83927 -5.65594
5.946 0.00387648 -0.496156 -1.4877 -0.00660908 -2.01951 -6.19992
5.956 -0.00532983 -0.485342 -1.49559 -0.00640397 -2.19353 -6.76219
5.966 0.00293821 -0.485823 -1.49675 0.00893736 -2.38496 -7.33672
5.976 -0.000227538 -0.48254 -1.49681 -0.0128912 -2.57205 -7.91857
5.986 0.00256501 -0.487186 -1.49362 0.000290522 -2.75542 -8.51019
5.996 -0.00134203 -0.485468 -1.48754 0.012443 -2.95679 -9.09324
6.006 0.0028192 -0.481167 -1.49572 0.000804682 -3.15001 -9.68987
6.016 -0.00519628 -0.489362 -1.4917 0.00099975 -3.3445 -10.2776
6.026 0.00232636 -0.484176 -1.48466 0.0118108 -3.52909 -10.8616
6.036 0.00821701 -0.480828 -1.4984 -0.006335 -3.72364 -11.4366
6.046 -0.00988979 -0.483798 -1.49561 0.00534354 -3.90635 -12.004
6.056 -0.00142268 -0.483523 -1.49075 7.77408e-05 -4.09271 -12.5649
6.066 0.00680111 -0.490831 -1.49403 0.00128921 -4.2593 -13.1187
6.076 -0.00260807 -0.489391 -1.50336 0.00203958 -4.42864 -13.6439
6.086 0.0108148 -0.492338 -1.49402 -0.00136686 -4.59631 -14.1603
6.096 0.00153402 -0.486838 -1.49876 0.00182242 -4.76615 -14.6536
6.106 -0.000798514 -0.479673 -1.50513 -0.00194983 -4.91214 -15.1309
6.116 0.00752241 -0.486909 -1.50124 -0.000449741 -5.05789 -15.5755
6.126 -0.00123744 -0.491602 -1.5005 0.00718936 -5.19118 -16.016
6.136 -0.005356 -0.490485 -1.48926 0.0011921 -5.33209 -16.4179
6.146 -0.00706007 -0.493709 -1.49541 -0.0038963 -5.44851 -16.7849
6.156 -0.00789364 -0.480834 -1.49148 0.00806677 -5.56549 -17.1182
6.166 0.00130032 -0.487705 -1.49139 3.73843e-05 -5.66456 -17.4481
6.176 0.00317705 -0.485624 -1.49345 -0.00570952 -5.76117 -17.7224
6.186 -0.0052292 -0.486637 -1.49927 -0.0113246 -5.8424 -17.9747
6.196 -0.00411874 -0.476642 -1.48921 0.00457284 -5.90432 -18.1814
6.206 -0.00114079 -0.483694 -1.49649 -0.00781166 -5.9707 -18.3574
6.216 0.000133447 -0.488387 -1.49697 -0.0127165 -6.00611 -18.5021
6.226 -0.014148 -0.473829 -1.49196 -0.000576556 -6.04997 -18.6106
6.236 0.000332827 -0.482858 -1.4981 -0.00430292 -6.0775 -18.6839
6.246 0.00436522 -0.47987 -1.49748 5.83509e-06 -6.09078 -18.7102
6.256 0.00567535 -0.486136 -1.49056 -0.00325519 -6.07602 -18.7048
6.266 -0.00166451 -0.483628 -1.49504 -0.00170058 -6.0646 -18.6644
6.276 -0.000996232 -0.473727 -1.49336 0.0112186 -6.0459 -18.5943
6.286 -0.00399227 -0.486261 -1.49443 0.0107141 -6.0079 -18.4696
6.296 0.00189857 -0.493874 -1.50102 -0.00158554 -5.95224 -18.3237
6.306 -0.00347708 -0.488222 -1.48899 -0.0028346 -5.8865 -18.1397
6.316 -0.00351918 -0.484271 -1.49493 0.00633685 -5.83802 -17.9154
6.326 0.00202499 -0.487864 -1.49996 -0.00567374 -5.73314 -17.6709
6.336 0.00371051 -0.487652 -1.49395 0.00128775 -5.64105 -17.3738
6.346 0.000136414 -0.481627 -1.50085 0.000255209 -5.5468 -17.0555
6.356 0.00409831 -0.481721 -1.49278 0.00309745 -5.43033 -16.7129
6.366 0.00408227 -0.490417 -1.4821 0.00577863 -5.31272 -16.3382
6.376 -0.00584529 -0.471977 -1.49611 0.00775044 -5.17826 -15.9243
6.386 0.00175919 -0.495951 -1.48994 -0.00850548 -5.03756 -15.487
6.396 0.000828098 -0.48669 -1.49679 0.000939554 -4.89137 -15.0284
6.406 -2.79458e-05 -0.490899 -1.49381 0.00239297 -4.73281 -14.5526
6.416 -0.000531336 -0.482516 -1.49508 -0.000188775 -4.56931 -14.0517
6.426 -0.00307931 -0.479845 -1.49817 0.0112923 -4.38802 -13.5383
6.436 -0.00152636 -0.489277 -1.49356 0.00167245 -4.21984 -12.9945
6.446 -0.0080254 -0.468399 -1.49093 0.00401623 -4.04688 -12.4593
6.456 -0.00131862 -0.480426 -1.4974 -0.00400399 -3.87107 -11.8876
6.466 -0.00583935 -0.488984 -1.49673 -0.00653808 -3.67971 -11.3318
6.476 -0.000380964 -0.48635 -1.49804 0.00138144 -3.48973 -10.734
6.486 0.000602858 -0.486571 -1.49489 0.000444883 -3.30432 -10.1461
6.496 0.00522668 -0.484254 -1.49049 0.00326261 -3.10746 -9.56668
6.506 -0.00377003 -0.481012 -1.49264 0.00795566 -2.9142 -8.98162
6.516 0.00199621 -0.492937 -1.49732 0.00387504 -2.72166 -8.39093
6.526 -0.00509145 -0.485165 -1.49833 -0.00546183 -2.53722 -7.79681
6.536 0.00538778 -0.482428 -1.49138 -0.00495011 -2.35236 -7.22898
6.546 -0.00200895 -0.482081 -1.48856 1.89926e-05 -2.16484 -6.65857
6.556 -0.0060245 -0.487534 -1.49384 0.00257195 -1.97304 -6.10227
6.566 0.00710605 -0.492864 -1.49575 0.00115863 -1.80635 -5.54269
6.576 -0.0124947 -0.487849 -1.49119 0.0125067 -1.62573 -5.0118
6.586 0.00174314 -0.49089 -1.49062 -0.00734269 -1.4497 -4.50352
6.596 0.00287363 -0.484903 -1.49467 0.00140693 -1.30432 -4.01091
6.606 0.00732619 -0.482981 -1.49751 0.00578678 -1.14326 -3.53484
6.616 0.00175116 -0.486241 -1.50068 -0.00169553 -1.0075 -3.08285
6.626 -0.000527686 -0.485132 -1.48843 0.00279342 -0.860742 -2.65478
6.636 -0.00294559 -0.476973 -1.49555 -0.00354493 -0.739719 -2.245
6.646 -0.00339897 -0.488285 -1.49657 0.00989331 -0.612157 -1.86476
6.656 0.000973212 -0.488145 -1.5011 -0.00100585 -0.491323 -1.52816
6.666 0.00980976 -0.482024 -1.48874 -0.00768384 -0.391934 -1.22015
6.676 -0.00132937 -0.490888 -1.49268 0.00486468 -0.303005 -0.947455
6.686 0.00505468 -0.490927 -1.48797 0.00165716 -0.232727 -0.686156
6.696 -0.000951814 -0.483748 -1.49368 0.00356792 -0.157744 -0.474214
6.706 0.00626267 -0.49243 -1.49061 -0.00281313 -0.093956 -0.302789
6.716 -0.00232551 -0.488673 -1.49074 -0.00257406 -0.0529812 -0.163501
6.726 0.00440008 -0.493801 -1.49273 0.00657061 -0.0245537 -0.0519044
6.736 0.00396003 -0.48389 -1.48265 -0.0019816 0.0128891 0.029635
6.746 -0.0117958 -0.490707 -1.49675 0.00261256 0.0156602 0.0498285
6.756 -0.00711125 -0.491245 -1.48681 0.00648075 0.0191897 0.0462144
6.766 0.00760678 -0.480271 -1.49261 0.00115075 -0.0088798 0.0087826
6.776 0.00120203 -0.494345 -1.49392 -0.00627144 -0.0225122 -0.0721379
6.786 -0.00287315 -0.486525 -1.48771 -0.00688214 -0.0638032 -0.183773
6.796 -0.00213434 -0.4957 -1.48461 0.00401914 -0.105701 -0.327413
6.806 -0.00334369 -0.487428 -1.49412 0.00913262 -0.170434 -0.518288
6.816 -0.00210255 -0.481118 -1.49557 0.0112818 -0.242585 -0.731312
6.826 0.00259123 -0.487408 -1.49181 0.000186495 -0.319442 -0.995593
6.836 0.00284396 -0.489509 -1.49556 0.0031097 -0.418571 -1.28343
6.846 -0.00296717 -0.486762 -1.49978 -0.00885104 -0.514571 -1.59575
6.856 -0.00889597 -0.493303 -1.50226 -0.000310348 -0.637963 -1.95092
6.866 0.00659637 -0.482285 -1.49246 -0.000499392 -0.753275 -2.32504
6.876 0.00733569 -0.484068 -1.49747 0.00236276 -0.884195 -2.73661
6.886 -0.00284226 -0.484422 -1.4934 0.00679236 -1.0332 -3.16624
6.896 0.00126247 -0.488701 -1.48893 -0.00384747 -1.17737 -3.61595
6.906 0.00343122 -0.487389 -1.49051 0.00140813 -1.33649 -4.09674
6.916 0.000188476 -0.487039 -1.48544 -0.00682256 -1.49307 -4.60188
6.926 0.00378342 -0.476658 -1.49229 -0.00811025 -1.64885 -5.12142
6.936 0.00609865 -0.484385 -1.48666 0.00035338 -1.83978 -5.64673
6.946 0.00461561 -0.485 -1.50068 -0.00599935 -2.01407 -6.20514
6.956 0.00329144 -0.48922 -1.50052 0.000958587 -2.19997 -6.7794
6.966 -0.00284658 -0.487515 -1.50069 -0.0084762 -2.37597 -7.33862
6.976 0.00873299 -0.481771 -1.49454 -0.00272619 -2.57697 -7.92502
6.986 -0.00330743 -0.490202 -1.4995 -0.00238151 -2.76957 -8.50894
6.996 -0.00371527 -0.48162 -1.48842 -0.00302395 -2.95587 -9.09204
7.006 0.00274824 -0.481302 -1.49215 -0.00106423 -3.14044 -9.68963
7.016 -0.00240018 -0.48456 -1.4936 -0.0103022 -3.33194 -10.269
7.026 0.00711559 -0.488461 -1.4931 0.00110997 -3.53231 -10.8497
7.036 -0.0137877 -0.485437 -1.49393 0.00466823 -3.71494 -11.4294
7.046 0.00538094 -0.486341 -1.48207 -0.00851501 -3.89183 -12.0075
7.056 0.00746173 -0.483949 -1.48916 -0.00101302 -4.0827 -12.566
7.066 0.00542237 -0.483413 -1.4949 -0.000930961 -4.2666 -13.1111
7.076 -0.000843934 -0.480666 -1.49525 0.00495036 -4.42733 -13.6323
7.086 -0.00446069 -0.487404 -1.48782 0.00550838 -4.59928 -14.156
7.096 -0.012322 -0.484771 -1.49407 -0.00409485 -4.7666 -14.6536
7.106 -0.00710161 -0.481053 -1.49506 -0.00103185 -4.92084 -15.1274
7.116 0.00142945 -0.488287 -1.50045 -0.00491994 -5.06419 -15.5857
7.126 -0.00563368 -0.481856 -1.50209 0.000633453 -5.20077 -16.0078
7.136 -0.000586418 -0.485412 -1.49559 -0.00875547 -5.33218 -16.4129
7.146 0.00264965 -0.485709 -1.49671 0.00611608 -5.44922 -16.7766
7.156 -0.000888956 -0.478038 -1.49573 -0.00200221 -5.56141 -17.1244
7.166 0.00538426 -0.479352 -1.49282 -0.00828778 -5.66089 -17.4324
7.176 -0.00226561 -0.484485 -1.49545 0.0092447 -5.75744 -17.7186
7.186 -0.00617345 -0.486136 -1.49142 0.00947794 -5.84043 -17.9654
7.196 0.00694951 -0.482694 -1.48207 -0.00777167 -5.91027 -18.1773
7.206 0.00241994 -0.482289 -1.50021 0.00223583 -5.97123 -18.3546
7.216 -0.000877781 -0.480603 -1.49543 -0.000227727 -6.017 -18.5077
7.226 -0.0020629 -0.496331 -1.49559 0.00159429 -6.05003 -18.6149
7.236 -0.00300721 -0.490849 -1.49137 -0.00813719 -6.07217 -18.6763
7.246 0.0010885 -0.481211 -1.48897 0.00630788 -6.09225 -18.7147
7.256 -0.00836938 -0.485197 -1.49556 0.00148576 -6.07865 -18.7104
7.266 0.00215296 -0.489191 -1.49584 -0.00317807 -6.07221 -18.6751
7.276 0.00246517 -0.49265 -1.50231 -0.00323157 -6.04543 -18.5968
7.286 0.000196658 -0.481035 -1.49484 -0.000979095 -6.00155 -18.4648
7.296 -0.000162463 -0.479728 -1.4987 0.00593755 -5.95932 -18.3155
7.306 0.00538375 -0.485886 -1.4893 0.00738215 -5.88969 -18.1453
7.316 3.37429e-05 -0.48427 -1.50272 -0.00199419 -5.82801 -17.9194
7.326 -0.00671455 -0.493267 -1.49924 -0.00133693 -5.74539 -17.6676
7.336 0.00556343 -0.492466 -1.4976 -0.00333621 -5.64527 -17.3791
7.346 0.000294844 -0.481387 -1.50499 -0.00227714 -5.54766 -17.0615
7.356 0.00206886 -0.487155 -1.49049 0.00658659 -5.43492 -16.7109
7.366 0.000538186 -0.492483 -1.4953 0.0105227 -5.31268 -16.3345
7.376 0.000594937 -0.489013 -1.49845 0.00428886 -5.17427 -15.9143
7.386 0.000576289 -0.483679 -1.49577 -0.00466151 -5.02535 -15.4891
7.396 0.00482364 -0.485904 -1.49256 0.00522112 -4.88646 -15.0392
7.406 0.000372857 -0.487512 -1.49472 -0.000677075 -4.73192 -14.5564
7.416 0.00509404 -0.486729 -1.49926 -0.0070856 -4.5627 -14.0596
7.426 0.00387083 -0.491814 -1.50014 -0.000372388 -4.40236 -13.524
7.436 0.00690731 -0.481244 -1.4954 0.000134975 -4.23079 -13.0015
7.446 0.00254245 -0.487372 -1.49467 -0.00129876 -4.04713 -12.4502
7.456 -0.000446921 -0.4876 -1.4907 0.00231527 -3.86491 -11.8942
7.466 0.00419857 -0.487614 -1.48627 0.00471859 -3.67552 -11.3131
7.476 0.00371344 -0.476221 -1.49846 -0.00291414 -3.49446 -10.7428
7.486 0.00560739 -0.481085 -1.48716 -0.00119947 -3.29348 -10.1541
7.496 -0.00483159 -0.494253 -1.49517 -0.0064584 -3.09706 -9.56585
7.506 0.00777283 -0.495522 -1.49947 -0.00857483 -2.91672 -8.97595
7.516 -0.000615827 -0.483756 -1.49572 0.00294867 -2.71883 -8.39027
7.526 0.00145065 -0.484008 -1.49482 -0.00474316 -2.54053 -7.80285
7.536 -0.00308265 -0.492578 -1.49699 -0.00462629 -2.34726 -7.21879
7.546 0.00416226 -0.490202 -1.50073 0.000881633 -2.14998 -6.64378
7.556 -0.000833265 -0.479699 -1.49326 -0.00483756 -1.97488 -6.10269
7.566 0.00355707 -0.481078 -1.49622 0.00263657 -1.80437 -5.55119
7.576 -0.0132986 -0.486715 -1.49662 -0.00433194 -1.62194 -5.01982
7.586 -0.00313039 -0.482946 -1.48946 -0.00608705 -1.46431 -4.50744
7.596 -0.00797258 -0.482116 -1.49585 -0.00221403 -1.3079 -3.99906
7.606 -0.00146454 -0.482201 -1.49205 -0.00226823 -1.15229 -3.5218
7.616 -0.00580728 -0.489141 -1.49229 0.000205194 -0.994218 -3.08289
7.626 0.00176105 -0.48295 -1.4966 0.00364536 -0.856223 -2.6527
7.636 0.00473407 -0.493856 -1.49656 0.00192168 -0.726583 -2.24847
7.646 -0.0066612 -0.482235 -1.49498 0.0039887 -0.602232 -1.87872
7.656 0.00231771 -0.483293 -1.4926 -0.000258395 -0.492567 -1.53177
7.666 -0.00488046 -0.485151 -1.49635 0.00223991 -0.40002 -1.22204
7.676 -0.00196144 -0.484946 -1.49596 0.00557521 -0.305012 -0.937915
7.686 0.00619236 -0.489791 -1.49712 -3.20476e-05 -0.217249 -0.690968
7.696 -0.00172848 -0.478621 -1.49426 0.00436272 -0.152537 -0.470104
7.706 0.00882967 -0.500152 -1.49929 0.0125165 -0.107126 -0.301332
7.716 -0.00228689 -0.48018 -1.49186 0.0035394 -0.0517 -0.150277
7.726 0.00202574 -0.487843 -1.4927 0.00602784 -0.0112933 -0.0398613
7.736 -0.00532732 -0.482134 -1.49021 0.0026921 0.0153127 0.0171089
7.746 -0.000623047 -0.483854 -1.49175 0.000929633 0.0176012 0.0497549
7.756 -0.00563358 -0.47354 -1.49878 -0.00501614 0.0181861 0.0541447
7.766 -0.000677524 -0.484276 -1.49963 0.000458151 -0.000820979 0.013708
7.776 0.00019795 -0.490866 -1.48392 -0.000254924 -0.021131 -0.0663225
7.786 -0.00490006 -0.485462 -1.4955 -0.00117057 -0.0657057 -0.181244
7.796 0.00240834 -0.480528 -1.50069 0.00417895 -0.109586 -0.323793
7.806 0.00401444 -0.494617 -1.48655 -0.00123801 -0.176193 -0.512693
7.816 0.00414393 -0.487192 -1.49472 0.000564632 -0.238001 -0.73386
7.826 -0.00194539 -0.486631 -1.49555 0.0142349 -0.331816 -0.982516
7.836 0.000948961 -0.483646 -1.49288 0.00385149 -0.409582 -1.28245
7.846 -0.00425431 -0.484962 -1.48963 0.00829437 -0.519794 -1.59625
7.856 -0.00677312 -0.490574 -1.4937 -0.000298668 -0.636696 -1.94693
7.866 0.00115475 -0.494355 -1.48511 0.000203932 -0.754616 -2.33467
7.876 0.00207909 -0.497706 -1.49857 -0.00756471 -0.895004 -2.72057
7.886 0.0026358 -0.486178 -1.48888 0.0053518 -1.02945 -3.16602
7.896 -0.00406144 -0.486334 -1.49787 -0.0103725 -1.18078 -3.6144
7.906 -0.00382881 -0.483616 -1.49973 0.010404 -1.33963 -4.11184
7.916 0.0063289 -0.484968 -1.49397 0.00489055 -1.49369 -4.60333
7.926 0.00434665 -0.488405 -1.48884 0.00953614 -1.65703 -5.12599
7.936 -0.00457152 -0.484417 -1.49692 -0.00102637 -1.84272 -5.65223
7.946 0.00132458 -0.491635 -1.49191 0.00940486 -2.01699 -6.21065
7.956 -0.00375131 -0.487765 -1.4882 0.00157713 -2.19422 -6.75826
7.966 7.06178e-05 -0.489873 -1.50565 0.00957142 -2.38939 -7.34112
7.976 0.00118718 -0.472063 -1.48876 0.00261378 -2.57243 -7.91613
7.986 -0.00297174 -0.484623 -1.49519 -0.00247495 -2.76717 -8.50134
7.996 0.00708117 -0.490509 -1.48733 0.000642738 -2.95488 -9.0919
8.007 -0.00214478 -0.484334 -1.50153 0.00187926 -3.16319 -9.74476
8.018 -0.00548866 -0.490089 -1.49193 -0.00285694 -3.37963 -10.3931
8.029 -0.00624247 -0.488377 -1.4952 -0.00232868 -3.57701 -11.0314
8.04 0.00392068 -0.485859 -1.49475 0.00134229 -3.78731 -11.6575
8.051 0.00499383 -0.495101 -1.50206 -0.00744356 -3.99622 -12.2815
8.062 0.000755273 -0.48487 -1.49051 -0.00104499 -4.19093 -12.896
8.073 0.00150017 -0.489225 -1.49228 -0.00345483 -4.37611 -13.4932
8.084 0.00282993 -0.487616 -1.49092 0.00294971 -4.57124 -14.0597
8.095 0.0065645 -0.48286 -1.49553 -0.00846356 -4.74578 -14.6029
8.106 -0.00192926 -0.484964 -1.50025 -0.000514605 -4.90518 -15.1263
8.117 0.00142605 -0.483658 -1.49595 -0.00789629 -5.07635 -15.6317
8.128 -0.00761699 -0.486125 -1.49306 0.000454177 -5.22293 -16.0968
8.139 0.002509 -0.489737 -1.4926 -0.00410385 -5.36644 -16.5278
8.15 0.00170729 -0.492169 -1.49252 0.00916754 -5.49192 -16.9251
8.161 -0.000778653 -0.483533 -1.49129 0.00362977 -5.61378 -17.2794
8.172 0.00471498 -0.490106 -1.49454 0.000698126 -5.72072 -17.6112
8.183 0.00750838 -0.483258 -1.48939 -0.0106082 -5.81165 -17.9027
8.194 -0.00737926 -0.490571 -1.49311 0.00435197 -5.8893 -18.1471
8.205 0.0141704 -0.485774 -1.49613 -0.00562201 -5.97434 -18.3417
8.216 0.0052969 -0.482316 -1.48752 -0.00552729 -6.01423 -18.5039
8.227 -0.00368251 -0.488176 -1.49027 -0.00720097 -6.04456 -18.613
8.238 -0.00234097 -0.496227 -1.48894 -0.00562916 -6.07403 -18.6866
8.249 -0.00417664 -0.493598 -1.48659 -0.00054193 -6.07835 -18.7087
8.26 0.000243895 -0.487169 -1.48267 0.00333775 -6.06781 -18.6942
8.271 -0.00206334 -0.484617 -1.49707 0.000113737 -6.05471 -18.6347
8.282 0.00699994 -0.478068 -1.49754 0.00247997 -6.01935 -18.5268
8.293 -0.0037256 -0.490427 -1.49482 -0.00336554 -5.9719 -18.3755
8.304 -0.0110056 -0.479482 -1.48572 0.00165539 -5.91257 -18.1815
8.315 -0.00294544 -0.493431 -1.49367 0.00163377 -5.82204 -17.9457
8.326 -0.0011774 -0.493431 -1.49692 -0.00181305 -5.74154 -17.6651
8.337 -0.00865261 -0.489549 -1.49582 0.0033215 -5.63574 -17.3437
8.348 0.00392662 -0.479467 -1.50761 -0.00579179 -5.52939 -16.9871
8.359 -0.0113877 -0.480526 -1.48997 -0.000526931 -5.3967 -16.5951
8.37 1.18526e-06 -0.489932 -1.49245 0.00531337 -5.25668 -16.1705
8.381 0.00498273 -0.486578 -1.49846 0.00573413 -5.11234 -15.7113
8.392 0.00194247 -0.494376 -1.49237 0.00678883 -4.94443 -15.2246
8.403 0.00342794 -0.487877 -1.49603 -3.68003e-05 -4.78004 -14.7085
8.414 -0.00446242 -0.486083 -1.50858 0.000745514 -4.60911 -14.1632
8.425 0.00114712 -0.487769 -1.49839 0.00671172 -4.41012 -13.5883
8.436 0.00130195 -0.488946 -1.49514 0.000945519 -4.22778 -12.993
8.447 0.00114415 -0.480207 -1.4976 -0.00189616 -4.03354 -12.4072
8.458 0.00302842 -0.480133 -1.49825 0.00475446 -3.83262 -11.7733
8.469 0.00102153 -0.489332 -1.49203 -0.000411634 -3.61698 -11.1441
8.48 0.00430637 -0.493892 -1.49576 -0.0103521 -3.42155 -10.5077
8.491 -0.00472412 -0.481006 -1.50335 -0.000457046 -3.20441 -9.86799
8.502 -0.00370181 -0.481746 -1.49618 0.00479309 -3.001 -9.21332
8.513 0.0024761 -0.490781 -1.49735 -0.0091317 -2.777 -8.57159
8.524 -0.0033485 -0.481552 -1.4952 0.00167127 -2.57153 -7.92041
8.535 -0.00786506 -0.489376 -1.50053 -0.00690411 -2.3642 -7.28386
8.546 -0.000667404 -0.490779 -1.49858 -0.00138671 -2.14912 -6.65677
8.557 -0.00197172 -0.48153 -1.50215 -0.00185903 -1.96085 -6.02467
8.568 -0.00214457 -0.482684 -1.49263 -0.00112028 -1.76637 -5.4388
8.579 -0.000174795 -0.483117 -1.48768 -0.00376597 -1.57561 -4.85828
8.59 0.00284183 -0.495726 -1.49277 0.0115925 -1.39728 -4.30795
8.601 -0.00273066 -0.490567 -1.49767 -0.000803365 -1.23245 -3.761
8.612 -0.000253861 -0.482891 -1.49347 -0.00164515 -1.05593 -3.25153
8.623 -0.00379005 -0.488988 -1.4913 -0.00383711 -0.89726 -2.77751
8.634 -0.00292478 -0.485153 -1.49474 -0.000187612 -0.754111 -2.32876
8.645 0.00524207 -0.478798 -1.50029 0.00828689 -0.630219 -1.91513
8.656 -0.00610289 -0.482369 -1.49565 0.000344059 -0.501775 -1.54784
8.667 0.000641036 -0.483179 -1.4912 -0.00153284 -0.389285 -1.18478
8.678 0.00382388 -0.482816 -1.49309 0.00259581 -0.29205 -0.88574
8.689 0.000184397 -0.485411 -1.49279 0.00329923 -0.195678 -0.619303
8.7 -0.00202098 -0.493179 -1.49285 -0.000118857 -0.140595 -0.398309
8.711 -0.000680823 -0.494959 -1.48915 -0.00390258 -0.0663939 -0.223783
8.722 0.00436593 -0.487942 -1.48603 0.00219425 -0.0307157 -0.0857341
8.733 -0.00435685 -0.490777 -1.48827 0.00419244 0.00689321 0.0090688
8.744 -0.0012006 -0.485914 -1.49632 -0.00251936 0.0164558 0.0477269
8.755 0.000291616 -0.486783 -1.50435 0.000259118 0.0149781 0.0589924
8.766 -0.00797784 -0.483216 -1.49587 0.000765475 -0.00253482 0.0119881
8.777 -0.00897316 -0.483517 -1.49903 0.00571723 -0.0306851 -0.080411
8.788 -0.00549364 -0.482765 -1.48613 -0.00196771 -0.0676612 -0.205481
8.799 0.00807326 -0.489248 -1.49604 -0.00908093 -0.122727 -0.384232
8.81 0.00821316 -0.494213 -1.5021 0.00423314 -0.189643 -0.607448
8.821 -0.00155532 -0.485784 -1.49862 0.00224712 -0.280329 -0.863047
8.832 -0.00486908 -0.485031 -1.49372 0.00110941 -0.379963 -1.16232
8.843 -0.00506337 -0.48596 -1.49284 0.00517262 -0.487258 -1.49596
8.854 0.00487742 -0.484576 -1.49137 -0.0128284 -0.611559 -1.87182
8.865 -0.00892567 -0.48035 -1.48866 -0.00395921 -0.741804 -2.29127
8.876 -0.000419221 -0.488953 -1.49986 -0.001049 -0.891983 -2.73997
8.887 0.00645238 -0.483262 -1.48612 0.00877661 -1.04535 -3.20824
8.898 -0.000401222 -0.488251 -1.49455 0.00075882 -1.21336 -3.71622
8.909 -0.000765134 -0.481758 -1.49783 0.00336521 -1.3779 -4.25931
8.92 -0.00631432 -0.485522 -1.49022 -0.00341137 -1.56137 -4.8076
8.931 0.00272521 -0.489915 -1.49616 0.00219798 -1.75226 -5.38195
8.942 0.00060422 -0.482382 -1.48579 0.00394875 -1.94454 -5.97574
8.953 0.0024874 -0.492135 -1.49757 -0.000193864 -2.14813 -6.59822
8.964 0.00445464 -0.490385 -1.4886 0.00728395 -2.35643 -7.22794
8.975 -0.00584123 -0.479463 -1.4997 0.00579538 -2.55164 -7.86285
8.986 0.0123838 -0.482022 -1.49586 0.00473468 -2.76552 -8.50983
8.997 0.00383607 -0.477529 -1.49234 -0.00684514 -2.97397 -9.15341
9.008 5.83018e-05 -0.483841 -1.49312 -0.00140569 -3.187 -9.78985
9.019 -0.00227159 -0.486763 -1.49819 -0.0031022 -3.39242 -10.4388
9.03 0.00486572 -0.489492 -1.49527 -0.00498722 -3.60152 -11.0879
9.041 0.00985351 -0.478343 -1.48486 0.00285641 -3.80142 -11.7179
9.052 -0.00835105 -0.486288 -1.49127 0.00287603 -4.00669 -12.3433
9.063 0.00600514 -0.485737 -1.49035 -0.000346353 -4.21133 -12.9564
9.074 -0.00247187 -0.488434 -1.49772 -0.00646421 -4.39879 -13.5381
9.085 -0.000125199 -0.48247 -1.5007 0.000116204 -4.58518 -14.1076
9.096 -0.00458413 -0.489959 -1.4925 -0.00336894 -4.76312 -14.6564
9.107 -0.000974973 -0.487367 -1.49679 0.00641494 -4.92803 -15.1681
9.118 0.00727706 -0.487603 -1.49916 -0.00682127 -5.0974 -15.6735
9.129 0.00295888 -0.487185 -1.49374 0.007879 -5.25116 -16.1296
9.14 -0.00226514 -0.491458 -1.49409 0.00538997 -5.3861 -16.5717
9.151 -0.00490947 -0.493429 -1.50219 -0.0129799 -5.50741 -16.9573
9.162 -0.00792123 -0.48221 -1.49273 0.00645335 -5.62386 -17.3162
9.173 0.00417082 -0.486056 -1.49148 0.00783983 -5.72878 -17.6432
9.184 -0.00100923 -0.494121 -1.48987 0.00539971 -5.81816 -17.9261
9.195 -0.00118687 -0.489059 -1.49853 -0.00631657 -5.90021 -18.1638
9.206 0.000444819 -0.480284 -1.49399 -0.000119364 -5.96364 -18.3591
9.217 0.0086461 -0.496114 -1.49405 -0.00155012 -6.01661 -18.5126
9.228 0.00213465 -0.487029 -1.49625 -0.00747332 -6.05088 -18.6257
9.239 0.00259779 -0.488636 -1.49136 -0.0013872 -6.0777 -18.6941
9.25 0.00116238 -0.479209 -1.49335 -0.000850966 -6.07067 -18.7223
9.261 -0.00184615 -0.485225 -1.50007 -0.00762229 -6.07362 -18.6913
9.272 0.00318991 -0.488833 -1.49522 0.00486642 -6.04443 -18.623
9.283 -0.00470537 -0.490598 -1.48256 -0.00531817 -6.02542 -18.5207
9.294 0.00313806 -0.488653 -1.49343 0.00455027 -5.95376 -18.3602
9.305 0.00361596 -0.487598 -1.49694 0.000558213 -5.89882 -18.1656
9.316 0.00489373 -0.485868 -1.49219 -0.00370488 -5.82045 -17.9164
9.327 -0.00206565 -0.474006 -1.49923 -0.00848985 -5.73576 -17.6357
9.338 0.00234636 -0.497646 -1.48679 0.00532242 -5.62263 -17.3164
9.349 0.00914837 -0.48672 -1.49723 -0.00659261 -5.512 -16.9619
9.36 -4.544e-05 -0.47796 -1.49395 0.00142221 -5.37591 -16.5567
9.371 -0.00356542 -0.476118 -1.50193 0.00446352 -5.24075 -16.1332
9.382 0.00343154 -0.484183 -1.49303 -0.00468501 -5.08197 -15.6716
9.393 0.00168876 -0.470989 -1.49861 -0.00918432 -4.92584 -15.1803
9.404 0.00494978 -0.483322 -1.49837 0.00763083 -4.75691 -14.6509
9.415 0.00701674 -0.480896 -1.4916 0.00221769 -4.58189 -14.1067
9.426 -0.00732188 -0.482258 -1.49808 -0.00361426 -4.399 -13.5368
9.437 -0.00730706 -0.492045 -1.50133 -0.000351869 -4.20757 -12.9399
9.448 0.00547033 -0.489083 -1.49188 -0.00838128 -4.0029 -12.3398
9.459 0.00324451 -0.486687 -1.49928 0.00345599 -3.80942 -11.7167
9.47 0.0137334 -0.487236 -1.49556 0.00201877 -3.60322 -11.084
9.481 0.00476545 -0.47935 -1.49857 0.00513969 -3.39546 -10.4461
9.492 -0.00307925 -0.481329 -1.49326 -0.0108944 -3.1864 -9.79869
9.503 -0.000892378 -0.491317 -1.48249 -0.003254 -2.97538 -9.15838
9.514 0.0032948 -0.482381 -1.49273 0.0093566 -2.76722 -8.49855
9.525 0.00659402 -0.489981 -1.48826 -0.00601529 -2.55563 -7.86381
9.536 -0.00483031 -0.480512 -1.4962 -0.00839653 -2.3561 -7.23204
9.547 -0.000578439 -0.493292 -1.49526 -0.00387129 -2.14296 -6.5837
9.558 0.00351035 -0.489455 -1.49512 0.0109656 -1.9417 -5.98178
9.569 -0.00396626 -0.48637 -1.48517 -0.0034235 -1.75342 -5.38003
9.58 -0.0054395 -0.494928 -1.50022 -0.00131049 -1.56221 -4.80499
9.591 -0.00468921 -0.494509 -1.4933 0.0026411 -1.38257 -4.25012
9.602 0.00706867 -0.478623 -1.49981 0.00169031 -1.20893 -3.72257
9.613 -0.00589484 -0.486876 -1.49983 -0.00268656 -1.03765 -3.21074
9.624 0.0023861 -0.487867 -1.49408 -0.00203301 -0.888787 -2.73655
9.635 0.00276522 -0.492244 -1.49094 -0.00661088 -0.74641 -2.28577
9.646 -0.0111482 -0.487074 -1.49096 -0.00363297 -0.60083 -1.87198
9.657 0.00430316 -0.484194 -1.49192 -0.00123479 -0.487608 -1.49576
9.668 0.000625949 -0.484279 -1.49522 0.00085147 -0.37158 -1.16144
9.679 0.00860972 -0.487482 -1.48836 0.00178759 -0.276588 -0.869308
9.69 0.00332862 -0.486812 -1.493 -0.00606451 -0.197129 -0.601608
9.701 0.000858159 -0.488232 -1.48999 -0.00330979 -0.133507 -0.388426
9.712 -0.00093814 -0.491442 -1.4927 0.00142639 -0.0710994 -0.205753
9.723 0.00521833 -0.487803 -1.4917 -0.00196735 -0.0211789 -0.0778536
9.734 0.000449285 -0.486426 -1.48812 0.00168763 0.00612927 0.0109157
9.745 0.00170688 -0.488114 -1.49429 -0.00447753 0.00968782 0.0629387
9.756 0.00526489 -0.481629 -1.49376 -0.00392338 0.0212872 0.0557405
9.767 -0.00553482 -0.488407 -1.49096 -0.00541708 0.00154403 0.00426985
9.778 -0.00480671 -0.493703 -1.49536 -0.00591484 -0.029769 -0.0904554
9.789 -0.00146048 -0.483695 -1.49055 -0.00360454 -0.0721635 -0.22036
9.8 0.000139597 -0.478537 -1.49731 -0.0063488 -0.127463 -0.407599
9.811 -0.00409853 -0.481795 -1.48928 0.00617164 -0.205203 -0.621274
9.822 -0.00226659 -0.478426 -1.48647 -0.00105781 -0.286522 -0.887253
9.833 0.000236482 -0.491172 -1.495 -0.00196526 -0.38932 -1.19714
9.844 -0.00215089 -0.48116 -1.49881 -0.000940067 -0.494765 -1.53573
9.855 -0.00511763 -0.484908 -1.49184 0.00401903 -0.621824 -1.91939
9.866 -0.00585064 -0.489932 -1.49299 -0.000541094 -0.762167 -2.3286
9.877 -0.00470572 -0.485762 -1.49757 -0.000859021 -0.903797 -2.78259
9.888 0.00462916 -0.490999 -1.48776 0.0108172 -1.06108 -3.25536
9.899 -0.00154796 -0.487766 -1.48918 -0.00810683 -1.21841 -3.76616
9.91 -0.00212695 -0.487775 -1.49569 0.000675468 -1.38872 -4.29234
9.921 -0.00986041 -0.484965 -1.49339 0.000876073 -1.58283 -4.86237
9.932 0.00447853 -0.48869 -1.50164 0.0113099 -1.76614 -5.44285
9.943 -0.00952858 -0.480376 -1.49033 0.00159518 -1.95356 -6.03227
