0 -0.00453357 -0.489595 -1.49463 0.00877109 -3.03593 -9.32708
0.01 -0.00340629 -0.486314 -1.49356 0.00446069 -3.21713 -9.91346
0.02 -0.0011477 -0.484332 -1.49431 -0.00572609 -3.42125 -10.5136
0.03 -0.00324914 -0.486487 -1.48518 -0.000272905 -3.60543 -11.0837
0.04 0.00127354 -0.477084 -1.50146 0.00710888 -3.79627 -11.6623
0.05 0.00148793 -0.477517 -1.49362 -0.00344247 -3.97708 -12.2246
0.06 -0.00693188 -0.482803 -1.48512 -0.00587683 -4.15333 -12.7828
0.07 -0.00203137 -0.483092 -1.4939 -0.00295693 -4.33507 -13.3313
0.08 0.00808231 -0.480364 -1.49585 -0.00221189 -4.50042 -13.853
0.09 -0.0075899 -0.482203 -1.49265 -0.00456339 -4.66845 -14.3515
0.1 0.00422904 -0.483857 -1.48775 -0.00617944 -4.82277 -14.8457
0.11 -0.00799154 -0.48159 -1.4863 -0.00107729 -4.97793 -15.3105
0.12 0.00283649 -0.484224 -1.4994 0.00137018 -5.12116 -15.7548
0.131 -0.00331874 -0.477738 -1.50557 0.0062536 -5.27031 -16.2095
0.141 -0.000589203 -0.487903 -1.49448 0.00509584 -5.39409 -16.6005
0.151 0.00392848 -0.482025 -1.48994 0.00881416 -5.51432 -16.962
0.161 0.00113565 -0.480737 -1.49127 -0.00107369 -5.62007 -17.2884
0.171 -0.00525489 -0.484548 -1.5053 -0.0100866 -5.71654 -17.5771
0.181 -0.000860026 -0.48252 -1.50071 -0.000924365 -5.79245 -17.8483
0.191 0.000600695 -0.481707 -1.48933 -0.00414626 -5.87131 -18.0779
0.201 0.00207826 -0.485029 -1.50169 0.00539603 -5.93248 -18.2709
0.211 0.00440048 -0.491414 -1.49316 0.00271947 -5.99413 -18.4434
0.221 0.00541592 -0.487047 -1.49452 -0.00551845 -6.0404 -18.5553
0.231 0.000565147 -0.491658 -1.48912 -0.00486113 -6.06776 -18.6458
0.241 -0.000364665 -0.48271 -1.49313 0.00694319 -6.07231 -18.7036
0.252 0.00762894 -0.486956 -1.49466 -0.00890035 -6.08075 -18.7146
0.262 0.00542032 -0.490286 -1.49497 0.00874164 -6.06833 -18.6874
0.272 -0.000659166 -0.482697 -1.49293 0.0037765 -6.05121 -18.624
0.282 -0.00609497 -0.486937 -1.49502 0.00165538 -6.01474 -18.524
0.292 0.00205979 -0.489019 -1.50073 0.0166978 -5.97143 -18.3953
0.302 0.00298234 -0.490703 -1.49967 0.000172388 -5.91868 -18.219
0.312 0.0015392 -0.483271 -1.49452 0.00515195 -5.85542 -18.0104
0.322 -0.00302957 -0.49054 -1.49395 -0.00272472 -5.77722 -17.7703
0.332 -0.00498694 -0.473746 -1.48744 0.0021011 -5.68337 -17.5018
0.342 -0.00969429 -0.485565 -1.49014 -0.00430454 -5.58651 -17.1899
0.352 -0.00247374 -0.492916 -1.48791 -0.00253397 -5.47737 -16.8536
0.362 -0.0069089 -0.484562 -1.49708 0.00384373 -5.35995 -16.4871
0.372 0.00260345 -0.489651 -1.48473 0.0018955 -5.23142 -16.0895
0.382 -0.00603094 -0.481311 -1.49088 -0.00167614 -5.10214 -15.6602
0.392 0.00114972 -0.482176 -1.49358 -0.00313033 -4.9473 -15.2177
0.402 0.010421 -0.487083 -1.48321 0.000528688 -4.78961 -14.7504
0.412 0.00401523 -0.485666 -1.4866 -0.000958518 -4.63217 -14.2607
0.422 0.00175422 -0.48864 -1.49169 -0.00238312 -4.46781 -13.7576
0.432 -0.00340143 -0.481394 -1.49668 0.00054134 -4.29507 -13.2185
0.442 -0.00154027 -0.482174 -1.50124 -0.00339568 -4.11591 -12.6766
0.452 -0.000329147 -0.490995 -1.50743 0.00195425 -3.94515 -12.1167
0.462 0.00212795 -0.481478 -1.48767 -0.00661445 -3.75243 -11.5577
0.472 0.00431836 -0.481066 -1.48639 -0.00303298 -3.55695 -10.9753
0.482 -0.00789095 -0.483675 -1.49639 -0.0012476 -3.3776 -10.3858
0.492 0.00509402 -0.479444 -1.49215 0.00674682 -3.19054 -9.79609
0.503 0.00250932 -0.481268 -1.49133 0.00157114 -2.98182 -9.14695
0.513 -0.00508718 -0.492867 -1.4992 -0.00348308 -2.77373 -8.56242
0.523 -0.000311036 -0.478513 -1.49096 0.00547291 -2.59497 -7.97731
0.533 0.000888466 -0.48258 -1.49363 -0.00818663 -2.3977 -7.39641
0.543 0.00385166 -0.486707 -1.48996 -0.0065148 -2.2182 -6.82058
0.553 -0.00631259 -0.482629 -1.48836 0.0111701 -2.02861 -6.26647
0.563 0.000602249 -0.488021 -1.49315 -0.00194097 -1.86002 -5.70221
0.573 0.00426819 -0.48097 -1.49604 -0.00263765 -1.6834 -5.17143
0.583 -0.00291807 -0.48253 -1.49077 0.0074867 -1.51122 -4.63886
0.593 0.00435243 -0.47974 -1.49923 -0.00705494 -1.34719 -4.13757
0.603 0.00470941 -0.478617 -1.48904 0.00118472 -1.18966 -3.6744
0.613 -0.00230683 -0.48414 -1.4978 -0.00509286 -1.03762 -3.20484
0.623 -0.00483532 -0.47923 -1.4872 0.00433726 -0.90177 -2.77341
0.633 0.00281953 -0.491319 -1.48897 0.0049268 -0.767782 -2.37014
0.643 0.0120536 -0.490934 -1.49318 0.000323378 -0.643542 -1.9796
0.653 -0.00223554 -0.487096 -1.49682 -0.00330949 -0.523519 -1.63907
0.663 -0.00602886 -0.484432 -1.49193 -0.00255944 -0.42816 -1.31816
0.673 -0.000954152 -0.486584 -1.49101 0.000377507 -0.328521 -1.01649
0.683 0.000488264 -0.483981 -1.49377 0.00129683 -0.253918 -0.767421
0.693 0.000641307 -0.48681 -1.49744 -0.000331549 -0.167285 -0.53965
0.703 -0.00445412 -0.490329 -1.49859 0.00262784 -0.113428 -0.346344
0.713 -0.0118703 -0.486174 -1.4997 -0.00163165 -0.077069 -0.200209
0.723 0.00231252 -0.48942 -1.4992 -0.0082515 -0.0274575 -0.0763077
0.733 -0.00494043 -0.481009 -1.48858 0.00777359 -0.00423433 -0.00385277
0.743 -0.0018169 -0.484185 -1.49501 -0.00206882 0.0238235 0.0460914
0.753 0.00494166 -0.486388 -1.49737 0.00441953 0.0158993 0.0536576
0.763 -0.000659378 -0.479653 -1.48828 0.0089857 0.00428298 0.0354164
0.773 0.000458795 -0.483799 -1.49934 0.00354025 -0.0109461 -0.0432478
0.783 0.000729563 -0.485312 -1.48939 0.00400372 -0.0443157 -0.143992
0.793 -0.00623342 -0.497444 -1.49794 -0.00193054 -0.0833014 -0.283718
0.803 0.00264276 -0.489627 -1.50676 -0.00914294 -0.151165 -0.463991
0.813 -0.00010705 -0.484867 -1.49558 -0.00502713 -0.211939 -0.669686
0.823 0.000984036 -0.487677 -1.49405 0.0046024 -0.295847 -0.906839
0.833 -0.00229033 -0.491893 -1.49298 0.00107153 -0.392378 -1.19598
0.843 -0.00575 -0.478322 -1.49384 -0.00917228 -0.489563 -1.49657
0.853 -0.00859958 -0.486592 -1.49357 -0.00221031 -0.600337 -1.84601
0.863 0.00707227 -0.482008 -1.49195 -0.00574501 -0.715424 -2.19983
0.873 0.00254009 -0.490451 -1.48999 -0.00259526 -0.855958 -2.61334
0.883 0.00349285 -0.48132 -1.49669 -0.00391596 -0.989262 -3.02773
0.893 0.00461485 -0.491083 -1.4948 0.00188877 -1.12389 -3.48123
0.903 0.00276206 -0.490497 -1.5 0.00451647 -1.29242 -3.95581
0.913 -0.0021968 -0.474245 -1.4925 -0.00558502 -1.44426 -4.44105
0.923 0.000452038 -0.486521 -1.48862 0.00485178 -1.60909 -4.95274
0.933 0.000202505 -0.479348 -1.50008 -0.00518929 -1.78435 -5.49414
0.943 -0.00154256 -0.483275 -1.49975 0.00133912 -1.96309 -6.04752
0.953 0.00528119 -0.490588 -1.4885 -0.000484425 -2.13935 -6.59138
0.963 0.00206434 -0.489615 -1.49803 0.000854426 -2.33038 -7.16526
0.973 -0.00428615 -0.488883 -1.48954 -0.00165798 -2.52022 -7.74635
0.983 -0.00221473 -0.488378 -1.48821 -0.00190935 -2.7022 -8.33019
0.993 -0.0069591 -0.475216 -1.49833 -0.000211258 -2.90095 -8.9268
1.004 0.00765133 -0.488153 -1.49003 0.001084 -3.10453 -9.57791
1.015 -0.00183877 -0.49085 -1.49089 -0.000485456 -3.31797 -10.2184
1.026 -0.00208645 -0.477021 -1.49278 -0.00313467 -3.52336 -10.8628
1.037 -0.000693106 -0.475037 -1.48997 0.00107478 -3.73145 -11.4932
1.048 -0.000274256 -0.491686 -1.49587 -0.00713055 -3.93497 -12.1234
1.059 0.00180517 -0.486225 -1.4976 -0.00774645 -4.13822 -12.7306
1.07 0.000389921 -0.485024 -1.50034 -0.00129171 -4.32351 -13.3352
1.081 0.000901679 -0.475272 -1.49109 0.00502537 -4.52733 -13.9107
1.092 -0.000529819 -0.485095 -1.49392 -0.00744959 -4.6882 -14.4577
1.103 0.000807906 -0.480716 -1.50105 0.00535353 -4.8597 -14.9848
1.114 0.00158091 -0.49116 -1.49357 -0.00311435 -5.03711 -15.494
1.125 -0.00650546 -0.479234 -1.4972 -0.00541717 -5.19216 -15.9698
1.136 -0.00610723 -0.473561 -1.49548 -0.000302218 -5.3255 -16.4105
1.147 0.006592 -0.488337 -1.49384 -0.00411403 -5.4569 -16.8192
1.158 -0.00143096 -0.48254 -1.49296 0.00543684 -5.58289 -17.1906
1.169 9.15296e-05 -0.487007 -1.48952 0.0135979 -5.69852 -17.5267
1.18 0.00318288 -0.490397 -1.49552 -0.00496236 -5.79646 -17.8156
1.191 0.00464757 -0.489544 -1.49745 0.00497307 -5.86881 -18.0801
1.202 0.00122729 -0.491281 -1.48894 -0.00159343 -5.94559 -18.2972
1.213 0.00166501 -0.487965 -1.49291 0.00698624 -5.99938 -18.4523
1.224 0.0027548 -0.478876 -1.49175 -0.00671837 -6.03959 -18.5926
1.235 0.00278555 -0.484032 -1.49126 -0.00440014 -6.0745 -18.6799
1.246 -0.00156335 -0.49349 -1.4969 0.00550479 -6.07852 -18.7104
1.257 0.00486224 -0.495082 -1.49051 -0.00581534 -6.08073 -18.7063
1.268 0.000661934 -0.486823 -1.48791 -0.00315373 -6.05325 -18.6571
1.279 -0.00568448 -0.48616 -1.4927 0.0018728 -6.03167 -18.5555
1.29 -0.00319125 -0.4811 -1.49188 0.00242273 -5.98138 -18.4104
1.301 0.0131621 -0.49452 -1.49471 0.00274447 -5.91985 -18.2391
1.312 0.00349103 -0.478469 -1.48843 -0.00375997 -5.85643 -18.0112
1.323 0.000436023 -0.494672 -1.50008 -0.00110243 -5.76269 -17.7459
1.334 0.000286391 -0.476103 -1.50073 0.0155294 -5.65629 -17.4402
1.345 0.00583999 -0.488965 -1.49478 -0.00117367 -5.55164 -17.0844
1.356 -0.00100058 -0.488112 -1.4975 -0.00572359 -5.42735 -16.7156
1.367 0.000428451 -0.499624 -1.49312 0.00270229 -5.29229 -16.2935
1.378 -0.00676885 -0.481707 -1.49742 0.00836548 -5.14845 -15.8404
1.389 -0.00135166 -0.49182 -1.48794 -0.00100387 -4.98989 -15.3583
1.4 -0.00232838 -0.482184 -1.49659 -0.0011854 -4.82309 -14.8492
1.411 -0.000679478 -0.484244 -1.49141 0.00203471 -4.64923 -14.3047
1.422 0.00424262 -0.485353 -1.49204 -0.0101568 -4.46382 -13.75
1.433 -0.00446743 -0.489183 -1.49331 -0.00298659 -4.27113 -13.1671
1.444 0.00811409 -0.487706 -1.49343 0.00816183 -4.07247 -12.5679
1.455 0.0101928 -0.478967 -1.49819 -0.00200053 -3.88354 -11.9495
1.466 0.00238652 -0.492539 -1.5039 0.00342307 -3.67312 -11.3269
1.477 -0.00214159 -0.48709 -1.50005 0.00968548 -3.47089 -10.6894
1.488 0.000782452 -0.489024 -1.48918 -0.001423 -3.26326 -10.0372
1.499 0.00243004 -0.486244 -1.50133 -0.00101086 -3.05652 -9.3858
1.51 0.00516793 -0.48298 -1.49515 -0.00242803 -2.84841 -8.73968
1.521 0.00209695 -0.482621 -1.49027 -0.00497937 -2.62546 -8.09191
1.532 0.00636074 -0.490149 -1.49679 -0.00178504 -2.42666 -7.45944
1.543 -0.00414223 -0.490783 -1.49718 -0.00816282 -2.21107 -6.8218
1.554 0.00523821 -0.486827 -1.48802 0.000297895 -2.01659 -6.20613
1.565 0.00764017 -0.491108 -1.49232 0.000679884 -1.81528 -5.60143
1.576 -0.00229006 -0.47427 -1.49262 0.0082873 -1.62558 -5.01486
1.587 -0.0114304 -0.490742 -1.48667 -0.0033139 -1.43606 -4.44828
1.598 -0.0110547 -0.483293 -1.4953 0.00334908 -1.27626 -3.90708
1.609 -0.000391982 -0.486921 -1.49542 -0.00645219 -1.09581 -3.39578
1.62 0.00205169 -0.490757 -1.48875 0.0098124 -0.943507 -2.90634
1.631 0.00522269 -0.484588 -1.49316 -0.000640893 -0.79023 -2.45036
1.642 -0.000125197 -0.48005 -1.49394 0.000691165 -0.653844 -2.0214
1.653 0.000731959 -0.48683 -1.49575 0.00272164 -0.530949 -1.63498
1.664 0.00171718 -0.481156 -1.49248 -0.00517463 -0.410753 -1.27441
1.675 0.00915522 -0.486119 -1.48676 -0.00185647 -0.309061 -0.97522
1.686 0.000648669 -0.488758 -1.49383 -0.00355423 -0.226557 -0.700112
1.697 8.25046e-05 -0.484135 -1.49062 -0.00297057 -0.140924 -0.462588
1.708 0.00496948 -0.485895 -1.48785 -0.00559318 -0.0843371 -0.264983
1.719 -0.000980817 -0.482958 -1.49289 0.00205073 -0.0380294 -0.12492
1.73 0.00519627 -0.483963 -1.49006 -0.000357556 -0.00940699 -0.0173194
1.741 0.0052408 -0.493891 -1.49024 -0.0082109 0.0168414 0.045156
1.752 -0.000675454 -0.491346 -1.50238 -0.00458722 0.0159182 0.059035
1.763 0.00517911 -0.491035 -1.486 0.0129122 0.00069958 0.0289975
1.774 0.00355663 -0.492469 -1.49638 -0.00333016 -0.0263904 -0.0540451
1.785 -0.00088363 -0.478328 -1.49338 -0.00116689 -0.0527804 -0.167386
1.796 -0.000531302 -0.487629 -1.49235 0.00207396 -0.107172 -0.333712
1.807 -0.00163376 -0.467921 -1.49736 -0.00953234 -0.166432 -0.541663
1.818 -0.00105772 -0.480824 -1.4866 -0.00546004 -0.259383 -0.798505
1.829 2.12853e-05 -0.484724 -1.4873 -0.00340703 -0.348572 -1.08066
1.84 0.00193264 -0.479349 -1.48339 0.00469884 -0.454798 -1.40372
1.851 -0.000785842 -0.488996 -1.49596 0.00202701 -0.583179 -1.77448
1.862 0.00320105 -0.486214 -1.49195 0.00263728 -0.705553 -2.16672
1.873 -0.000229979 -0.488966 -1.48808 -0.00358118 -0.854883 -2.61476
1.884 0.00208658 -0.49001 -1.49292 0.00260817 -1.00214 -3.0859
1.895 -0.00573223 -0.481248 -1.495 0.00258873 -1.16183 -3.57509
1.906 0.00991624 -0.481688 -1.49366 0.00173902 -1.33709 -4.1024
1.917 -0.000562636 -0.487425 -1.49077 -0.000266792 -1.51575 -4.64201
1.928 0.00115695 -0.490054 -1.4887 0.00260328 -1.69506 -5.22894
1.939 -0.00065352 -0.485363 -1.49647 -0.00346601 -1.89044 -5.82336
1.95 -0.00433024 -0.48487 -1.48489 -0.0120193 -2.08485 -6.42577
1.961 -0.00693779 -0.475943 -1.4965 0.00532771 -2.28929 -7.05396
1.972 0.00303204 -0.476592 -1.4923 0.00440414 -2.50323 -7.68753
1.983 0.0018687 -0.485947 -1.49101 0.00218897 -2.7081 -8.34413
1.994 -0.00208212 -0.477588 -1.49034 0.00531278 -2.90931 -8.97701
2.005 -0.00337362 -0.49144 -1.48641 -0.00579579 -3.12251 -9.62549
2.016 -0.00304165 -0.477988 -1.49456 -0.00963282 -3.34041 -10.2847
2.027 0.00311954 -0.496071 -1.49466 0.00465813 -3.53471 -10.9135
2.038 -0.00583021 -0.483786 -1.49042 -0.00259685 -3.74757 -11.5577
2.049 -3.98839e-05 -0.484416 -1.49227 0.0034285 -3.95369 -12.176
2.06 0.00204122 -0.483462 -1.48999 -0.00217963 -4.16183 -12.7875
2.071 0.00272445 -0.482964 -1.49369 -0.00715003 -4.33853 -13.3813
2.082 -0.00164154 -0.487428 -1.50077 0.00453778 -4.53431 -13.9532
2.093 0.000313772 -0.484071 -1.48882 0.0068755 -4.72037 -14.5012
2.104 -0.00142732 -0.484704 -1.49606 0.00433341 -4.88321 -15.0419
2.115 6.83741e-05 -0.487913 -1.4992 0.00097558 -5.04372 -15.5283
2.126 0.0142877 -0.483524 -1.48835 0.00553822 -5.2042 -16.0089
2.137 -0.00759413 -0.483136 -1.49537 0.00385275 -5.35002 -16.4476
2.148 -0.00699842 -0.490575 -1.4958 -0.00639411 -5.47869 -16.8454
2.159 0.00626818 -0.488415 -1.50113 -0.00296095 -5.60417 -17.227
2.17 -0.00492772 -0.491065 -1.4916 0.00376769 -5.70143 -17.5497
2.181 -0.00349743 -0.485049 -1.49741 0.00557599 -5.79961 -17.8519
2.192 0.00947176 -0.48537 -1.49268 0.00584737 -5.8871 -18.1023
2.203 0.00142128 -0.493131 -1.49605 0.00282393 -5.95245 -18.3185
2.214 0.00437277 -0.489926 -1.49144 0.000386003 -5.99604 -18.4781
2.225 0.00467931 -0.481335 -1.50731 0.000490185 -6.04839 -18.6109
2.236 -0.0079811 -0.481426 -1.49529 -0.00132727 -6.06643 -18.6761
2.247 0.00349218 -0.488393 -1.49804 -0.00194451 -6.0785 -18.7152
2.258 0.00163878 -0.478015 -1.49254 0.00723622 -6.07726 -18.6959
2.269 -0.00068464 -0.487645 -1.49226 4.19455e-05 -6.04978 -18.653
2.28 -0.00339068 -0.484758 -1.49252 0.00215891 -6.02995 -18.5451
2.291 0.00805005 -0.483196 -1.49538 -0.00109189 -5.98087 -18.4077
2.302 0.00152757 -0.490159 -1.49058 0.00468685 -5.92204 -18.2191
2.313 0.0023365 -0.488894 -1.49515 -0.00541862 -5.84904 -17.9919
2.324 0.00547701 -0.481993 -1.49649 -0.00204325 -5.76596 -17.7214
2.335 0.0015376 -0.497615 -1.49251 -0.00129033 -5.64744 -17.4185
2.346 0.00332498 -0.485336 -1.49975 -0.00575143 -5.53939 -17.0627
2.357 0.0044435 -0.478998 -1.49944 0.00154505 -5.41557 -16.6645
2.368 0.00738524 -0.488524 -1.50424 0.00303011 -5.28656 -16.2649
2.379 -0.000577521 -0.488344 -1.49285 0.000888591 -5.12966 -15.8007
2.39 0.0014873 -0.490152 -1.48933 -0.00159009 -4.97298 -15.3168
2.401 -0.0065253 -0.487229 -1.49086 0.00861975 -4.80291 -14.7986
2.412 0.00128162 -0.489387 -1.48756 0.00431141 -4.6358 -14.2584
2.423 -0.00403964 -0.477755 -1.49464 -0.00179968 -4.45713 -13.7012
2.434 -0.00718102 -0.481398 -1.49402 0.0052401 -4.26989 -13.1077
2.445 -0.000485773 -0.493788 -1.49944 0.000669949 -4.06332 -12.5141
2.456 0.00826777 -0.478439 -1.49269 -0.00194864 -3.8673 -11.8918
2.467 0.00146004 -0.483555 -1.49417 -0.0023039 -3.65341 -11.2588
2.478 -0.0049935 -0.490093 -1.49468 -0.00824921 -3.44565 -10.6246
2.489 0.00618123 -0.489825 -1.48748 -0.0052173 -3.24619 -9.975
2.5 0.0068684 -0.493331 -1.49701 0.00554142 -3.03069 -9.33482
2.511 0.000229952 -0.480516 -1.48975 0.00857847 -2.82279 -8.68415
2.522 0.0040715 -0.484838 -1.49215 0.0107405 -2.61156 -8.02943
2.533 -0.00139944 -0.483261 -1.50137 0.00523853 -2.41261 -7.39656
2.544 -0.00508451 -0.485558 -1.4948 0.00174429 -2.21029 -6.76737
2.555 0.00416685 -0.484623 -1.49955 0.003757 -2.0026 -6.15655
2.566 0.00373102 -0.476335 -1.48865 -0.00331009 -1.80259 -5.5454
2.577 0.00128494 -0.480543 -1.50015 0.0077351 -1.61178 -4.96641
2.588 -0.00800697 -0.486957 -1.50104 -0.00210145 -1.43124 -4.39917
2.599 0.00267448 -0.489752 -1.48957 0.0037172 -1.24639 -3.85549
2.61 0.00982 -0.479702 -1.50384 0.00257129 -1.09522 -3.35336
2.621 -0.00934685 -0.479387 -1.49406 -0.00454191 -0.930645 -2.86401
2.632 -0.00155172 -0.493887 -1.49384 0.0079112 -0.777114 -2.41041
2.643 -0.00370775 -0.485216 -1.48943 -0.00213663 -0.645839 -1.98455
2.654 -0.00417529 -0.481845 -1.49987 -0.0150739 -0.521143 -1.60411
2.665 0.00701621 -0.487771 -1.48636 0.00187057 -0.409707 -1.25901
2.676 0.00180342 -0.497225 -1.48676 0.00307876 -0.304999 -0.941939
2.687 0.00233889 -0.488098 -1.49994 -0.00424736 -0.217479 -0.662278
2.698 0.00273431 -0.481816 -1.50034 0.00527781 -0.144097 -0.438724
2.709 -0.00403189 -0.479728 -1.50009 0.000738575 -0.0784741 -0.253885
2.72 0.00344188 -0.489812 -1.49336 0.00462458 -0.0425788 -0.107782
2.731 0.00503012 -0.473296 -1.49319 -0.00461787 -0.00156124 -0.00839859
2.742 0.00833399 -0.477845 -1.49042 0.0062605 0.0218635 0.0434651
2.753 0.00745058 -0.489684 -1.48535 0.00718512 0.0142063 0.0415828
2.764 0.00379016 -0.480022 -1.49727 0.0122543 0.00532423 0.015267
2.775 -0.00562435 -0.478317 -1.49103 -0.00052966 -0.0148281 -0.0638079
2.786 0.00251062 -0.486648 -1.48756 0.00457699 -0.053512 -0.169286
2.797 0.00229726 -0.483562 -1.48876 -0.0031977 -0.111282 -0.34745
2.808 -0.00844717 -0.485842 -1.5001 0.00253073 -0.179185 -0.554716
2.819 0.000527717 -0.486111 -1.49082 -0.00237311 -0.273822 -0.809975
2.83 0.000258527 -0.481501 -1.50164 0.00567868 -0.353571 -1.10182
2.841 0.00814555 -0.488951 -1.48977 0.0108263 -0.473976 -1.43729
2.852 0.0018178 -0.498657 -1.49956 -0.000468394 -0.584963 -1.80307
2.863 0.0021346 -0.485905 -1.51237 0.00152332 -0.71456 -2.21546
2.874 -0.00148647 -0.494216 -1.50112 -0.00343932 -0.852571 -2.65528
2.885 0.0017098 -0.484174 -1.49949 -0.0137507 -1.01186 -3.12151
2.896 -0.00411328 -0.480214 -1.48563 0.0019062 -1.1894 -3.63371
2.907 -0.00287937 -0.493238 -1.49405 -0.0018181 -1.34848 -4.15327
2.918 0.00622629 -0.489808 -1.48952 0.00130657 -1.52943 -4.70671
2.929 -0.00543747 -0.483915 -1.49564 0.00511335 -1.71406 -5.28415
2.94 0.002264 -0.479786 -1.48743 0.00590352 -1.89942 -5.8767
2.951 0.00240214 -0.490204 -1.49796 -0.0124464 -2.1099 -6.48591
2.962 0.00981757 -0.488299 -1.49147 -0.00330213 -2.31271 -7.10554
2.973 0.00462476 -0.485265 -1.49873 0.0046965 -2.51808 -7.73945
2.984 -0.00258275 -0.478115 -1.49729 0.0013878 -2.72718 -8.38029
2.995 -0.000639707 -0.479855 -1.49048 0.00426459 -2.93159 -9.03474
3.006 -0.0037216 -0.49749 -1.4938 -0.00142736 -3.15359 -9.68052
3.017 0.000967366 -0.481684 -1.49823 0.00211769 -3.35735 -10.3289
3.028 0.000975641 -0.475494 -1.48928 0.00408721 -3.56796 -10.9704
3.039 -0.00359798 -0.486655 -1.48779 0.00129284 -3.76722 -11.6012
3.05 0.00262629 -0.485872 -1.49473 -0.00138153 -3.97406 -12.233
3.061 4.86582e-05 -0.483268 -1.49814 0.00515146 -4.16817 -12.846
3.072 0.0018358 -0.486567 -1.49175 0.006156 -4.3664 -13.4395
3.083 -0.00433185 -0.488033 -1.49281 -0.00817162 -4.54341 -14.0116
3.094 0.00170592 -0.487699 -1.49172 -0.00504615 -4.7273 -14.5636
3.105 0.00397847 -0.482284 -1.49781 -0.00699595 -4.89366 -15.0858
3.116 -0.0045668 -0.489553 -1.49717 0.00986335 -5.06049 -15.5906
3.127 -0.00186898 -0.478873 -1.48637 -0.00595608 -5.21697 -16.0558
3.138 0.0021433 -0.48213 -1.49689 0.00342454 -5.36518 -16.4909
3.149 -0.00274463 -0.48552 -1.49891 0.00320024 -5.48184 -16.887
3.16 0.00202679 -0.484353 -1.49288 -0.00608765 -5.60562 -17.2495
3.171 -0.00704364 -0.484777 -1.48975 0.00630401 -5.71502 -17.5839
3.182 0.0019771 -0.487756 -1.496 0.00330286 -5.80369 -17.8747
3.193 0.00330621 -0.491 -1.49151 -0.00261379 -5.88885 -18.1158
3.204 -0.00386704 -0.484159 -1.4813 -0.00538335 -5.95809 -18.318
3.215 -0.00413048 -0.488018 -1.49408 0.000134398 -6.01656 -18.4857
3.226 0.00183294 -0.483775 -1.49583 0.004792 -6.05095 -18.6086
3.237 0.00120267 -0.48592 -1.48981 -0.00369223 -6.06829 -18.6876
3.248 -0.00304327 -0.494142 -1.49831 0.00310166 -6.07556 -18.7129
3.259 0.00310363 -0.489302 -1.50525 -0.00706136 -6.07124 -18.7097
3.27 -0.0040694 -0.489622 -1.48753 0.00207391 -6.05421 -18.6428
3.281 -0.00591822 -0.489532 -1.49694 -0.0107333 -6.01925 -18.5427
3.292 0.00018049 -0.47982 -1.50078 0.00498896 -5.96404 -18.3876
3.303 0.00309542 -0.489557 -1.49294 0.00981789 -5.91468 -18.2009
3.314 -6.79089e-05 -0.48559 -1.49163 -0.00452466 -5.82855 -17.9689
3.325 0.00711861 -0.481096 -1.48934 0.000216249 -5.74425 -17.6987
3.336 0.000151867 -0.482363 -1.48971 -0.00197215 -5.6448 -17.3796
3.347 -6.33591e-05 -0.485535 -1.49764 -0.000230934 -5.53906 -17.025
3.358 -0.00248792 -0.481054 -1.49751 0.000779358 -5.40847 -16.634
3.369 0.00904578 -0.479295 -1.48654 0.00215399 -5.26905 -16.2031
3.38 0.00329796 -0.485673 -1.49119 0.00584148 -5.12502 -15.7623
3.391 0.0035363 -0.487792 -1.49207 -0.000394621 -4.96186 -15.2706
3.402 0.00656045 -0.486681 -1.49195 -0.00416888 -4.78447 -14.7616
3.413 0.00132095 -0.491387 -1.48955 0.00155991 -4.60919 -14.2095
3.424 0.00131604 -0.486016 -1.49131 0.00247541 -4.42119 -13.6404
3.435 -0.00173914 -0.48641 -1.49398 0.00126372 -4.2441 -13.0691
3.446 0.00389202 -0.484961 -1.48914 0.00353354 -4.04433 -12.4538
3.457 0.0110817 -0.495025 -1.49852 -0.00551922 -3.84764 -11.8434
3.468 0.00345871 -0.4781 -1.50299 -0.000343797 -3.638 -11.2044
3.479 -0.00683895 -0.489755 -1.49138 -0.00297152 -3.43837 -10.571
3.49 -0.00069406 -0.482369 -1.49451 -0.000837818 -3.22324 -9.92652
3.501 0.00703661 -0.478283 -1.49134 -0.00862722 -3.00209 -9.26781
3.512 0.00147389 -0.483194 -1.49924 -0.00169359 -2.79957 -8.61967
3.523 -0.00733156 -0.480561 -1.49714 -0.0018786 -2.5897 -7.97357
3.534 -0.000642944 -0.491219 -1.49854 -0.00171627 -2.38971 -7.33312
3.545 0.0048617 -0.48361 -1.49692 0.00974262 -2.1771 -6.71496
3.556 0.00750112 -0.479999 -1.49695 0.00694336 -1.98481 -6.0886
3.567 -0.0104929 -0.488316 -1.4944 -0.000801824 -1.77961 -5.49496
3.578 -0.00598934 -0.487642 -1.49255 -0.00245406 -1.58872 -4.91048
3.589 0.00183084 -0.495072 -1.49549 -0.00997175 -1.42605 -4.34798
3.6 -0.0019534 -0.487117 -1.48775 -0.00246988 -1.23394 -3.80923
3.611 0.00318426 -0.481174 -1.48726 -0.00667227 -1.07651 -3.29796
3.622 0.000190952 -0.484936 -1.49098 0.00543101 -0.91668 -2.81451
3.633 0.00851709 -0.486449 -1.4966 0.00162102 -0.766823 -2.37407
3.644 -0.00329555 -0.493719 -1.49236 0.00873289 -0.637058 -1.94955
3.655 -0.00118559 -0.49269 -1.49481 -0.00918809 -0.514592 -1.56777
3.666 0.00624348 -0.48658 -1.48674 0.000192179 -0.3992 -1.21271
3.677 -0.00157241 -0.488103 -1.49276 0.0145926 -0.296913 -0.922885
3.688 0.00359241 -0.486104 -1.48906 -0.00216995 -0.208914 -0.64114
3.699 -0.00135808 -0.483458 -1.49747 -0.00873249 -0.13846 -0.415976
3.71 -0.00159264 -0.480361 -1.48492 -0.00398881 -0.082194 -0.236756
3.721 0.00466027 -0.482517 -1.49634 0.00557125 -0.0328985 -0.0949031
3.732 -0.00543177 -0.482544 -1.49639 0.00121061 0.00404114 -0.00142621
3.743 -0.00289102 -0.486619 -1.49356 -0.00413897 0.0128844 0.0442457
3.754 -0.00425706 -0.485109 -1.48823 -0.00409595 0.019397 0.0542834
3.765 0.00807856 -0.481182 -1.50246 -0.003825 0.00818448 0.0135556
3.776 0.000574851 -0.48699 -1.49389 0.00420732 -0.0244413 -0.0649048
3.787 0.000115512 -0.486433 -1.49282 0.00249253 -0.063198 -0.198701
3.798 -0.00698093 -0.483065 -1.49118 -0.00127929 -0.118267 -0.370387
3.809 0.00142654 -0.485146 -1.49254 0.00198121 -0.192684 -0.573291
3.82 -0.007214 -0.483073 -1.49145 0.0025924 -0.271544 -0.83344
3.831 -0.000479924 -0.483046 -1.49422 -0.00270624 -0.363513 -1.12176
3.842 0.00664813 -0.494752 -1.48459 0.00490502 -0.482619 -1.46144
3.853 0.00367498 -0.486366 -1.49478 -0.00534734 -0.594793 -1.83939
3.864 -0.00127796 -0.48489 -1.49053 0.00516042 -0.722643 -2.25161
3.875 -0.00454442 -0.484897 -1.49845 0.00210945 -0.866636 -2.68903
3.886 -0.00166888 -0.486608 -1.49494 0.00100464 -1.03002 -3.1655
3.897 -0.00599528 -0.484648 -1.48801 -0.00379408 -1.19778 -3.6703
3.908 0.00675303 -0.486235 -1.49144 -0.00326752 -1.36809 -4.2043
3.919 -0.000502527 -0.487136 -1.50009 0.00218065 -1.54446 -4.76005
3.93 -0.0026249 -0.482669 -1.48812 0.00722279 -1.7424 -5.33509
3.941 0.000533191 -0.4919 -1.49333 -0.0047701 -1.92837 -5.9301
3.952 -0.000936935 -0.487985 -1.49834 0.000661873 -2.11585 -6.54136
3.963 0.00347634 -0.482861 -1.49281 0.000831331 -2.32811 -7.16259
3.974 0.0047281 -0.477691 -1.48959 -0.00556831 -2.53984 -7.7909
3.985 0.0058744 -0.48319 -1.49268 -0.00295247 -2.74073 -8.44381
3.996 -0.00116989 -0.478125 -1.49643 0.000910154 -2.95955 -9.08663
4.006 -0.00717545 -0.483644 -1.49827 -0.000538126 -3.14188 -9.67764
4.016 -0.00814963 -0.492349 -1.49202 -0.00228531 -3.33727 -10.2615
4.026 0.00242859 -0.487107 -1.4874 0.0143918 -3.52611 -10.8558
4.036 -0.00563189 -0.48851 -1.49051 0.00490297 -3.7116 -11.4376
4.046 0.0135895 -0.490924 -1.49099 0.00469301 -3.90028 -11.9998
4.056 0.0020895 -0.485076 -1.49549 -0.00420047 -4.08237 -12.5614
4.066 -0.00816924 -0.483843 -1.49508 -0.00196122 -4.25073 -13.1187
4.076 -0.00518892 -0.492264 -1.49534 -0.00212495 -4.42892 -13.6413
4.086 -0.00869357 -0.481747 -1.487 -0.000535092 -4.60546 -14.1544
4.096 -0.00467572 -0.488074 -1.49536 0.00303596 -4.76041 -14.6551
4.106 -0.000763009 -0.486294 -1.4981 0.000687702 -4.9076 -15.1329
4.116 0.000471482 -0.479886 -1.50022 0.0100571 -5.0536 -15.5762
4.126 -0.00416409 -0.485654 -1.49858 0.000157656 -5.19295 -16.0115
4.136 -0.0042777 -0.488939 -1.49522 0.000854019 -5.33642 -16.4034
4.146 -0.00112312 -0.476311 -1.48933 0.00479072 -5.45629 -16.7796
4.156 9.36714e-05 -0.493634 -1.49777 -0.00516739 -5.57264 -17.1249
4.166 0.00180858 -0.482981 -1.48366 -0.00381175 -5.6599 -17.4325
4.176 2.16571e-06 -0.494177 -1.50211 -0.00199591 -5.76196 -17.718
4.186 0.0142983 -0.495959 -1.4948 -0.00505588 -5.8423 -17.9692
4.196 0.00398615 -0.47935 -1.48601 0.000270327 -5.9021 -18.1838
4.206 -0.00388848 -0.491689 -1.4983 0.0028325 -5.95674 -18.3634
4.216 0.0016884 -0.48221 -1.49671 0.00247576 -5.99975 -18.5079
4.226 6.92525e-05 -0.4884 -1.49961 0.00203687 -6.03925 -18.62
4.236 -0.0021246 -0.480512 -1.50029 -0.00193047 -6.07242 -18.6715
4.246 0.00165845 -0.48629 -1.49245 0.00874006 -6.0813 -18.7071
4.256 -0.00292902 -0.490749 -1.48342 -0.00204607 -6.08405 -18.7024
4.266 0.00764617 -0.488303 -1.4944 0.00113314 -6.07769 -18.6772
4.276 -0.0013613 -0.478826 -1.4959 -0.00245753 -6.04312 -18.5954
4.286 0.000495125 -0.487456 -1.4937 0.00248868 -5.9961 -18.4755
4.296 -0.00362007 -0.491262 -1.50382 -0.00567978 -5.961 -18.3239
4.306 0.00886778 -0.483517 -1.49384 -0.00148296 -5.89107 -18.1372
4.316 0.00633766 -0.47753 -1.49645 0.00291909 -5.82186 -17.922
4.326 0.00665748 -0.488359 -1.49578 0.0037367 -5.75176 -17.6659
4.336 0.000430328 -0.476358 -1.49492 -0.00405389 -5.65116 -17.3801
4.346 -0.00279713 -0.489954 -1.4942 -0.00052789 -5.54877 -17.0595
4.356 -0.00797178 -0.486962 -1.49279 -0.00585563 -5.43733 -16.7086
4.366 -0.00235791 -0.47759 -1.48987 0.000128516 -5.30394 -16.3275
4.376 -0.00513207 -0.483621 -1.49113 0.00150925 -5.17081 -15.9196
4.386 0.00189575 -0.492922 -1.49332 -0.00670608 -5.02953 -15.4933
4.396 0.00507325 -0.482309 -1.48871 -0.0102256 -4.88577 -15.0436
4.406 0.00079213 -0.479501 -1.49076 -0.00382862 -4.72364 -14.5554
4.416 -0.00479754 -0.484311 -1.48343 -0.0112162 -4.56417 -14.0555
4.426 0.0106581 -0.488656 -1.48901 0.00467264 -4.40365 -13.534
4.436 -0.000716973 -0.48169 -1.50129 -0.00801312 -4.23408 -13.0076
4.446 0.00108657 -0.486507 -1.49379 -0.00387261 -4.05895 -12.453
4.456 -0.00277624 -0.483891 -1.49822 -0.0029216 -3.8607 -11.8893
4.466 -0.00218998 -0.490642 -1.4955 0.00236967 -3.67525 -11.3328
4.476 0.000253816 -0.490148 -1.49234 0.00415006 -3.48731 -10.7314
4.486 -0.00133384 -0.482702 -1.50401 0.00428577 -3.30636 -10.1611
4.496 0.000450053 -0.49234 -1.48802 -0.00308895 -3.11201 -9.56669
4.506 0.00535261 -0.477835 -1.49088 -0.00798358 -2.91436 -8.96938
4.516 -0.00253369 -0.495245 -1.49138 -0.00150503 -2.73132 -8.39086
4.526 2.21641e-05 -0.483324 -1.48265 0.00934387 -2.53273 -7.7998
4.536 -0.00482428 -0.492031 -1.49732 -0.00289404 -2.35295 -7.22284
4.546 -0.0046317 -0.48456 -1.49398 0.00440513 -2.1676 -6.64973
4.556 -0.00805211 -0.48807 -1.49144 0.000629588 -1.98156 -6.094
4.566 -0.000140226 -0.479425 -1.49503 -0.0032815 -1.80088 -5.54584
4.576 0.000533612 -0.47423 -1.49798 -0.00551201 -1.62041 -5.0139
4.586 -0.00689484 -0.491509 -1.49397 0.00766398 -1.46892 -4.5056
4.596 2.24106e-05 -0.490393 -1.49993 -0.00780651 -1.30248 -4.01295
4.606 -0.00590059 -0.490363 -1.49642 -0.00779721 -1.14267 -3.52474
4.616 0.00435009 -0.483865 -1.49616 0.00530078 -0.997909 -3.07081
4.626 0.00261569 -0.48748 -1.49083 -0.000657963 -0.86181 -2.65307
4.636 0.00111132 -0.491715 -1.48957 0.00333305 -0.733347 -2.24454
4.646 0.00337888 -0.481883 -1.49615 0.0015853 -0.613392 -1.87909
4.656 0.0067633 -0.491401 -1.49584 0.00753848 -0.491646 -1.53287
4.666 -0.00233848 -0.479901 -1.49558 -0.00532214 -0.401847 -1.22802
4.676 0.00444143 -0.4858 -1.49266 -0.00430098 -0.313088 -0.939211
4.686 0.00110124 -0.483298 -1.50285 0.00138671 -0.220662 -0.692581
4.696 0.00422168 -0.48589 -1.48988 -0.000338771 -0.159011 -0.484881
4.706 -0.00450736 -0.489313 -1.48658 -0.0014134 -0.0933121 -0.301154
4.716 0.0108183 -0.485619 -1.49073 0.0053383 -0.0404239 -0.161995
4.726 0.00678269 -0.481086 -1.49468 -0.0129807 -0.0169617 -0.0551049
4.736 0.00417817 -0.49216 -1.49395 8.1777e-05 0.0119104 0.0227375
4.746 -0.000975366 -0.480151 -1.49701 -0.00528696 0.0157863 0.0519523
4.756 0.000419796 -0.482553 -1.4911 0.00714163 0.0158044 0.0528856
4.766 0.00280014 -0.480761 -1.48801 0.00563827 -0.012585 0.00965034
4.776 -0.00592158 -0.487327 -1.50208 -0.000183398 -0.0171958 -0.0663537
4.786 -0.00525876 -0.484057 -1.49606 0.00270597 -0.0591965 -0.180519
4.796 -0.00288838 -0.490356 -1.51156 0.00180663 -0.112642 -0.329608
4.806 -0.00313817 -0.485993 -1.50352 -0.00413222 -0.180549 -0.503558
4.816 -0.00562643 -0.487575 -1.49488 0.00442409 -0.236309 -0.750144
4.826 -0.00196805 -0.483517 -1.49296 -0.00133703 -0.313323 -0.991731
4.836 0.000650885 -0.482206 -1.48184 -0.00233972 -0.406708 -1.28682
4.846 -0.00262955 -0.486411 -1.49582 -0.000176372 -0.512641 -1.59387
4.856 -0.00155312 -0.49046 -1.50307 7.53218e-05 -0.641535 -1.96076
4.866 0.00458331 -0.48563 -1.50242 0.00415285 -0.753872 -2.32926
4.876 0.0083059 -0.485614 -1.48601 -0.00412753 -0.89426 -2.73457
4.886 0.00789491 -0.490108 -1.4939 0.000770511 -1.02707 -3.17434
4.896 -0.00492081 -0.491938 -1.49294 -0.000751752 -1.17583 -3.6257
4.906 -0.000652524 -0.489638 -1.49586 -0.00577546 -1.33417 -4.10552
4.916 0.0100029 -0.496172 -1.49457 -0.0054455 -1.49165 -4.6045
4.926 0.0018669 -0.489647 -1.49579 0.00692477 -1.6567 -5.12009
4.936 -0.00613819 -0.484639 -1.4909 3.38805e-05 -1.8334 -5.65263
4.946 0.00578496 -0.490591 -1.49139 0.00405297 -2.01611 -6.2109
4.956 0.00996253 -0.489263 -1.48905 0.00444146 -2.19845 -6.76806
4.966 0.00321355 -0.485589 -1.49894 -0.00074736 -2.38776 -7.33931
4.976 0.00749152 -0.481965 -1.49587 -0.00519489 -2.56872 -7.92632
4.986 0.0100695 -0.489604 -1.49699 0.00523284 -2.76125 -8.49272
4.996 0.000420043 -0.474279 -1.49754 0.00259603 -2.93738 -9.09222
5.006 -0.000211115 -0.484221 -1.49676 0.0127539 -3.14021 -9.67977
5.016 0.0049532 -0.484145 -1.49145 -0.00153555 -3.34241 -10.2769
5.026 0.00842533 -0.488459 -1.50123 0.0108114 -3.54154 -10.8581
5.036 -0.000639613 -0.489317 -1.5005 0.000141758 -3.71306 -11.4345
5.046 -0.00256313 -0.489669 -1.50014 0.00485789 -3.90833 -12.0003
5.056 -0.00170133 -0.4948 -1.49224 -0.000629543 -4.08876 -12.57
5.066 -0.00535123 -0.482212 -1.49674 0.00586461 -4.25889 -13.1086
5.076 0.00902898 -0.486155 -1.48598 -0.000199666 -4.43974 -13.6437
5.086 -0.00729764 -0.484087 -1.49785 0.00518346 -4.59775 -14.1613
5.096 0.00228469 -0.488179 -1.49751 -0.00222824 -4.75825 -14.6601
5.106 0.0011189 -0.484992 -1.49602 0.00424428 -4.91612 -15.1228
5.116 0.00698865 -0.484396 -1.49084 -0.00696547 -5.06211 -15.5853
5.126 -0.00563277 -0.492991 -1.49351 0.00131303 -5.2051 -16.0077
5.136 0.00169137 -0.484312 -1.4955 -0.00188388 -5.32306 -16.4112
5.146 -0.00159046 -0.476994 -1.49238 -4.35738e-06 -5.45017 -16.7827
5.156 -0.00723814 -0.479673 -1.49822 0.00258126 -5.57045 -17.1284
5.166 0.00244244 -0.491199 -1.50145 -0.00298919 -5.67435 -17.4397
5.176 0.00252486 -0.481707 -1.48848 0.00788341 -5.75632 -17.7137
5.186 0.0104585 -0.488583 -1.49164 -0.00314404 -5.83701 -17.9625
5.196 0.000842942 -0.486431 -1.48968 0.00215397 -5.90433 -18.1844
5.206 0.0102427 -0.476228 -1.48888 0.00498255 -5.96741 -18.3627
5.216 0.00027027 -0.490653 -1.48664 0.00750584 -6.01617 -18.4896
5.226 0.00110236 -0.48619 -1.49945 -0.00304892 -6.04978 -18.6059
5.236 0.00191245 -0.484607 -1.50263 -0.00628891 -6.07584 -18.6737
5.246 0.0123129 -0.490199 -1.49408 -0.00541276 -6.07776 -18.7114
5.256 -0.00634503 -0.48025 -1.49078 -0.00348098 -6.07742 -18.7148
5.266 0.00330628 -0.485404 -1.49085 -0.00416162 -6.07121 -18.6732
5.276 0.00137944 -0.481235 -1.49415 -0.00336996 -6.04287 -18.5948
5.286 0.000608618 -0.488808 -1.49395 -0.000223845 -5.99838 -18.4766
5.296 0.000198846 -0.482997 -1.49357 0.00225208 -5.94714 -18.3301
5.306 -0.00111637 -0.485408 -1.50234 0.00967807 -5.90275 -18.1363
5.316 -0.00465504 -0.476975 -1.48816 0.0102143 -5.83157 -17.9265
5.326 -0.00845922 -0.488945 -1.49807 -0.00471466 -5.74431 -17.666
5.336 0.000826087 -0.485125 -1.48805 0.00141824 -5.64108 -17.3828
5.346 0.00686892 -0.483971 -1.49141 -0.000821396 -5.54317 -17.0616
5.356 0.00329799 -0.484756 -1.48972 0.00078478 -5.42048 -16.7129
5.366 -0.00267369 -0.485325 -1.49513 0.00421761 -5.30287 -16.3399
5.376 -0.00750943 -0.488125 -1.50189 0.0124954 -5.17168 -15.934
5.386 -0.0114249 -0.480331 -1.49786 -0.00368308 -5.02798 -15.4901
5.396 0.00534749 -0.486751 -1.49459 0.0032872 -4.89087 -15.0286
5.406 0.00590475 -0.483911 -1.50067 -0.00424146 -4.72795 -14.5562
5.416 0.000349838 -0.482349 -1.50366 -0.00573232 -4.56799 -14.0661
5.426 0.00628303 -0.483881 -1.49702 0.00116569 -4.40072 -13.5385
5.436 -4.82951e-05 -0.48755 -1.49127 0.00704368 -4.22486 -12.9983
5.446 0.00408725 -0.491308 -1.49605 -0.00385185 -4.04773 -12.4526
5.456 -0.00209152 -0.482426 -1.49293 0.000757681 -3.87087 -11.889
5.466 0.00696934 -0.482105 -1.48635 0.000292567 -3.67508 -11.3234
5.476 -0.00683645 -0.480637 -1.50158 -0.00649221 -3.49303 -10.7433
5.486 0.000964201 -0.484315 -1.49646 0.00543107 -3.30016 -10.1598
5.496 -0.00201116 -0.487439 -1.50231 0.00215443 -3.1101 -9.56378
5.506 -0.00112142 -0.486454 -1.48748 -0.00665769 -2.91681 -8.98162
5.516 0.00604804 -0.466423 -1.48923 -0.000212661 -2.72572 -8.38703
5.526 -0.00462173 -0.486534 -1.48739 -0.00793388 -2.54306 -7.80164
5.536 -0.00615446 -0.484813 -1.49184 -0.00238057 -2.3545 -7.21768
5.546 -0.000571135 -0.478892 -1.49774 -0.000321395 -2.16141 -6.66267
5.556 -0.00346629 -0.496923 -1.49085 0.00539746 -1.98967 -6.10509
5.566 0.00334204 -0.486982 -1.49678 0.00217347 -1.79618 -5.54165
5.576 0.000710511 -0.481186 -1.49131 0.00747748 -1.62868 -5.01914
5.586 0.00946862 -0.491176 -1.48863 -0.00203098 -1.46517 -4.50785
5.596 0.00251475 -0.490711 -1.5008 -0.00506166 -1.30662 -3.99865
5.606 0.00171822 -0.495928 -1.48116 -0.000321526 -1.15083 -3.53035
5.616 0.00763 -0.48676 -1.49736 0.00300004 -1.00841 -3.07168
5.626 -0.00243107 -0.485092 -1.48809 0.000619928 -0.851255 -2.65687
5.636 -0.00331793 -0.484561 -1.49622 -0.00315177 -0.730916 -2.24279
5.646 0.00285808 -0.486458 -1.49454 -0.000756129 -0.604314 -1.87694
5.656 -0.002697 -0.492639 -1.49926 -0.000671715 -0.499967 -1.54069
5.666 -0.00653622 -0.481302 -1.50055 0.00490479 -0.399621 -1.22113
5.676 -0.00427004 -0.482183 -1.48903 -0.00314194 -0.301681 -0.925395
5.686 0.000401841 -0.478575 -1.49654 0.000892044 -0.223316 -0.683956
5.696 0.00136367 -0.485205 -1.49637 0.00571063 -0.143565 -0.478461
5.706 5.78557e-05 -0.483274 -1.49322 0.00153113 -0.102514 -0.296193
5.716 -0.00177643 -0.485296 -1.49608 0.00319733 -0.0532259 -0.156097
5.726 0.000783538 -0.48437 -1.49489 0.00490523 -0.012561 -0.0474684
5.736 -0.012068 -0.476799 -1.4992 -0.00421749 -0.000871015 0.0227746
5.746 0.00804234 -0.488878 -1.49804 -0.00141104 0.0214147 0.0456522
5.756 -0.00509939 -0.482294 -1.50229 -0.00658537 0.0161264 0.0484671
5.766 0.00119716 -0.490732 -1.50115 0.00614446 0.00843276 0.0182206
5.776 0.0123578 -0.481349 -1.49302 -0.00110705 -0.0131189 -0.0753662
5.786 0.00124413 -0.488604 -1.49317 -0.000660328 -0.0606747 -0.178828
5.796 0.000695046 -0.478753 -1.50273 -0.000250844 -0.105505 -0.329844
5.806 0.00773912 -0.47718 -1.49725 0.010413 -0.170407 -0.522035
5.816 -0.000706077 -0.480506 -1.48934 -0.000823725 -0.242841 -0.736685
5.826 -0.00822652 -0.486483 -1.49095 0.00673558 -0.317452 -0.986592
5.836 -0.00271326 -0.482065 -1.4888 0.00413395 -0.416225 -1.29189
5.846 -0.00119343 -0.478666 -1.49111 0.00476502 -0.528912 -1.59995
5.856 0.00900356 -0.476559 -1.49349 0.00267087 -0.639778 -1.95381
5.866 0.00356239 -0.488907 -1.49577 0.00350697 -0.763073 -2.32821
5.876 -0.00432389 -0.488762 -1.49028 0.0078665 -0.894788 -2.73542
5.886 -0.00526247 -0.48564 -1.50263 0.00723634 -1.03688 -3.16348
5.896 0.00512017 -0.478803 -1.48803 -0.0027382 -1.17509 -3.62444
5.906 0.00393028 -0.48408 -1.49074 -0.00500478 -1.33993 -4.10757
5.916 -0.0020646 -0.481369 -1.49368 -0.00105429 -1.49584 -4.59948
5.926 0.00152565 -0.47861 -1.48872 0.00597617 -1.6655 -5.12289
5.936 -0.00407808 -0.48941 -1.49884 0.00125501 -1.83749 -5.65158
5.946 0.00141178 -0.484492 -1.4961 0.00403021 -2.0064 -6.20688
5.956 0.00028015 -0.482854 -1.49741 0.00182227 -2.20735 -6.76904
5.966 -0.00299312 -0.488755 -1.50511 -0.00394925 -2.38147 -7.33954
5.976 -0.00559031 -0.484176 -1.48798 -0.00832479 -2.57109 -7.92395
5.986 -0.00780975 -0.486821 -1.49357 -0.00228893 -2.77185 -8.50985
5.996 0.00238009 -0.49602 -1.50156 -0.00127036 -2.95241 -9.09124
6.006 0.000606877 -0.49262 -1.49738 -0.0039879 -3.15237 -9.68613
6.016 -0.00509814 -0.477968 -1.49434 -0.00384755 -3.33513 -10.2702
6.026 0.0090547 -0.478387 -1.49633 0.000967307 -3.52539 -10.8609
6.036 -0.0121594 -0.493927 -1.51026 0.00467059 -3.71314 -11.4353
6.046 0.00972774 -0.491905 -1.49583 -0.00654763 -3.90744 -12.0059
6.056 -0.00359867 -0.484145 -1.49778 -0.00289915 -4.08317 -12.5743
6.066 -0.00459067 -0.49148 -1.49903 -0.000593666 -4.2603 -13.112
6.076 -0.00445405 -0.489266 -1.49193 0.00648337 -4.43277 -13.6416
6.086 0.00460355 -0.4839 -1.49892 -0.00777521 -4.60459 -14.1608
6.096 -0.00323677 -0.483885 -1.49709 0.00371227 -4.7633 -14.6548
6.106 -0.000953268 -0.476645 -1.49407 -0.00413288 -4.91941 -15.1364
6.116 0.00404231 -0.495878 -1.4963 0.00206783 -5.05561 -15.5833
6.126 -0.0043958 -0.490147 -1.49116 0.00231251 -5.20769 -16.0053
6.136 -0.000721632 -0.485654 -1.49293 -0.000267708 -5.32542 -16.4162
6.146 0.000357617 -0.484784 -1.49023 -0.00551347 -5.45992 -16.7881
6.156 0.00154014 -0.48058 -1.49451 0.00642145 -5.56356 -17.122
6.166 0.00578754 -0.488355 -1.49692 -0.00258674 -5.65965 -17.4353
6.176 0.00656711 -0.485039 -1.4958 5.99918e-05 -5.75713 -17.7273
6.186 -0.0010768 -0.480595 -1.49678 0.000643441 -5.83784 -17.9666
6.196 0.00953133 -0.486606 -1.49487 0.000560247 -5.91662 -18.1814
6.206 -0.000527365 -0.488276 -1.48757 -0.00946057 -5.97221 -18.3639
6.216 0.00952364 -0.481195 -1.4906 0.00693933 -6.01212 -18.5112
6.226 0.0022995 -0.486491 -1.49132 0.00158685 -6.05274 -18.6043
6.236 -0.0107691 -0.487809 -1.49314 -0.00100081 -6.07075 -18.6758
6.246 0.00229631 -0.490705 -1.48519 0.000510492 -6.0778 -18.7186
6.256 0.00724986 -0.489186 -1.50275 0.00438255 -6.07981 -18.7125
6.266 0.00773354 -0.484904 -1.49356 0.00241772 -6.06843 -18.6708
6.276 -0.00107471 -0.49656 -1.49302 -0.00892593 -6.03461 -18.6016
6.286 0.000704622 -0.485047 -1.49753 -0.010478 -6.00714 -18.4812
6.296 -0.000432136 -0.478772 -1.49601 -0.00642272 -5.95815 -18.3181
6.306 -0.00357359 -0.482077 -1.49469 0.000501949 -5.89178 -18.1394
6.316 0.012096 -0.483928 -1.5002 -0.00162932 -5.82272 -17.9184
6.326 0.004121 -0.485495 -1.49211 -0.0055644 -5.74061 -17.6734
6.336 0.00412385 -0.494461 -1.49856 0.00553266 -5.64994 -17.3846
6.346 -0.00222447 -0.490614 -1.49829 3.81095e-06 -5.54353 -17.0614
6.356 -0.00517954 -0.486012 -1.49285 -0.00279735 -5.43169 -16.7104
6.366 -0.00142563 -0.491175 -1.49619 -0.000333372 -5.30383 -16.3313
6.376 -0.0025427 -0.492322 -1.49863 -0.00229589 -5.17629 -15.9385
6.386 0.00153235 -0.484069 -1.49433 -0.00320095 -5.0349 -15.493
6.396 0.00517313 -0.490042 -1.49326 -0.000535957 -4.88764 -15.0378
6.406 0.00173394 -0.48154 -1.4937 0.0035158 -4.72855 -14.5635
6.416 -0.00495637 -0.483969 -1.49039 0.00621749 -4.57354 -14.058
6.426 0.00237774 -0.489425 -1.49329 -0.00108734 -4.40059 -13.541
6.436 0.00237519 -0.486924 -1.50244 0.00185169 -4.23042 -13.002
6.446 0.00204155 -0.48436 -1.48698 0.00370686 -4.04575 -12.4464
6.456 -0.00718023 -0.480632 -1.48855 -0.00103869 -3.86882 -11.8826
6.466 0.000657095 -0.481743 -1.49536 0.00281576 -3.67822 -11.3185
6.476 -0.00153395 -0.492143 -1.49112 0.00212374 -3.49018 -10.7381
6.486 0.0030037 -0.486682 -1.49336 0.00149347 -3.29696 -10.1497
6.496 -0.00357359 -0.48179 -1.50178 0.00427507 -3.1072 -9.56712
6.506 0.00624121 -0.480924 -1.49063 -0.00162201 -2.91766 -8.97703
6.516 0.00188998 -0.48461 -1.49427 0.00519856 -2.73463 -8.39099
6.526 0.0033503 -0.489062 -1.4897 0.0027037 -2.53797 -7.80299
6.536 0.00680173 -0.484636 -1.49886 -0.00971543 -2.34667 -7.22724
6.546 0.00884729 -0.48131 -1.48647 0.000362027 -2.15732 -6.6604
6.556 0.00427155 -0.488217 -1.48838 0.00412732 -1.9795 -6.08949
6.566 -0.00158733 -0.487105 -1.49028 0.00599783 -1.79401 -5.54464
6.576 0.00355014 -0.480094 -1.50144 -0.00415197 -1.62507 -5.01493
6.586 0.00130298 -0.48047 -1.50273 0.00349648 -1.46242 -4.51121
6.596 -9.97062e-05 -0.486401 -1.48843 -0.00520303 -1.29975 -4.0034
6.606 0.000515168 -0.48881 -1.49931 -0.000674074 -1.15848 -3.524
6.616 0.00136159 -0.485686 -1.50417 0.00135772 -1.00058 -3.08096
6.626 0.00436214 -0.48715 -1.49254 0.00340466 -0.855252 -2.66203
6.636 -0.000392182 -0.486829 -1.49846 0.010464 -0.732323 -2.25318
6.646 0.008151 -0.483558 -1.50242 0.00437691 -0.609602 -1.87217
6.656 -0.000156656 -0.481737 -1.4933 0.00475144 -0.500477 -1.5374
6.666 0.00568783 -0.483819 -1.4884 -0.00187767 -0.390597 -1.22913
6.676 -0.00336929 -0.491293 -1.4919 -0.00415667 -0.298634 -0.936554
6.686 -0.00108851 -0.495106 -1.49536 -0.0107649 -0.224944 -0.687112
6.696 -0.00388136 -0.476711 -1.49455 0.00255947 -0.160857 -0.468612
6.706 -0.0076722 -0.482104 -1.49677 0.0010313 -0.099321 -0.304625
6.716 0.000420481 -0.484546 -1.49621 0.00444214 -0.0474139 -0.164016
6.726 0.00141158 -0.480918 -1.49776 0.00110589 -0.022559 -0.0453809
6.736 -0.00156239 -0.490189 -1.49125 0.00774638 0.00957341 0.0192972
6.746 0.00112936 -0.490274 -1.49911 0.00501233 0.0191576 0.0480618
6.756 -0.00640158 -0.488964 -1.49011 0.00388389 0.0209046 0.0536836
6.766 0.00569023 -0.48475 -1.48302 0.000135021 0.0121728 0.00475614
6.776 0.00216249 -0.482954 -1.48838 -0.00398886 -0.0317647 -0.0639556
6.786 -0.00870123 -0.477966 -1.49321 1.80079e-05 -0.0518273 -0.183555
6.796 0.00112147 -0.489056 -1.48725 -0.00354718 -0.107786 -0.327667
6.806 0.00263778 -0.48868 -1.48443 0.00670033 -0.165459 -0.518485
6.816 -0.000734046 -0.491367 -1.4878 0.0125877 -0.241856 -0.730189
6.826 0.0053147 -0.493195 -1.50063 -0.00183572 -0.331263 -0.993727
6.836 0.00172531 -0.484833 -1.49122 6.08229e-05 -0.420663 -1.27846
6.846 0.00654312 -0.486948 -1.49415 0.00224206 -0.520302 -1.5997
6.856 0.00890369 -0.486758 -1.50015 0.00573587 -0.628382 -1.94427
6.866 -0.00516142 -0.479922 -1.49995 -0.00247744 -0.748132 -2.34353
6.876 0.0064156 -0.481151 -1.49879 -0.00862721 -0.888918 -2.73117
6.886 0.0027405 -0.486752 -1.49089 -0.00382885 -1.0246 -3.15871
6.896 0.000146059 -0.48749 -1.48923 -0.00372983 -1.18175 -3.61702
6.906 0.00431037 -0.4831 -1.4936 -0.00430054 -1.32968 -4.09858
6.916 -0.00537974 -0.488306 -1.49506 -0.00282683 -1.50019 -4.5975
6.926 -0.00263654 -0.482564 -1.48893 0.00592621 -1.65653 -5.11833
6.936 0.00883642 -0.488365 -1.48372 -0.00344268 -1.84334 -5.65274
6.946 0.00309697 -0.490622 -1.50857 0.00158836 -2.01725 -6.2143
6.956 0.00757827 -0.487027 -1.48985 0.00457459 -2.19477 -6.7701
6.966 0.00799079 -0.48961 -1.48714 -0.0011464 -2.38813 -7.34261
6.976 0.00530515 -0.483509 -1.49687 0.0052388 -2.57564 -7.92029
6.986 -0.00471684 -0.486291 -1.49733 -0.00376343 -2.7603 -8.49284
6.996 0.00283258 -0.480615 -1.49661 -0.000212342 -2.96016 -9.09125
7.006 0.000553634 -0.485056 -1.49715 -0.00365342 -3.14753 -9.68278
7.016 -0.0021775 -0.486743 -1.49269 -0.00184004 -3.33348 -10.2766
7.026 -0.00253006 -0.492375 -1.49304 0.00193954 -3.53462 -10.8602
7.036 -0.0113029 -0.480974 -1.49936 -0.00702082 -3.71832 -11.437
7.046 0.0053598 -0.47965 -1.50182 0.00433412 -3.91404 -12.0054
7.056 -0.00504156 -0.484012 -1.48849 -0.0102777 -4.08046 -12.5678
7.066 0.00296414 -0.487481 -1.4909 0.00319302 -4.26168 -13.1081
7.076 0.000107853 -0.488614 -1.48327 -0.0101303 -4.43195 -13.6471
7.086 -0.00850305 -0.48017 -1.49305 0.00407301 -4.59019 -14.159
7.096 -0.00642423 -0.482916 -1.49207 -0.00745286 -4.76694 -14.6474
7.106 0.00429408 -0.490068 -1.4949 0.00365429 -4.91451 -15.1248
7.116 0.0064326 -0.489793 -1.48757 0.00109758 -5.05551 -15.5748
7.126 0.00378478 -0.485607 -1.49123 0.0076072 -5.2007 -16.0069
7.136 -0.00148939 -0.475794 -1.49015 0.00452739 -5.32552 -16.4053
7.146 0.000237291 -0.486706 -1.50292 -0.00255396 -5.45712 -16.7798
7.156 -0.00159766 -0.486454 -1.49323 0.000709124 -5.5722 -17.1327
7.166 0.0036289 -0.496823 -1.49165 -0.00378778 -5.65976 -17.4375
7.176 0.00553843 -0.492363 -1.48873 0.00201621 -5.75592 -17.7237
7.186 0.000133712 -0.484037 -1.50043 -0.00879663 -5.849 -17.9695
7.196 0.0032252 -0.47905 -1.49332 0.000882165 -5.90731 -18.177
7.206 0.00368374 -0.485514 -1.4974 0.0014747 -5.96503 -18.3606
7.216 -0.00414309 -0.491446 -1.48901 -0.00173803 -6.01213 -18.4949
7.226 -0.000471325 -0.482373 -1.48986 0.00246893 -6.04265 -18.6025
7.236 -0.00544865 -0.483887 -1.4992 0.00916035 -6.07186 -18.6861
7.246 -0.0125158 -0.481676 -1.49733 0.00318771 -6.07484 -18.7171
7.256 0.00743663 -0.492926 -1.49943 -0.00726489 -6.07767 -18.7102
7.266 0.00939142 -0.494519 -1.49205 -0.00828913 -6.0576 -18.6721
7.276 0.00714333 -0.483833 -1.49075 -0.00228078 -6.03863 -18.5945
7.286 0.00980182 -0.487163 -1.48516 0.0039527 -6.0002 -18.4812
7.296 0.00240438 -0.486537 -1.49755 0.000960117 -5.96298 -18.3255
7.306 0.00554668 -0.486133 -1.49121 0.00320781 -5.89799 -18.1418
7.316 -0.000155422 -0.481886 -1.48378 0.0096144 -5.82835 -17.9217
7.326 -0.000495492 -0.475459 -1.48981 0.000946933 -5.74075 -17.6637
7.336 -0.0104707 -0.483152 -1.49076 0.00630695 -5.64475 -17.3764
7.346 0.00587194 -0.489125 -1.49336 0.00834239 -5.54075 -17.0648
7.356 -0.0121933 -0.481974 -1.48893 0.000563951 -5.43143 -16.7133
7.366 -0.00745103 -0.487823 -1.48873 0.00337805 -5.304 -16.3312
7.376 -0.000567132 -0.488695 -1.49754 -0.00316744 -5.17919 -15.9249
7.386 -0.00395813 -0.48339 -1.48454 0.00897096 -5.0367 -15.4943
7.396 0.000929148 -0.480848 -1.49822 -0.00952614 -4.88043 -15.0391
7.406 0.00831873 -0.491297 -1.49184 -0.00167283 -4.72306 -14.5625
7.416 -0.000979943 -0.485511 -1.4931 0.000934638 -4.56812 -14.0575
7.426 0.00141716 -0.500999 -1.49563 -0.0103972 -4.39867 -13.5408
7.436 -0.00650178 -0.481946 -1.49988 1.82131e-05 -4.22851 -13.0035
7.446 -0.00274276 -0.487161 -1.49564 -0.000956728 -4.03896 -12.4554
7.456 0.00131034 -0.486704 -1.4986 0.00540618 -3.87072 -11.8891
7.466 0.00379684 -0.480181 -1.4931 -0.00217141 -3.67346 -11.3167
7.476 0.00379018 -0.481343 -1.49955 0.00403121 -3.47998 -10.7376
7.486 0.00145226 -0.494919 -1.49504 -0.00118032 -3.28728 -10.1516
7.496 0.00661211 -0.489996 -1.49064 0.00530905 -3.10847 -9.57525
7.506 -0.00189841 -0.481652 -1.49693 -0.00233422 -2.92254 -8.97382
7.516 0.00362148 -0.488589 -1.49405 -0.00649825 -2.72075 -8.38813
7.526 -0.00132781 -0.484944 -1.48393 0.000860975 -2.53781 -7.80502
7.536 0.0049216 -0.484466 -1.49346 -0.000925833 -2.34075 -7.22683
7.546 0.000808081 -0.482574 -1.48498 0.000490915 -2.15911 -6.65299
7.556 0.00611657 -0.48281 -1.48592 0.00738881 -1.98124 -6.09391
7.566 0.0138458 -0.480013 -1.49418 -0.00270214 -1.808 -5.54623
7.576 -0.00767617 -0.476231 -1.48661 0.00494144 -1.63417 -5.01571
7.586 -0.00162202 -0.480435 -1.49329 -0.0115115 -1.46714 -4.4928
7.596 -0.0025982 -0.483067 -1.50235 0.00517281 -1.30824 -4.00206
7.606 0.00627993 -0.48765 -1.49358 0.00519228 -1.13947 -3.5322
7.616 0.00356867 -0.484537 -1.49438 -0.00292903 -1.0061 -3.07567
7.626 0.00595805 -0.483526 -1.49526 0.0038149 -0.853549 -2.64357
7.636 0.00399853 -0.483091 -1.49163 0.0021259 -0.729371 -2.24859
7.646 0.0112237 -0.486278 -1.48322 0.00465389 -0.609674 -1.86846
7.656 -0.0035506 -0.489511 -1.48494 -0.00302331 -0.499805 -1.53447
7.666 -0.00916303 -0.483535 -1.49409 0.0113315 -0.393968 -1.21919
7.676 -0.00221643 -0.488383 -1.49661 -0.00101273 -0.306812 -0.946036
7.686 -0.00143146 -0.48016 -1.49624 0.00282622 -0.221123 -0.693903
7.696 -0.00154371 -0.4771 -1.49658 0.00450833 -0.160652 -0.47564
7.706 7.34611e-05 -0.481867 -1.48566 -0.00271844 -0.0960127 -0.299705
7.716 0.000998723 -0.48877 -1.48498 -0.00321754 -0.0534183 -0.151097
7.726 0.00136143 -0.490014 -1.49265 -0.00272169 -0.00753918 -0.047926
7.736 0.00409063 -0.484683 -1.48411 0.00162554 0.0104797 0.0233629
7.746 0.00554504 -0.483917 -1.4885 -0.000521302 0.00951193 0.0610357
7.756 0.00923104 -0.481056 -1.49581 0.00148843 0.0244037 0.0498759
7.766 0.00397851 -0.490549 -1.49095 0.00158776 0.000913663 0.00438734
7.776 0.00150921 -0.49105 -1.48843 -0.0040518 -0.0225102 -0.0690778
7.786 0.000139854 -0.487916 -1.49622 -0.00642788 -0.0524054 -0.176616
7.796 0.00638758 -0.491123 -1.49257 -0.000713363 -0.100952 -0.334728
7.806 -0.00106717 -0.484424 -1.49734 -0.000254934 -0.173877 -0.526506
7.816 0.000941582 -0.490791 -1.49566 -0.00114033 -0.242827 -0.737329
7.826 -0.00325091 -0.489278 -1.49675 -0.0017095 -0.324807 -0.997392
7.836 0.00225906 -0.484438 -1.49312 -0.000704896 -0.418135 -1.27775
7.846 0.00491528 -0.496483 -1.49783 0.00897578 -0.520403 -1.60274
7.856 -0.00233785 -0.483713 -1.49215 -0.00710238 -0.617693 -1.95274
7.866 -0.000295242 -0.482233 -1.48893 -0.0049147 -0.748398 -2.33108
7.876 0.00123085 -0.478158 -1.48935 0.00171371 -0.885381 -2.73908
7.886 -0.00997322 -0.481144 -1.49662 0.00165478 -1.03709 -3.17331
7.896 -0.0083562 -0.493001 -1.49197 0.00842393 -1.17572 -3.61784
7.906 -0.00439893 -0.469428 -1.49325 0.00166438 -1.32909 -4.09901
7.916 -0.00405016 -0.483452 -1.49606 0.00578294 -1.48649 -4.60696
7.926 0.000158408 -0.478484 -1.50401 0.0104422 -1.65377 -5.12839
7.936 0.00722556 -0.48106 -1.49513 0.00250741 -1.83128 -5.65961
7.946 0.00326722 -0.485923 -1.49387 0.00433573 -2.02104 -6.2073
7.956 0.00288302 -0.479167 -1.49094 -0.0013055 -2.19822 -6.77703
7.966 -0.00592048 -0.482852 -1.49555 -0.00139643 -2.38712 -7.33788
7.976 0.0026098 -0.479983 -1.49012 0.0058669 -2.57689 -7.9226
7.986 0.000308196 -0.486369 -1.48829 0.00636698 -2.75908 -8.50365
7.996 -0.00464229 -0.488795 -1.49679 0.0054118 -2.94809 -9.09288
8.007 -0.0037133 -0.490679 -1.49814 0.000741356 -3.16607 -9.74389
8.018 -0.0117866 -0.488992 -1.49892 -0.00478379 -3.37362 -10.3944
8.029 -0.000623077 -0.488673 -1.48901 0.00121656 -3.587 -11.0248
8.04 0.00693854 -0.502868 -1.50352 0.00754876 -3.79333 -11.6624
8.051 0.00317249 -0.4854 -1.49702 0.00908862 -3.98944 -12.2884
8.062 -0.00956558 -0.489431 -1.48646 0.00541781 -4.18739 -12.8941
8.073 -0.0113325 -0.490249 -1.49309 -0.00273281 -4.3907 -13.487
8.084 -0.00136997 -0.485271 -1.48844 0.00497671 -4.56399 -14.0573
8.095 -0.000686153 -0.487894 -1.4889 0.00536949 -4.74693 -14.6029
8.106 0.00289434 -0.489253 -1.49435 0.00416076 -4.92146 -15.128
8.117 0.00397774 -0.483213 -1.49178 -0.00279559 -5.08109 -15.6201
8.128 0.00491871 -0.483655 -1.49513 0.0037076 -5.23078 -16.0937
8.139 -0.00360271 -0.487901 -1.48928 -0.00261233 -5.36165 -16.5335
8.15 0.00331882 -0.490605 -1.49286 0.0106524 -5.50638 -16.9259
8.161 -0.000291097 -0.480831 -1.49754 -0.00758066 -5.61543 -17.2976
8.172 0.00355277 -0.488037 -1.49575 0.00332115 -5.7229 -17.6144
8.183 0.00573213 -0.482901 -1.50129 -0.00114244 -5.82206 -17.8889
8.194 -0.00105404 -0.482329 -1.48973 0.00723969 -5.90143 -18.1392
8.205 -0.00863159 -0.484511 -1.4976 -0.0073881 -5.95743 -18.3544
8.216 -0.00762887 -0.492639 -1.48912 0.00314264 -6.01627 -18.5013
8.227 -0.00125115 -0.486496 -1.49786 -0.00119494 -6.04915 -18.6247
8.238 0.00689565 -0.486101 -1.48838 -0.00468324 -6.07269 -18.6939
8.249 -0.00992263 -0.490071 -1.50125 -0.00715726 -6.07387 -18.715
8.26 0.00502311 -0.492274 -1.49424 -0.00266094 -6.06959 -18.7067
8.271 -0.00189594 -0.485276 -1.49004 0.000280225 -6.05148 -18.6344
8.282 0.000326779 -0.490373 -1.49267 -0.00744085 -6.01913 -18.5176
8.293 0.000875136 -0.484241 -1.49445 0.00934272 -5.96292 -18.375
8.304 0.000788006 -0.482661 -1.5037 0.00477709 -5.90974 -18.1891
8.315 0.00650904 -0.486476 -1.49975 -0.00112016 -5.83643 -17.9466
8.326 -0.010493 -0.485733 -1.48937 -0.002289 -5.73692 -17.6624
8.337 -0.0040269 -0.491286 -1.50875 0.0078278 -5.63621 -17.3514
8.348 -0.00257255 -0.480184 -1.49765 -0.000107447 -5.52349 -16.9906
8.359 0.00259747 -0.486633 -1.49696 0.000800108 -5.39305 -16.5927
8.37 -0.00894782 -0.485338 -1.49235 -0.00710536 -5.25383 -16.1726
8.381 -0.00119249 -0.493123 -1.49107 0.00226613 -5.10197 -15.7125
8.392 -0.00252532 -0.482226 -1.49644 0.00463891 -4.94693 -15.2196
8.403 -0.00498619 -0.491275 -1.48761 -0.0143435 -4.78345 -14.7117
8.414 -0.0064347 -0.481581 -1.49619 0.00105231 -4.59831 -14.1544
8.425 0.0041215 -0.497635 -1.49833 0.00657228 -4.41668 -13.5854
8.436 -0.00619045 -0.491889 -1.49201 -0.00359806 -4.22618 -13.0089
8.447 -0.00443665 -0.489754 -1.49751 -0.00268077 -4.02644 -12.3997
8.458 -0.00488837 -0.48348 -1.49271 0.0023963 -3.83915 -11.7784
8.469 -0.00492202 -0.492093 -1.49485 0.00214444 -3.61937 -11.153
8.48 -0.0045582 -0.480678 -1.49304 0.00264619 -3.4196 -10.5037
8.491 0.0111682 -0.485529 -1.48929 0.00128974 -3.20627 -9.87288
8.502 -0.00393809 -0.487885 -1.49512 -0.0031216 -2.99675 -9.20602
8.513 0.00456471 -0.483694 -1.50077 0.00247157 -2.78194 -8.5683
8.524 0.00709854 -0.497862 -1.47965 0.00126716 -2.56932 -7.91431
8.535 0.00250252 -0.493462 -1.49961 0.00543678 -2.36371 -7.28079
8.546 -0.00234682 -0.480076 -1.49834 0.00128595 -2.15935 -6.64972
8.557 0.00240557 -0.483002 -1.49372 -0.00112096 -1.96264 -6.0387
8.568 0.0015199 -0.485631 -1.50069 0.00481718 -1.77074 -5.43556
8.579 0.00710122 -0.49072 -1.49261 0.00281209 -1.57358 -4.8572
8.59 0.0049081 -0.484364 -1.49212 0.000669389 -1.3901 -4.29992
8.601 0.00313293 -0.480469 -1.49097 0.00837043 -1.21645 -3.76776
8.612 -0.0012152 -0.477449 -1.48871 -0.0116643 -1.06378 -3.25898
8.623 0.0103346 -0.490231 -1.49561 -0.00276984 -0.897162 -2.77357
8.634 -0.00142108 -0.484957 -1.49673 -0.00131393 -0.754253 -2.32529
8.645 -0.000756216 -0.490771 -1.49959 -0.00598561 -0.62858 -1.90996
8.656 0.000737798 -0.469667 -1.49368 0.00391078 -0.492006 -1.53489
8.667 -0.000561015 -0.479923 -1.49207 -0.000566047 -0.378912 -1.18482
8.678 -0.000948655 -0.487779 -1.48903 -0.00168294 -0.286536 -0.885993
8.689 -0.00267253 -0.485216 -1.49784 0.00635575 -0.209131 -0.622593
8.7 0.00737221 -0.476557 -1.49491 0.00259236 -0.127996 -0.395785
8.711 0.00301989 -0.491409 -1.49277 0.000457831 -0.0651374 -0.218044
8.722 0.0042324 -0.486187 -1.49458 -0.00199295 -0.0256987 -0.0907811
8.733 0.00266761 -0.482122 -1.49157 0.00463767 0.00423937 -0.00122456
8.744 0.00320294 -0.486172 -1.48857 0.00434135 0.0122432 0.0496565
8.755 -0.00395277 -0.488493 -1.49954 -0.00235684 0.0207781 0.0545568
8.766 -0.00363711 -0.491113 -1.49303 -0.00635448 0.00653271 0.0100542
8.777 0.00500078 -0.491252 -1.4949 -0.00229713 -0.0194394 -0.0772491
8.788 0.00272025 -0.482561 -1.49643 -0.00197859 -0.068519 -0.210676
8.799 -0.00309639 -0.491588 -1.50067 -1.15589e-05 -0.119023 -0.386764
8.81 0.00355371 -0.48153 -1.48614 -0.00621589 -0.198597 -0.608339
8.821 0.00197863 -0.478103 -1.49251 0.00107205 -0.271277 -0.858643
8.832 0.00109218 -0.490231 -1.49721 -0.00316775 -0.375696 -1.15568
8.843 0.000160388 -0.479651 -1.508 -0.00631381 -0.494421 -1.5021
8.854 0.00193755 -0.494783 -1.49873 0.00210885 -0.608193 -1.8811
8.865 0.00246196 -0.480216 -1.49872 0.00489832 -0.738879 -2.29255
8.876 -0.00028042 -0.479973 -1.5012 0.00142229 -0.884254 -2.72954
8.887 -0.00586622 -0.483627 -1.49495 0.0018288 -1.04151 -3.21046
8.898 0.00489997 -0.481783 -1.49119 0.00936915 -1.20778 -3.7121
8.909 -0.00077598 -0.483162 -1.50172 0.00374969 -1.38379 -4.25268
8.92 0.00574108 -0.488706 -1.49437 0.00702177 -1.56079 -4.80669
8.931 -0.00635185 -0.488654 -1.49682 -0.00668639 -1.75095 -5.3861
8.942 -0.00236923 -0.487335 -1.49495 0.00324126 -1.9416 -5.97866
8.953 -0.00340312 -0.487241 -1.48754 -0.000246883 -2.14066 -6.60478
8.964 -0.00416339 -0.483274 -1.50232 0.00466953 -2.35379 -7.21855
8.975 0.00493099 -0.479496 -1.4917 0.00231385 -2.55293 -7.85741
8.986 0.000527004 -0.489496 -1.49969 -0.000572286 -2.76777 -8.5002
8.997 0.00614313 -0.483922 -1.4968 0.00628977 -2.97139 -9.15274
9.008 0.0031716 -0.483492 -1.49257 -0.00508274 -3.18341 -9.79833
9.019 0.0103803 -0.491325 -1.49042 0.00121963 -3.40103 -10.4458
9.03 -0.00424628 -0.488679 -1.48548 0.00439222 -3.60074 -11.0889
9.041 -0.0001728 -0.488644 -1.50005 -0.0069934 -3.81179 -11.7165
9.052 -0.00153231 -0.486337 -1.48909 -0.0017674 -4.01351 -12.3399
9.063 -0.00102957 -0.486381 -1.48856 -0.00200428 -4.20269 -12.9433
9.074 0.00321255 -0.486224 -1.49647 0.0028108 -4.39214 -13.5322
9.085 0.00351853 -0.489776 -1.50486 -0.0026282 -4.57792 -14.1087
9.096 -0.00190589 -0.489608 -1.4953 0.00139656 -4.77211 -14.6482
9.107 -5.63134e-05 -0.485156 -1.484 0.00634084 -4.92774 -15.1743
9.118 0.00369355 -0.488473 -1.49152 0.00308192 -5.09052 -15.6801
9.129 -0.00233723 -0.490941 -1.5051 -0.00374185 -5.24249 -16.1378
9.14 -0.000532224 -0.485046 -1.48944 -0.00329139 -5.37663 -16.5655
9.151 0.00675723 -0.4841 -1.50249 0.00160884 -5.51121 -16.9618
9.162 -0.0026288 -0.479917 -1.4938 -0.00433966 -5.62468 -17.3133
9.173 0.000457745 -0.494461 -1.5008 0.00176871 -5.73135 -17.6431
9.184 -0.00124068 -0.491656 -1.49096 0.00109924 -5.82379 -17.9297
9.195 -0.00254504 -0.483293 -1.49453 -0.00799314 -5.90723 -18.1578
9.206 0.00308208 -0.497387 -1.49087 0.0014044 -5.96493 -18.3563
9.217 0.000992464 -0.486296 -1.49956 0.00279002 -6.0159 -18.5136
9.228 0.00160811 -0.477379 -1.50399 0.00404057 -6.05481 -18.6308
9.239 -0.00111709 -0.482733 -1.4944 -0.00224516 -6.07191 -18.6864
9.25 0.0106042 -0.485919 -1.49609 0.00237578 -6.07743 -18.7129
9.261 0.00707864 -0.48184 -1.48874 -0.00060066 -6.07502 -18.6865
9.272 -0.00106316 -0.48007 -1.48896 0.00617102 -6.04783 -18.6253
9.283 -0.00112543 -0.480913 -1.49397 -0.00109791 -6.02994 -18.5145
9.294 -0.00126445 -0.486741 -1.48709 0.00322967 -5.95882 -18.359
9.305 -0.00199707 -0.481686 -1.50009 -0.00329448 -5.89499 -18.1511
9.316 -0.00296297 -0.486351 -1.49837 0.00175716 -5.81971 -17.919
9.327 -0.00832098 -0.488815 -1.4995 -0.00507394 -5.72358 -17.6381
9.338 7.49125e-05 -0.491045 -1.49945 0.00349546 -5.62355 -17.321
9.349 0.0073712 -0.484699 -1.49021 0.0032912 -5.49562 -16.9534
9.36 -0.0024155 -0.489532 -1.49961 0.00218633 -5.38161 -16.5591
9.371 -0.0103573 -0.485203 -1.49146 0.0025908 -5.23835 -16.1248
9.382 0.000248547 -0.479772 -1.50041 0.00523973 -5.08829 -15.6662
9.393 0.00177314 -0.484452 -1.49407 0.00355248 -4.92392 -15.1801
9.404 -0.00558774 -0.486519 -1.4953 -0.0035283 -4.76773 -14.6573
9.415 0.00400637 -0.481435 -1.49872 0.00306446 -4.58155 -14.1222
9.426 0.00857101 -0.494814 -1.49956 -0.00826484 -4.40101 -13.5378
9.437 -0.00351713 -0.492985 -1.48896 -0.0043912 -4.21132 -12.9542
9.448 -0.00905279 -0.48632 -1.49667 0.00311619 -4.00994 -12.3576
9.459 0.00649894 -0.485904 -1.4943 0.00457404 -3.81222 -11.7212
9.47 0.00276436 -0.482643 -1.49919 -0.00276783 -3.60619 -11.0935
9.481 0.0001466 -0.483961 -1.49287 0.00522832 -3.39225 -10.4565
9.492 0.00875587 -0.483237 -1.48983 -0.00828373 -3.18265 -9.80419
9.503 0.0013996 -0.485414 -1.49042 -0.0107092 -2.97524 -9.15651
9.514 -0.000318058 -0.481095 -1.49487 0.00173779 -2.76497 -8.50882
9.525 -0.00649562 -0.48275 -1.5 -0.00115294 -2.55796 -7.85945
9.536 0.00487688 -0.477633 -1.48881 -0.00104504 -2.34633 -7.21657
9.547 0.0094525 -0.494989 -1.49422 0.000281012 -2.14344 -6.59786
9.558 -0.0076932 -0.482184 -1.4902 0.000656609 -1.94035 -5.98207
9.569 0.00325003 -0.488934 -1.49704 0.00519417 -1.74366 -5.39039
9.58 0.0014081 -0.487805 -1.4947 -0.00248926 -1.5634 -4.81381
9.591 0.00390229 -0.481869 -1.48363 0.00596997 -1.38009 -4.25902
9.602 0.0103325 -0.486583 -1.49457 0.00263325 -1.20605 -3.72546
9.613 -0.0093535 -0.488683 -1.49625 -0.000498838 -1.04287 -3.20842
9.624 0.00113371 -0.488737 -1.49675 0.00863474 -0.894667 -2.73454
9.635 -0.00426721 -0.491195 -1.49815 0.00292761 -0.756463 -2.28912
9.646 -0.000146037 -0.481306 -1.49707 -0.00292721 -0.61154 -1.87965
9.657 -0.00908099 -0.487649 -1.48998 0.00589156 -0.492295 -1.50425
9.668 -0.000802392 -0.476377 -1.49456 -0.00126141 -0.375254 -1.16738
9.679 0.00179369 -0.484784 -1.49896 0.00170568 -0.274624 -0.853793
9.69 0.0045249 -0.479021 -1.50809 0.000323849 -0.2085 -0.60635
9.701 0.00741752 -0.486517 -1.48812 -0.000428197 -0.130711 -0.392133
9.712 0.00120572 -0.486564 -1.49293 0.00153183 -0.0673312 -0.208739
9.723 -0.00353267 -0.485206 -1.49956 -0.0036189 -0.020332 -0.0777091
9.734 0.00349914 -0.488787 -1.49462 -0.009358 -0.00551512 0.0125155
9.745 -0.00178105 -0.485398 -1.49095 -0.00945325 0.0262574 0.0511627
9.756 0.00529674 -0.491508 -1.50123 0.000810971 0.0143777 0.0513782
9.767 0.0112628 -0.483029 -1.48749 -0.00589084 0.00955201 0.00539692
9.778 -0.0047342 -0.483496 -1.49125 0.00486854 -0.0271785 -0.0926718
9.789 0.00128652 -0.488435 -1.50001 -7.22584e-05 -0.071999 -0.233475
9.8 0.0029642 -0.478815 -1.49697 -0.0079937 -0.121807 -0.396605
9.811 -0.00203143 -0.491712 -1.489 -0.000462398 -0.205845 -0.623242
9.822 -6.6056e-05 -0.48689 -1.50049 0.000205261 -0.282489 -0.882108
9.833 -0.000441933 -0.488845 -1.49213 -0.00776703 -0.392697 -1.19005
9.844 0.00909364 -0.47764 -1.48788 0.000101656 -0.499563 -1.53933
9.855 0.00152613 -0.492968 -1.48444 -0.000839094 -0.620571 -1.91632
9.866 0.00014418 -0.492502 -1.49928 0.0032572 -0.755131 -2.333
9.877 0.00283277 -0.480507 -1.49712 0.00518253 -0.908763 -2.78374
9.888 -0.00187976 -0.486231 -1.49002 -0.00029395 -1.05051 -3.25969
9.899 0.000271977 -0.479581 -1.48815 -0.000457719 -1.21719 -3.76191
9.91 -0.00297887 -0.479082 -1.49319 -0.00475554 -1.39992 -4.29865
9.921 0.00140623 -0.478782 -1.4991 0.00122072 -1.5753 -4.84489
9.932 0.00949048 -0.483959 -1.4976 0.000245853 -1.76701 -5.44266
9.943 -0.00723963 -0.47781 -1.50054 0.00553745 -1.96032 -6.03937
