0 -0.00749053 -0.490753 -1.49289 0.000444116 -3.02991 -9.32909
0.01 0.00546909 -0.483719 -1.4964 -0.0042118 -3.21784 -9.91701
0.02 -0.00254949 -0.489127 -1.49196 -0.00510756 -3.41418 -10.5123
0.03 0.00140103 -0.478789 -1.49304 0.00108588 -3.60279 -11.0905
0.04 -0.00130885 -0.487382 -1.49125 0.00547079 -3.7898 -11.6644
0.05 -0.00358494 -0.49623 -1.49715 -0.00594268 -3.97088 -12.2221
0.06 0.00766419 -0.4768 -1.48902 -0.00263569 -4.14679 -12.7901
0.07 -0.00613839 -0.481279 -1.49777 -4.35079e-05 -4.32249 -13.3297
0.08 -0.00210333 -0.476727 -1.50358 0.00294864 -4.50403 -13.8465
0.09 0.00173411 -0.48187 -1.50275 -0.000811536 -4.66244 -14.3507
0.1 0.00805543 -0.482618 -1.50106 0.000805274 -4.82709 -14.8414
0.11 -0.00385693 -0.48417 -1.48822 0.00902385 -4.97605 -15.3179
0.12 0.00177291 -0.484563 -1.49909 0.0010499 -5.12134 -15.7622
0.131 3.81891e-05 -0.48572 -1.49914 0.0092417 -5.26271 -16.2193
0.141 0.00188517 -0.485073 -1.49029 -0.00276654 -5.39474 -16.6079
0.151 0.000780073 -0.488501 -1.49415 4.64214e-05 -5.50825 -16.9621
0.161 0.00586842 -0.478158 -1.4919 -0.00729953 -5.61913 -17.2913
0.171 0.00342414 -0.488374 -1.50008 0.0081563 -5.71072 -17.5784
0.181 -0.00178077 -0.481312 -1.49505 0.00426051 -5.80152 -17.8447
0.191 -0.000876674 -0.483584 -1.4903 -0.0032278 -5.88016 -18.0727
0.201 0.00636429 -0.485316 -1.49878 -0.00743288 -5.93594 -18.2772
0.211 0.00586466 -0.490107 -1.49814 0.000716993 -5.98934 -18.4445
0.221 0.0098 -0.489039 -1.48821 -0.000518143 -6.02548 -18.5616
0.231 0.000367123 -0.482015 -1.49926 0.00406368 -6.05623 -18.6551
0.241 -0.0102552 -0.480982 -1.50243 0.000239877 -6.07854 -18.7045
0.252 0.00113256 -0.476829 -1.49837 0.00171381 -6.07809 -18.7091
0.262 0.000263218 -0.488081 -1.49716 -0.0013146 -6.07589 -18.6944
0.272 0.000436421 -0.489067 -1.49777 0.00137453 -6.05777 -18.6256
0.282 0.00269086 -0.487822 -1.49326 -0.00379684 -6.01233 -18.5383
0.292 -0.00171537 -0.474872 -1.49533 0.000159474 -5.97484 -18.381
0.302 0.00125077 -0.482758 -1.49378 0.00593676 -5.92046 -18.2172
0.312 0.00153103 -0.491527 -1.49793 0.00887139 -5.84851 -18.007
0.322 -0.00609663 -0.491184 -1.49315 0.00519813 -5.77085 -17.7696
0.332 0.0036501 -0.485726 -1.49002 0.00175999 -5.68 -17.4963
0.342 -0.00337328 -0.48049 -1.49276 -0.00106806 -5.57924 -17.1941
0.352 0.000731764 -0.493075 -1.4992 0.00138275 -5.48407 -16.8488
0.362 0.00345159 -0.485348 -1.50071 0.00814288 -5.3594 -16.49
0.372 -0.00752214 -0.488149 -1.50036 0.0069388 -5.22766 -16.0923
0.382 0.00722494 -0.492019 -1.49458 -0.00646895 -5.09032 -15.6689
0.392 -0.00709455 -0.478467 -1.49388 -0.00133161 -4.95211 -15.2265
0.402 0.000149168 -0.48887 -1.49301 -0.00351876 -4.78565 -14.7484
0.412 -0.00890798 -0.482352 -1.49606 -0.00344062 -4.63891 -14.2633
0.422 -0.0134187 -0.479354 -1.49537 0.00337633 -4.46921 -13.7542
0.432 0.00602765 -0.486762 -1.48835 -0.00927995 -4.29057 -13.2224
0.442 0.000833558 -0.48243 -1.49617 0.00370565 -4.13109 -12.6792
0.452 0.00616087 -0.481579 -1.48996 0.00493708 -3.93623 -12.1153
0.462 0.000920324 -0.486829 -1.48701 -0.0101618 -3.74845 -11.548
0.472 -0.000993532 -0.487917 -1.48843 -0.00660975 -3.55434 -10.9741
0.482 0.00493117 -0.485051 -1.49326 0.00802132 -3.37002 -10.39
0.492 -0.00227348 -0.482245 -1.49464 0.00852096 -3.18527 -9.80692
0.503 0.0137912 -0.484091 -1.49372 0.000317869 -2.97113 -9.15705
0.513 -0.000258645 -0.485175 -1.48435 0.00210966 -2.77453 -8.56701
0.523 0.00129864 -0.483433 -1.49045 -0.00535504 -2.59226 -7.97301
0.533 -0.00163614 -0.490606 -1.48996 0.00836427 -2.39888 -7.399
0.543 -0.00169776 -0.485309 -1.48725 -0.00891353 -2.22243 -6.81702
0.553 0.0157277 -0.483558 -1.49416 -0.00430047 -2.04075 -6.26714
0.563 0.00281427 -0.493653 -1.49371 -0.00527797 -1.85447 -5.71495
0.573 0.000168677 -0.48701 -1.48593 -0.00320353 -1.67965 -5.18047
0.583 0.00267104 -0.488531 -1.50076 0.00257097 -1.52285 -4.65608
0.593 -0.00365146 -0.488324 -1.49543 0.00060278 -1.34567 -4.14343
0.603 0.00830479 -0.487063 -1.50535 0.00198933 -1.19801 -3.67015
0.613 0.00857034 -0.48804 -1.48915 0.00722324 -1.037 -3.21044
0.623 0.00372422 -0.474676 -1.49104 -0.00255686 -0.893096 -2.77114
0.633 0.00102784 -0.48318 -1.50068 0.00410423 -0.771504 -2.3755
0.643 -0.00529229 -0.487181 -1.4935 0.00724752 -0.649882 -1.97733
0.653 0.00722957 -0.483523 -1.48959 -0.00563001 -0.53715 -1.62127
0.663 -0.00182845 -0.493818 -1.49008 0.00265414 -0.428903 -1.315
0.673 0.00206342 -0.485333 -1.495 -0.00832327 -0.326089 -1.01857
0.683 0.000642639 -0.482909 -1.49728 0.00450748 -0.248933 -0.76889
0.693 0.00322407 -0.467281 -1.49059 0.00944299 -0.16425 -0.540306
0.703 0.00550782 -0.48357 -1.49723 0.00118081 -0.109764 -0.353487
0.713 -0.00374483 -0.492945 -1.48612 0.00486142 -0.0627057 -0.187351
0.723 -0.00658289 -0.490604 -1.48996 0.00147725 -0.0258872 -0.081525
0.733 0.00146745 -0.478982 -1.49551 0.00356977 -0.00979302 0.00730677
0.743 0.0105187 -0.487214 -1.48915 0.000994373 0.014386 0.0465289
0.753 0.00127093 -0.489006 -1.49493 0.001209 0.0173551 0.0535687
0.763 0.00375506 -0.484326 -1.4906 0.00543401 0.0136494 0.0344088
0.773 -0.00169168 -0.487297 -1.49021 -0.0143942 -0.0181461 -0.045149
0.783 -0.000633025 -0.480744 -1.49164 -0.0052761 -0.0488907 -0.146092
0.793 -0.00170152 -0.486846 -1.48793 -0.00534494 -0.0955217 -0.282421
0.803 -0.00224097 -0.492753 -1.49895 -0.000542524 -0.166483 -0.466931
0.813 -0.000543366 -0.488463 -1.49487 -0.00113229 -0.219694 -0.66479
0.823 0.00942294 -0.490448 -1.49481 -0.00207652 -0.298284 -0.913534
0.833 0.00399999 -0.481446 -1.48862 0.00155716 -0.384463 -1.19143
0.843 0.0108395 -0.485487 -1.4983 0.0029548 -0.486448 -1.49211
0.853 0.00131661 -0.493397 -1.48613 -0.000995305 -0.600387 -1.83426
0.863 -0.00139376 -0.479944 -1.49735 -0.00546695 -0.713371 -2.2079
0.873 0.000374512 -0.482939 -1.48988 -0.0063583 -0.849849 -2.6059
0.883 -0.00215121 -0.479675 -1.49938 -0.00201048 -0.985988 -3.03981
0.893 0.00438585 -0.493547 -1.49115 -0.00683035 -1.13776 -3.48401
0.903 -0.00180384 -0.485154 -1.49558 0.00570977 -1.29798 -3.95787
0.913 0.00316238 -0.490828 -1.51062 0.00203789 -1.44851 -4.44002
0.923 -0.00210935 -0.483149 -1.48984 0.00103647 -1.60672 -4.9697
0.933 0.00127089 -0.484497 -1.49311 -0.000252591 -1.77805 -5.49705
0.943 -0.0135895 -0.482928 -1.50604 -0.00399187 -1.95312 -6.04473
0.953 0.00258471 -0.475134 -1.49779 4.59024e-05 -2.14196 -6.59097
0.963 0.000606831 -0.483461 -1.49146 -0.000847 -2.33547 -7.16921
0.973 -0.00181855 -0.485818 -1.4952 -0.00544378 -2.52006 -7.75342
0.983 -0.000297804 -0.489142 -1.4879 -2.5616e-05 -2.70309 -8.32621
0.993 9.64847e-05 -0.483868 -1.49159 0.00626919 -2.89432 -8.91954
1.004 -0.0124672 -0.489183 -1.49356 0.004464 -3.10488 -9.5684
1.015 -0.00349655 -0.487964 -1.50286 0.00022149 -3.32328 -10.2248
1.026 0.00216398 -0.48297 -1.49213 0.0137845 -3.52274 -10.8552
1.037 -0.00326291 -0.493571 -1.49373 -0.00114939 -3.73006 -11.4906
1.048 -0.000642038 -0.475203 -1.48626 -0.00515066 -3.93514 -12.12
1.059 -0.00795997 -0.487429 -1.49378 0.00386732 -4.14351 -12.7416
1.07 -0.00274435 -0.490375 -1.4908 0.000954392 -4.33202 -13.3271
1.081 0.000582927 -0.492362 -1.48992 -0.00157992 -4.51652 -13.9033
1.092 -0.00810244 -0.48315 -1.48868 -0.000248792 -4.69585 -14.4537
1.103 0.0106224 -0.487515 -1.48974 0.00213544 -4.87239 -14.9811
1.114 0.00269594 -0.483156 -1.4933 0.00406932 -5.03732 -15.4946
1.125 -0.0034047 -0.487877 -1.49189 0.0062856 -5.18189 -15.9631
1.136 0.0028088 -0.490864 -1.48899 0.00455633 -5.33689 -16.4018
1.147 -0.000391595 -0.488375 -1.49547 0.00199619 -5.4678 -16.8157
1.158 0.00497192 -0.485743 -1.48825 0.00366897 -5.58858 -17.1919
1.169 -0.00462672 -0.489001 -1.49236 0.00684023 -5.68224 -17.5321
1.18 0.00904057 -0.484915 -1.49171 0.00172451 -5.78624 -17.8254
1.191 0.00203642 -0.485289 -1.4981 -0.0002532 -5.87417 -18.0824
1.202 -6.99918e-05 -0.482864 -1.48691 5.13749e-05 -5.95062 -18.2922
1.213 0.0082997 -0.488904 -1.49761 0.00267801 -5.99768 -18.4733
1.224 0.000974529 -0.479684 -1.48867 0.00506842 -6.04702 -18.5957
1.235 -0.00542167 -0.49512 -1.48561 0.00719971 -6.07483 -18.6706
1.246 0.00427625 -0.486263 -1.48549 -0.00343934 -6.08447 -18.7168
1.257 0.00116236 -0.48079 -1.49055 -0.0040083 -6.07434 -18.7114
1.268 -0.00278661 -0.485228 -1.49379 0.00712597 -6.06362 -18.6575
1.279 -0.0063643 -0.488703 -1.49501 -0.000454095 -6.03152 -18.5675
1.29 0.00357755 -0.48284 -1.49242 0.00260096 -5.98898 -18.419
1.301 0.00012011 -0.496558 -1.48998 -0.00640183 -5.92574 -18.232
1.312 0.00041289 -0.482065 -1.49775 0.000149106 -5.85562 -18.0026
1.323 0.00474178 -0.485774 -1.50223 0.00140735 -5.76472 -17.7505
1.334 0.00226773 -0.488537 -1.48898 -0.0033051 -5.66491 -17.4403
1.345 -0.00496162 -0.477663 -1.493 0.00339353 -5.55483 -17.0932
1.356 0.00144369 -0.477096 -1.48612 0.00268456 -5.42615 -16.7124
1.367 0.00177926 -0.504829 -1.49361 0.00221956 -5.29273 -16.3005
1.378 -0.0048224 -0.491027 -1.49639 0.00268606 -5.15359 -15.8292
1.389 0.00731497 -0.491304 -1.49329 0.00454812 -5.00089 -15.355
1.4 0.00146429 -0.490748 -1.49426 0.00447767 -4.82894 -14.8405
1.411 -0.002781 -0.496799 -1.4868 0.0113268 -4.64154 -14.3145
1.422 0.00154438 -0.495275 -1.49407 0.00572983 -4.47084 -13.7516
1.433 0.00097108 -0.474056 -1.50097 -0.00261819 -4.27407 -13.172
1.444 0.00670828 -0.483177 -1.48117 -0.00182132 -4.07408 -12.5699
1.455 0.00306897 -0.482176 -1.49908 0.00877675 -3.87289 -11.9545
1.466 -0.00701771 -0.484016 -1.49395 -0.00498114 -3.67648 -11.3212
1.477 0.00287801 -0.48301 -1.50247 -0.00341599 -3.47324 -10.6752
1.488 0.00636807 -0.484055 -1.50167 0.00678134 -3.25848 -10.0371
1.499 -0.00126487 -0.47853 -1.48769 -0.00705186 -3.04693 -9.39046
1.51 -0.000215145 -0.47924 -1.49175 -0.0103759 -2.82971 -8.74039
1.521 -0.00608383 -0.483028 -1.49286 0.000511749 -2.62446 -8.09514
1.532 0.00779512 -0.479402 -1.49494 0.0102499 -2.4201 -7.45971
1.543 -0.00105042 -0.483747 -1.49585 0.00856759 -2.21914 -6.83274
1.554 -0.00125581 -0.48012 -1.50047 -0.00742315 -2.02105 -6.19869
1.565 -0.00665226 -0.481738 -1.49287 0.00795347 -1.82149 -5.59848
1.576 -0.00678414 -0.485588 -1.49748 0.0068461 -1.62413 -5.01532
1.587 0.00438331 -0.479186 -1.4953 -0.00242193 -1.4553 -4.44729
1.598 -0.00275067 -0.479026 -1.49488 -0.00566957 -1.2699 -3.89921
1.609 0.00410083 -0.48606 -1.49274 -0.00185712 -1.10133 -3.39497
1.62 0.00172744 -0.491401 -1.4928 0.000283958 -0.94983 -2.90343
1.631 0.000915854 -0.475922 -1.48316 0.00715479 -0.802989 -2.44665
1.642 0.000442003 -0.482105 -1.49344 -0.00978908 -0.651838 -2.0215
1.653 0.00242761 -0.485012 -1.49754 0.00134576 -0.524262 -1.62658
1.664 -0.00671861 -0.486227 -1.49061 0.00410449 -0.4174 -1.27576
1.675 0.00335151 -0.487372 -1.49169 -0.00511756 -0.305388 -0.967097
1.686 0.00194412 -0.485156 -1.48022 0.00150444 -0.229383 -0.683442
1.697 -0.00163368 -0.488119 -1.49236 0.00864547 -0.140265 -0.458024
1.708 -0.00247322 -0.484064 -1.49745 -0.00188821 -0.0889304 -0.275735
1.719 0.000470928 -0.48556 -1.48986 -0.00524353 -0.0390662 -0.112138
1.73 0.00274666 -0.486139 -1.49585 0.00508333 -0.00655971 -0.0238248
1.741 -0.0113906 -0.481437 -1.49999 0.00540211 0.00113615 0.046482
1.752 -0.00157757 -0.489474 -1.49228 -0.00605348 0.0208877 0.0559119
1.763 0.000862424 -0.478982 -1.49488 0.00475877 0.0107363 0.0321187
1.774 0.000558353 -0.488576 -1.49551 0.0104759 -0.0236165 -0.0514729
1.785 0.000166596 -0.490811 -1.49766 -0.00698899 -0.0547391 -0.176031
1.796 -0.00484207 -0.481148 -1.49375 -0.00443367 -0.107496 -0.324439
1.807 0.00276173 -0.488731 -1.49177 -0.00446366 -0.168817 -0.536795
1.818 0.000501528 -0.481612 -1.49692 0.00462299 -0.258413 -0.78269
1.829 0.00737319 -0.486914 -1.50091 0.00163075 -0.348479 -1.07525
1.84 0.00144834 -0.482472 -1.48506 -0.00111652 -0.457744 -1.39945
1.851 0.00929823 -0.479868 -1.49536 0.00644579 -0.575246 -1.77807
1.862 -0.00578067 -0.482169 -1.49932 0.00550686 -0.716387 -2.17046
1.873 0.00229069 -0.488784 -1.49384 -0.0127592 -0.842842 -2.61177
1.884 -0.00486556 -0.487154 -1.49029 -0.000983259 -0.999386 -3.08209
1.895 0.00406552 -0.490479 -1.49696 0.00288315 -1.16394 -3.57751
1.906 0.00668859 -0.486598 -1.49728 0.00588134 -1.33533 -4.10272
1.917 -0.00421136 -0.487054 -1.49064 -0.00361799 -1.51227 -4.65269
1.928 -0.00107567 -0.478445 -1.49173 -0.00848391 -1.69798 -5.23111
1.939 0.00194591 -0.483974 -1.50081 0.00457292 -1.8823 -5.8231
1.95 0.00379986 -0.492392 -1.48613 -0.00101045 -2.08846 -6.42897
1.961 0.00371922 -0.48435 -1.49086 0.00473567 -2.28102 -7.05642
1.972 0.00611392 -0.483878 -1.49199 0.000786052 -2.49466 -7.68771
1.983 -0.00354958 -0.480113 -1.49 0.00241157 -2.71503 -8.32817
1.994 0.00212324 -0.48922 -1.496 0.00905452 -2.90094 -8.97518
2.005 0.00696471 -0.483976 -1.4887 -0.00243087 -3.12441 -9.62978
2.016 0.00299314 -0.482194 -1.48659 0.0022165 -3.32945 -10.2742
2.027 -0.00790398 -0.486426 -1.49353 -0.00328268 -3.55419 -10.9127
2.038 -0.0083887 -0.48011 -1.49384 0.00135419 -3.75415 -11.5528
2.049 0.000713606 -0.486269 -1.48927 0.00239724 -3.94935 -12.1712
2.06 -0.0129913 -0.486682 -1.49203 0.0120163 -4.15674 -12.7898
2.071 -0.0093982 -0.484814 -1.50158 0.00159733 -4.35373 -13.3754
2.082 -0.00333673 -0.483015 -1.49791 0.00291304 -4.53412 -13.9536
2.093 0.000643199 -0.484526 -1.48993 0.000778916 -4.70027 -14.5025
2.104 0.00620348 -0.487143 -1.49154 0.00399175 -4.88384 -15.0374
2.115 -0.00176946 -0.485765 -1.49066 -0.00406347 -5.04215 -15.5422
2.126 -0.00176474 -0.480287 -1.49906 0.0147604 -5.1997 -16.0096
2.137 -0.0033382 -0.490363 -1.49268 0.00375365 -5.33924 -16.4418
2.148 0.00863178 -0.488964 -1.49177 -0.00512648 -5.47969 -16.8648
2.159 -0.00338832 -0.485443 -1.48445 0.00416649 -5.59636 -17.2304
2.17 0.00740937 -0.479533 -1.49087 0.00684972 -5.70588 -17.5471
2.181 -0.00246236 -0.485722 -1.49053 0.00279617 -5.79663 -17.8483
2.192 0.00671939 -0.480901 -1.49138 0.00571137 -5.89377 -18.108
2.203 -0.00967383 -0.495972 -1.50385 0.00553558 -5.94941 -18.3139
2.214 -0.00125715 -0.488332 -1.49207 0.00482182 -5.9957 -18.4785
2.225 -0.00119868 -0.480275 -1.49944 0.00105264 -6.05207 -18.596
2.236 0.00297107 -0.480895 -1.49274 -0.00112489 -6.06563 -18.6846
2.247 -0.000629536 -0.484758 -1.49509 -0.00226015 -6.07983 -18.7155
2.258 -0.00746081 -0.482312 -1.49028 0.00223371 -6.06926 -18.7086
2.269 -0.00512698 -0.487031 -1.49758 0.00619282 -6.06241 -18.6479
2.28 0.00702831 -0.480042 -1.50055 -0.00958395 -6.02852 -18.5551
2.291 0.00529199 -0.488623 -1.4922 0.00623974 -5.97641 -18.4151
2.302 -0.00217483 -0.483474 -1.49483 -0.0027159 -5.92895 -18.2236
2.313 0.00194944 -0.483128 -1.49845 0.00388863 -5.8432 -17.9881
2.324 0.00253292 -0.489122 -1.49247 -0.0148106 -5.754 -17.7212
2.335 0.00294557 -0.477645 -1.48893 -0.00886713 -5.65091 -17.4076
2.346 -0.0110557 -0.483022 -1.49301 0.00798887 -5.54261 -17.0546
2.357 -0.00696353 -0.48429 -1.48695 0.000209695 -5.41553 -16.6734
2.368 0.000126623 -0.487152 -1.49737 -0.000521336 -5.2828 -16.2594
2.379 -0.0101364 -0.480292 -1.50073 0.00146791 -5.12907 -15.8026
2.39 0.000543392 -0.480867 -1.4904 0.00300749 -4.97611 -15.3176
2.401 -0.000305618 -0.480559 -1.49648 0.00353502 -4.80258 -14.7895
2.412 -0.00529887 -0.485582 -1.49604 0.0053697 -4.62667 -14.2587
2.423 -0.00319174 -0.491725 -1.49614 -0.00360251 -4.45578 -13.689
2.434 -0.00369691 -0.484779 -1.49719 0.00180708 -4.26415 -13.1193
2.445 0.0111327 -0.482327 -1.49187 -0.0035505 -4.0693 -12.5126
2.456 0.00578857 -0.493833 -1.48669 0.00823461 -3.86067 -11.892
2.467 -0.00431462 -0.472363 -1.49579 0.00624167 -3.65206 -11.2671
2.478 -0.00596011 -0.482498 -1.49304 0.00223006 -3.44958 -10.6172
2.489 0.000130847 -0.484114 -1.48779 0.00193266 -3.2421 -9.96722
2.5 -0.00173171 -0.48702 -1.49828 0.00749889 -3.03259 -9.32423
2.511 0.00197591 -0.487499 -1.49646 -0.00751074 -2.82472 -8.67575
2.522 0.00208414 -0.478374 -1.48382 -0.0042745 -2.61435 -8.04192
2.533 -0.00813095 -0.477596 -1.50027 0.00358731 -2.40566 -7.39082
2.544 0.00507736 -0.477238 -1.48997 -0.0018784 -2.19883 -6.76035
2.555 0.000952479 -0.47894 -1.49011 -0.00386126 -2.0032 -6.14747
2.566 -0.000783343 -0.481547 -1.49318 -0.000361242 -1.80385 -5.54963
2.577 0.00563042 -0.486071 -1.49842 -0.00113814 -1.61658 -4.96584
2.588 -0.00015711 -0.478708 -1.49448 -0.00176378 -1.41992 -4.40904
2.599 -0.00713178 -0.485266 -1.49299 0.00105102 -1.25218 -3.85691
2.61 -0.00618531 -0.485095 -1.49758 0.00483154 -1.08354 -3.34093
2.621 7.80307e-05 -0.485146 -1.49328 0.00985398 -0.923672 -2.8686
2.632 -0.000714887 -0.492159 -1.49202 0.00563597 -0.779151 -2.40884
2.643 -0.00728212 -0.48478 -1.49078 -0.00777777 -0.644256 -1.98427
2.654 -0.0119505 -0.47951 -1.49037 -0.00660685 -0.509387 -1.60223
2.665 -0.000845031 -0.478187 -1.49139 -0.00489855 -0.406013 -1.24514
2.676 0.000556555 -0.497214 -1.49277 -0.00567873 -0.308079 -0.945046
2.687 -0.00465727 -0.487238 -1.48939 -0.00176187 -0.224571 -0.672643
2.698 -0.00113561 -0.483652 -1.49632 -0.00769815 -0.148762 -0.441703
2.709 -0.00066279 -0.481993 -1.49937 0.000806623 -0.0842663 -0.24698
2.72 -0.00184064 -0.493266 -1.49138 -0.00311097 -0.0328864 -0.106364
2.731 0.00285852 -0.486122 -1.49687 -0.00434762 -0.000829022 -0.00875668
2.742 0.000868875 -0.489586 -1.49148 -0.00436045 0.0187805 0.0431665
2.753 -0.00421828 -0.483069 -1.497 0.00322175 0.0186216 0.0514823
2.764 0.00496791 -0.480231 -1.49182 0.00533932 0.000831035 0.0291716
2.775 0.000486538 -0.488026 -1.50539 -0.00325506 -0.0253765 -0.0538225
2.786 -0.000374102 -0.481895 -1.49568 -0.00112906 -0.0537332 -0.182115
2.797 0.010532 -0.479293 -1.4872 -0.00880237 -0.113566 -0.351194
2.808 -0.00622771 -0.486148 -1.49098 -0.0025365 -0.177461 -0.553439
2.819 -0.00173196 -0.488871 -1.49902 -0.00390595 -0.257717 -0.808584
2.83 0.0029401 -0.492834 -1.49344 -0.00516799 -0.359505 -1.10578
2.841 -0.0027388 -0.480141 -1.49696 0.00189458 -0.471406 -1.43466
2.852 -0.000592994 -0.486107 -1.49113 0.00315967 -0.584953 -1.80401
2.863 -0.00120801 -0.495499 -1.49183 0.00460165 -0.719218 -2.21966
2.874 0.001236 -0.486382 -1.50017 -0.00894069 -0.862134 -2.65391
2.885 -0.00892119 -0.480558 -1.4951 -0.00276298 -1.0145 -3.11333
2.896 -0.00737121 -0.484773 -1.49515 0.00259846 -1.1804 -3.61627
2.907 -0.00735519 -0.478562 -1.49236 0.00111256 -1.35235 -4.15102
2.918 -0.000253385 -0.482236 -1.49529 -0.00127351 -1.53096 -4.69564
2.929 -0.00731402 -0.478513 -1.49057 -0.00406247 -1.71946 -5.29028
2.94 0.00675395 -0.486614 -1.48861 -0.00325345 -1.9089 -5.87106
2.951 -0.00524664 -0.488379 -1.50005 -0.00904932 -2.11318 -6.49404
2.962 0.000551526 -0.481465 -1.49018 0.00452425 -2.31778 -7.10446
2.973 -0.0108133 -0.483666 -1.50138 0.00248547 -2.51513 -7.74583
2.984 -0.00117929 -0.485385 -1.50014 0.00340419 -2.73073 -8.39411
2.995 0.00782795 -0.482983 -1.48711 0.00292266 -2.93488 -9.03425
3.006 -0.00398056 -0.477705 -1.49717 0.00226803 -3.14462 -9.69128
3.017 -0.00770957 -0.490068 -1.49459 0.00666639 -3.36874 -10.3374
3.028 0.0014622 -0.479062 -1.49897 0.00127371 -3.5712 -10.9816
3.039 0.00664634 -0.476982 -1.49892 0.000986953 -3.76975 -11.6115
3.05 0.00163302 -0.480014 -1.49184 0.005214 -3.97215 -12.2294
3.061 0.0026998 -0.488759 -1.48923 0.0140424 -4.16882 -12.8417
3.072 0.00397363 -0.48544 -1.4861 -0.002288 -4.36269 -13.4305
3.083 -0.00237866 -0.480602 -1.48616 -0.00350485 -4.55258 -13.9972
3.094 0.00687835 -0.487734 -1.48433 -0.00459544 -4.73238 -14.5542
3.105 -0.00278015 -0.485076 -1.49033 0.0098489 -4.89307 -15.0911
3.116 0.000199697 -0.480592 -1.49278 0.00481341 -5.06427 -15.5836
3.127 -0.00229437 -0.485565 -1.49389 0.00344534 -5.2114 -16.0429
3.138 -0.00525075 -0.475136 -1.50234 0.000865005 -5.35633 -16.4832
3.149 0.00301026 -0.485816 -1.49172 0.000260123 -5.48574 -16.8926
3.16 -0.0087795 -0.481877 -1.50043 0.00227253 -5.60809 -17.2509
3.171 -0.00806709 -0.475958 -1.50438 -0.00762412 -5.70947 -17.5855
3.182 -0.00705462 -0.483921 -1.49628 0.00379622 -5.80036 -17.8655
3.193 -0.00437463 -0.476637 -1.49601 0.00363271 -5.88948 -18.1323
3.204 -0.00247839 -0.486481 -1.49628 0.00591453 -5.95586 -18.3293
3.215 -0.0020926 -0.48272 -1.48883 0.00165362 -6.00955 -18.4891
3.226 0.000369448 -0.484718 -1.50255 0.0027752 -6.04624 -18.6144
3.237 0.00549636 -0.486979 -1.49296 0.00226705 -6.07223 -18.6957
3.248 -0.00106285 -0.477149 -1.48679 -0.00449591 -6.08626 -18.7124
3.259 -0.00159277 -0.483453 -1.49926 0.00176128 -6.07678 -18.6988
3.27 0.000610851 -0.480984 -1.49014 -0.00138678 -6.06382 -18.6431
3.281 0.001807 -0.479632 -1.50086 -0.0099205 -6.0213 -18.5415
3.292 -0.00876199 -0.484152 -1.49519 -0.00101445 -5.97678 -18.3941
3.303 -0.00316654 -0.483662 -1.48842 0.00645688 -5.91849 -18.2104
3.314 -0.00394926 -0.488565 -1.50118 -0.00581116 -5.84334 -17.9638
3.325 -0.0054528 -0.487548 -1.49497 8.45406e-05 -5.74388 -17.6978
3.336 0.00728622 -0.478014 -1.48878 -0.000708721 -5.64043 -17.3815
3.347 0.00150618 -0.481617 -1.49274 -0.00538846 -5.53309 -17.0277
3.358 0.00549787 -0.479067 -1.49481 0.00747492 -5.40458 -16.6289
3.369 -0.00454681 -0.474672 -1.49635 -0.00115103 -5.2644 -16.2179
3.38 -0.0056285 -0.488603 -1.49686 -0.00694516 -5.11484 -15.7572
3.391 0.00388741 -0.485436 -1.49314 -0.00282601 -4.96104 -15.2677
3.402 0.00170111 -0.488726 -1.49827 -0.00402703 -4.79306 -14.7543
3.413 0.00631386 -0.491714 -1.50238 0.00229073 -4.615 -14.2141
3.424 0.00466722 -0.485239 -1.49884 0.00452116 -4.43254 -13.6456
3.435 -0.000958294 -0.484128 -1.4942 0.00436565 -4.24303 -13.0603
3.446 0.00261326 -0.472975 -1.48996 0.00193273 -4.04591 -12.4504
3.457 -0.00261229 -0.495038 -1.50248 -0.000883333 -3.84389 -11.8408
3.468 -0.00505785 -0.491675 -1.4888 -0.000410042 -3.63627 -11.1998
3.479 -0.00201389 -0.486398 -1.494 0.00020707 -3.43385 -10.5552
3.49 -0.000103577 -0.483078 -1.49642 -0.00150072 -3.22573 -9.92269
3.501 0.0039188 -0.487645 -1.48897 0.000686602 -3.01913 -9.27482
3.512 0.000271607 -0.480066 -1.5019 -0.00525958 -2.81149 -8.61596
3.523 0.00444334 -0.486504 -1.48105 0.000371384 -2.59245 -7.97173
3.534 -0.00440358 -0.474832 -1.48802 0.00129304 -2.38217 -7.34264
3.545 0.00357009 -0.492617 -1.49619 0.00197719 -2.18447 -6.70801
3.556 0.00113571 -0.484184 -1.49642 0.00694366 -1.98071 -6.09537
3.567 -0.00951546 -0.477868 -1.48973 0.00850709 -1.78454 -5.5009
3.578 0.00503208 -0.495488 -1.48868 -0.000671442 -1.59389 -4.9162
3.589 0.000236323 -0.488915 -1.49163 0.00480796 -1.40879 -4.3461
3.6 0.00858774 -0.484663 -1.49229 -0.00545032 -1.22698 -3.79845
3.611 0.00168971 -0.487021 -1.49044 0.00618534 -1.07218 -3.3038
3.622 -0.0061664 -0.493107 -1.49762 -0.00526922 -0.919947 -2.81612
3.633 -0.00108441 -0.485045 -1.48603 -0.00305916 -0.773778 -2.3683
3.644 -0.000694893 -0.478584 -1.49235 0.000150928 -0.636034 -1.95427
3.655 0.00795945 -0.490701 -1.49777 -0.00567515 -0.50662 -1.56979
3.666 0.00908518 -0.483136 -1.49498 0.00427948 -0.398211 -1.21527
3.677 0.00676419 -0.484132 -1.4968 -0.00238125 -0.295404 -0.904994
3.688 0.00892495 -0.483547 -1.48577 -0.0027787 -0.211124 -0.652366
3.699 -0.00278918 -0.484175 -1.49066 0.000403513 -0.145172 -0.427513
3.71 0.0127261 -0.479735 -1.48661 0.000727291 -0.080999 -0.233813
3.721 0.00324496 -0.492321 -1.49511 0.00351678 -0.0309006 -0.095184
3.732 0.000198366 -0.481288 -1.49801 0.00242523 -0.00959824 0.00545024
3.743 0.0130018 -0.484671 -1.50335 0.00330752 0.0154349 0.0508721
3.754 -0.00880087 -0.490043 -1.48695 -0.00474193 0.0155017 0.0594146
3.765 0.00227591 -0.475141 -1.488 0.000704469 0.00221066 0.0178382
3.776 -0.00220959 -0.48631 -1.48847 -0.00492701 -0.0220996 -0.0720503
3.787 -0.00685251 -0.480093 -1.50021 -0.00119788 -0.0639879 -0.189735
3.798 -0.00756063 -0.490967 -1.5035 -0.00655871 -0.121916 -0.365274
3.809 -0.00111457 -0.484678 -1.49696 0.00059854 -0.188633 -0.585119
3.82 0.00476593 -0.489996 -1.49575 -0.00469334 -0.273713 -0.833147
3.831 -0.00596522 -0.4853 -1.50017 -0.00642002 -0.364076 -1.13959
3.842 -0.000251375 -0.483541 -1.49613 0.00839893 -0.477294 -1.46293
3.853 0.0114223 -0.479985 -1.49038 -0.00172778 -0.602587 -1.83617
3.864 0.00345735 -0.487586 -1.49647 -0.00362518 -0.721789 -2.24995
3.875 0.00258929 -0.482444 -1.49585 0.0039146 -0.871098 -2.7011
3.886 0.0029938 -0.47627 -1.49524 0.00229795 -1.0334 -3.1618
3.897 -0.00479759 -0.493947 -1.49129 0.00244542 -1.1989 -3.66052
3.908 -0.00165795 -0.476122 -1.48672 0.0039056 -1.36935 -4.19399
3.919 0.00148235 -0.483225 -1.49105 -0.000186983 -1.55484 -4.76448
3.93 0.00147037 -0.475628 -1.49446 0.00223081 -1.73844 -5.33725
3.941 0.00718947 -0.4848 -1.49209 0.00528076 -1.92581 -5.93002
3.952 -0.00410667 -0.490032 -1.48605 0.0014861 -2.13228 -6.54251
3.963 -0.019168 -0.486905 -1.49081 0.00194488 -2.32886 -7.17075
3.974 -0.0050942 -0.47627 -1.49443 -0.00173758 -2.53983 -7.80093
3.985 -0.00198811 -0.489674 -1.49045 0.00483564 -2.74907 -8.45094
3.996 0.000587542 -0.488154 -1.49401 0.00204446 -2.96456 -9.09176
4.006 -0.00487766 -0.487585 -1.49638 -0.000725807 -3.1512 -9.68204
4.016 -0.000254234 -0.488908 -1.49401 0.00466816 -3.33602 -10.2804
4.026 -0.00358281 -0.489041 -1.49649 -0.00563542 -3.52886 -10.8674
4.036 0.00692289 -0.486141 -1.49781 0.00333823 -3.71882 -11.4276
4.046 0.00211783 -0.486346 -1.48385 0.000849608 -3.89189 -11.9971
4.056 -0.00283469 -0.485421 -1.48949 0.0112527 -4.08312 -12.56
4.066 0.000554362 -0.488549 -1.49577 -0.00104975 -4.25513 -13.1179
4.076 0.0147856 -0.494586 -1.49868 0.0115649 -4.42709 -13.6391
4.086 -0.00378997 -0.484853 -1.49227 0.0044618 -4.60222 -14.1537
4.096 0.0055251 -0.486104 -1.50171 0.00436585 -4.76545 -14.6551
4.106 -0.000681034 -0.484971 -1.49553 -0.00209024 -4.91775 -15.1253
4.116 -0.0035539 -0.481456 -1.49666 0.000729188 -5.06833 -15.5774
4.126 -0.00364482 -0.47718 -1.49534 0.0106927 -5.18879 -16.0157
4.136 0.00287006 -0.490228 -1.49858 -0.00639182 -5.33515 -16.4039
4.146 0.000256325 -0.487097 -1.48911 -0.00261624 -5.45656 -16.7856
4.156 0.00384251 -0.486002 -1.488 0.000955741 -5.57015 -17.1186
4.166 0.000483209 -0.47681 -1.4885 -0.00858083 -5.66867 -17.4314
4.176 -0.00385315 -0.486557 -1.4991 -0.0095022 -5.75981 -17.7317
4.186 0.00207956 -0.487794 -1.49612 -0.000720104 -5.83796 -17.9627
4.196 -0.000508023 -0.489994 -1.49334 0.00568653 -5.91235 -18.1829
4.206 -0.00421626 -0.493628 -1.48917 -0.000441616 -5.96974 -18.3632
4.216 -0.00336571 -0.481487 -1.49382 0.00608934 -6.00191 -18.5032
4.226 -0.00825435 -0.48719 -1.48954 -0.00257965 -6.03741 -18.6098
4.236 -0.00698078 -0.469492 -1.50065 -0.00549746 -6.06891 -18.6814
4.246 0.00432699 -0.491705 -1.48814 0.001627 -6.08745 -18.7142
4.256 0.0047289 -0.483789 -1.49169 -0.00998931 -6.08193 -18.7014
4.266 -0.00325346 -0.487048 -1.48981 0.000570645 -6.05645 -18.6603
4.276 -0.00121678 -0.489679 -1.49757 0.00469964 -6.03447 -18.5852
4.286 -0.00248384 -0.483415 -1.48772 0.002362 -6.0092 -18.4809
4.296 -0.00065633 -0.489708 -1.49245 0.000336561 -5.95423 -18.3345
4.306 2.78705e-05 -0.488035 -1.49966 -0.00187837 -5.89086 -18.1436
4.316 -0.00630516 -0.486123 -1.4959 0.00237716 -5.82752 -17.9154
4.326 0.00525318 -0.485798 -1.49409 -0.00551324 -5.74176 -17.6678
4.336 0.00984522 -0.487051 -1.49841 -0.00294272 -5.64408 -17.3786
4.346 0.00206222 -0.491607 -1.49038 0.00820747 -5.5415 -17.0574
4.356 -0.00720349 -0.485284 -1.49426 -0.00953901 -5.43518 -16.7099
4.366 0.00414751 -0.476018 -1.48906 -0.00469834 -5.30803 -16.3262
4.376 0.00257843 -0.49501 -1.49731 -0.00647434 -5.17975 -15.9263
4.386 0.000192728 -0.488935 -1.49009 0.00059304 -5.03656 -15.486
4.396 0.00220102 -0.474508 -1.49631 0.000591346 -4.88561 -15.0315
4.406 -0.0027565 -0.484061 -1.49075 0.00316513 -4.7264 -14.5618
4.416 0.00870647 -0.495937 -1.48474 0.00229768 -4.56546 -14.0625
4.426 -0.00018817 -0.477481 -1.48295 0.00552983 -4.39856 -13.5402
4.436 0.00492299 -0.486208 -1.49542 0.00447564 -4.22428 -13.0007
4.446 0.00413563 -0.483144 -1.49724 0.00104232 -4.04517 -12.4483
4.456 0.000928632 -0.486895 -1.48795 0.0053946 -3.86592 -11.8908
4.466 -0.0053208 -0.480276 -1.49442 0.00136213 -3.67615 -11.3191
4.476 -0.0019769 -0.484939 -1.49465 0.00655053 -3.49495 -10.7438
4.486 0.00382754 -0.485769 -1.49867 0.0131912 -3.29857 -10.1562
4.496 -0.00354226 -0.481826 -1.50163 0.00454962 -3.10778 -9.5666
4.506 0.00109286 -0.489023 -1.49356 -0.00232492 -2.91152 -8.97539
4.516 0.00613957 -0.482972 -1.50092 -0.00375251 -2.70961 -8.38721
4.526 0.00364922 -0.482281 -1.49552 0.00380945 -2.53986 -7.80965
4.536 0.00283489 -0.485572 -1.49157 -0.00376059 -2.33999 -7.22175
4.546 0.00286015 -0.490158 -1.49158 0.00461104 -2.16303 -6.6541
4.556 -0.000920486 -0.491686 -1.49148 0.000482919 -1.97597 -6.0895
4.566 -0.00313353 -0.484921 -1.48861 -0.00523236 -1.80311 -5.54134
4.576 0.00982217 -0.489963 -1.49523 -0.0071374 -1.6278 -5.02449
4.586 -0.000415218 -0.479275 -1.49242 -0.00915699 -1.45719 -4.50463
4.596 -0.00620804 -0.488997 -1.48907 0.000627297 -1.29752 -4.0047
4.606 -0.00270425 -0.488851 -1.48344 0.00420278 -1.13946 -3.53419
4.616 -0.00358841 -0.486334 -1.49165 -0.00293782 -0.992226 -3.07936
4.626 0.00931731 -0.49087 -1.48779 -0.00182692 -0.854416 -2.64896
4.636 -0.00341674 -0.481763 -1.49172 -0.00417805 -0.731284 -2.25678
4.646 -0.00567504 -0.470221 -1.49309 -0.00386771 -0.603965 -1.88124
4.656 0.0046709 -0.480227 -1.49455 0.00404959 -0.499505 -1.53093
4.666 0.00676097 -0.492178 -1.49954 -0.00662199 -0.402941 -1.21864
4.676 -0.00349648 -0.492775 -1.49662 -0.000356199 -0.311591 -0.943374
4.686 0.00260394 -0.470738 -1.48938 0.00741426 -0.230283 -0.687121
4.696 -0.0105779 -0.487677 -1.48391 -0.00689931 -0.1625 -0.483168
4.706 0.00752841 -0.488402 -1.50051 -0.00198294 -0.096118 -0.291262
4.716 -0.00379486 -0.487962 -1.4915 -0.00339003 -0.0551405 -0.154977
4.726 0.00450043 -0.487089 -1.49688 0.000199003 -0.012738 -0.0495784
4.736 -0.00256967 -0.477526 -1.49113 0.00257571 0.021813 0.0159981
4.746 0.00808396 -0.480786 -1.48819 0.000757412 0.0233037 0.054572
4.756 -0.00156833 -0.48382 -1.49196 -0.00275863 0.0141853 0.0479079
4.766 -2.37262e-05 -0.487331 -1.49999 -0.00249757 0.000527125 0.00444379
4.776 0.00585506 -0.484491 -1.49907 -5.70925e-05 -0.0215904 -0.0752435
4.786 0.000281906 -0.487105 -1.49763 0.00456124 -0.0542096 -0.181312
4.796 -0.00319932 -0.485553 -1.49231 -0.00280832 -0.115154 -0.332625
4.806 -0.00522327 -0.482722 -1.50075 0.00238776 -0.167612 -0.517272
4.816 0.00127854 -0.486606 -1.49911 -0.00197306 -0.23242 -0.740104
4.826 0.00333466 -0.484459 -1.49879 0.00360727 -0.325601 -0.998163
4.836 0.00395988 -0.480957 -1.49327 0.008417 -0.40934 -1.27166
4.846 -0.00921162 -0.487546 -1.48882 0.00346333 -0.520256 -1.60157
4.856 0.00452016 -0.493675 -1.48831 -0.00461967 -0.632487 -1.95348
4.866 0.00674671 -0.48728 -1.48965 0.00218352 -0.758452 -2.32255
4.876 0.00478622 -0.496178 -1.49748 -0.00672854 -0.882501 -2.73115
4.886 0.00535024 -0.486653 -1.49201 -0.00961142 -1.02877 -3.17482
4.896 -0.00336248 -0.485363 -1.48778 -0.010109 -1.17115 -3.6283
4.906 0.0105764 -0.489604 -1.48826 0.00152685 -1.34191 -4.10452
4.916 0.00785792 -0.48543 -1.49519 -0.0040768 -1.49705 -4.61193
4.926 0.00198437 -0.480374 -1.48587 0.000144301 -1.6601 -5.11701
4.936 0.00557442 -0.488716 -1.49305 -0.00247072 -1.83626 -5.65633
4.946 -0.00533566 -0.485566 -1.4909 0.00616994 -2.02592 -6.20587
4.956 -0.00170467 -0.488159 -1.49342 -0.000660749 -2.19305 -6.76367
4.966 0.00212063 -0.481526 -1.4877 0.00104204 -2.38446 -7.34125
4.976 0.00782267 -0.488682 -1.48967 0.00863444 -2.57118 -7.92182
4.986 0.000639433 -0.486952 -1.49213 -0.000864376 -2.77065 -8.50253
4.996 0.00207919 -0.484693 -1.49407 -0.00715735 -2.95514 -9.08963
5.006 0.000290671 -0.485975 -1.48317 -0.00215172 -3.13754 -9.67553
5.016 0.00457232 -0.490829 -1.48563 -0.00150802 -3.33226 -10.2624
5.026 0.00234832 -0.485615 -1.49492 -0.00252923 -3.52306 -10.852
5.036 -0.00702335 -0.486131 -1.49981 -0.00631904 -3.717 -11.4423
5.046 0.00558507 -0.483935 -1.48874 0.00214142 -3.90105 -12.0075
5.056 -0.000219752 -0.48204 -1.49222 0.00220888 -4.082 -12.5718
5.066 -0.00131574 -0.486438 -1.49794 0.00265047 -4.25939 -13.1129
5.076 0.00279638 -0.493736 -1.48797 -0.00478782 -4.42939 -13.6494
5.086 0.0059665 -0.486423 -1.49465 -0.000214068 -4.59987 -14.1564
5.096 0.00975384 -0.493924 -1.49786 0.0141798 -4.76186 -14.6551
5.106 0.00979328 -0.48937 -1.49302 0.00419338 -4.91654 -15.1281
5.116 -0.000657095 -0.48079 -1.48982 0.00149332 -5.05425 -15.5851
5.126 0.000575734 -0.48348 -1.49675 -0.00719681 -5.20542 -16.0112
5.136 0.00186114 -0.480965 -1.49387 0.00334209 -5.3245 -16.415
5.146 -0.00648849 -0.488918 -1.49975 0.00391762 -5.45161 -16.7881
5.156 0.00446729 -0.474154 -1.49066 -0.000618409 -5.55638 -17.1268
5.166 0.0037778 -0.484305 -1.49027 0.00253702 -5.66614 -17.4345
5.176 0.00935226 -0.484349 -1.49143 0.00137225 -5.76524 -17.7253
5.186 0.00681828 -0.487417 -1.48985 0.0032901 -5.83341 -17.9657
5.196 0.00459333 -0.491425 -1.48928 -0.00664573 -5.92222 -18.1802
5.206 -0.00392559 -0.486984 -1.4944 0.0049637 -5.96283 -18.3591
5.216 -0.00031724 -0.485867 -1.49331 0.00847493 -6.00997 -18.5026
5.226 -0.00914299 -0.479129 -1.49639 -0.00103371 -6.04098 -18.6025
5.236 -0.00886952 -0.483582 -1.49643 -0.0120426 -6.07721 -18.6844
5.246 0.00144993 -0.484382 -1.49729 -0.00228161 -6.07679 -18.7148
5.256 -0.00250565 -0.480593 -1.49515 -0.00199016 -6.09019 -18.7088
5.266 0.00343578 -0.491229 -1.49469 7.40395e-05 -6.06738 -18.6639
5.276 -0.00357512 -0.477315 -1.48969 -0.00413488 -6.03969 -18.5898
5.286 0.00140574 -0.485011 -1.49522 0.00128645 -6.00593 -18.486
5.296 0.00225209 -0.491846 -1.49327 0.00504583 -5.95127 -18.3281
5.306 0.00807211 -0.49 -1.49888 -0.00724082 -5.89883 -18.1427
5.316 -0.00424822 -0.495557 -1.48964 0.00501833 -5.82482 -17.9177
5.326 -0.00900366 -0.486783 -1.49319 -0.00463019 -5.73546 -17.662
5.336 0.00830331 -0.487998 -1.4906 -0.00664501 -5.64725 -17.3849
5.346 -0.00220135 -0.490972 -1.493 -0.00174393 -5.5473 -17.0618
5.356 -0.000249542 -0.484079 -1.49124 0.00220463 -5.43599 -16.7034
5.366 -0.0014647 -0.476239 -1.49471 -0.0053226 -5.31224 -16.3321
5.376 -0.00286005 -0.484278 -1.49988 -0.000111348 -5.17567 -15.9249
5.386 -0.00380062 -0.483883 -1.49496 -0.00761728 -5.03346 -15.4887
5.396 0.00100427 -0.479142 -1.50053 -0.00274291 -4.88433 -15.0412
5.406 -0.00480304 -0.484161 -1.48996 -0.00756176 -4.73996 -14.5509
5.416 -0.003615 -0.483916 -1.49359 -0.00188554 -4.57866 -14.0585
5.426 -0.0107429 -0.484081 -1.49372 -0.00134472 -4.40117 -13.5363
5.436 0.00442005 -0.46984 -1.49915 -0.00369706 -4.22622 -12.9946
5.446 -0.000510693 -0.480724 -1.49476 0.000141242 -4.05439 -12.4554
5.456 0.00720556 -0.486019 -1.49119 0.00136253 -3.85399 -11.8952
5.466 -0.00109331 -0.483623 -1.49115 0.00217422 -3.68314 -11.3156
5.476 0.000401864 -0.484327 -1.49755 0.00295956 -3.49839 -10.7464
5.486 -0.00383578 -0.486804 -1.4927 -0.00137201 -3.30347 -10.1544
5.496 0.00482339 -0.484862 -1.4878 -0.000876824 -3.10573 -9.5722
5.506 -0.000220575 -0.483638 -1.49157 -0.00546599 -2.91429 -8.98486
5.516 0.00608121 -0.490053 -1.50104 -0.00850474 -2.71933 -8.39115
5.526 -0.000645388 -0.487554 -1.49242 0.00450182 -2.53855 -7.80186
5.536 0.00859724 -0.486987 -1.48849 0.0040333 -2.34697 -7.22834
5.546 0.00284216 -0.487082 -1.50202 0.00439302 -2.16839 -6.6596
5.556 0.00717481 -0.484613 -1.4976 0.0057694 -1.9895 -6.08541
5.566 0.00497645 -0.48456 -1.49731 -0.00359874 -1.81251 -5.54889
5.576 -0.00522003 -0.48749 -1.49138 -0.00553572 -1.63024 -5.01236
5.586 0.00689994 -0.481296 -1.49299 0.00295513 -1.45956 -4.50577
5.596 0.00635039 -0.492707 -1.49193 0.0045045 -1.3077 -4.01172
5.606 0.00456084 -0.48501 -1.49088 -0.000833474 -1.14559 -3.53056
5.616 0.00569979 -0.483819 -1.49545 -0.00074392 -1.00223 -3.07744
5.626 -0.00053064 -0.478457 -1.50105 0.00229429 -0.86632 -2.6442
5.636 -0.000708776 -0.489413 -1.49502 -0.00225362 -0.725389 -2.24806
5.646 0.00297438 -0.491407 -1.49674 -0.0048147 -0.6048 -1.87513
5.656 0.00529909 -0.478825 -1.48632 0.00463794 -0.503361 -1.54721
5.666 0.00378842 -0.481811 -1.49453 0.00564243 -0.395346 -1.22089
5.676 0.00632169 -0.481587 -1.49719 0.000601356 -0.302352 -0.938504
5.686 0.00145105 -0.483307 -1.49615 -0.00644633 -0.217054 -0.686211
5.696 0.0076349 -0.489388 -1.4847 0.000589083 -0.160107 -0.463653
5.706 0.0026526 -0.48741 -1.49516 0.00369285 -0.0954352 -0.298218
5.716 0.00554376 -0.484156 -1.49446 -0.0053268 -0.0508548 -0.147406
5.726 0.003067 -0.48452 -1.49282 -0.0068805 -0.0182027 -0.0506213
5.736 0.00270518 -0.486334 -1.4966 -0.00283492 0.00973424 0.0186128
5.746 -0.00602741 -0.484435 -1.49187 0.00261861 0.0176266 0.0548686
5.756 -0.00162044 -0.485851 -1.48158 0.000453305 0.0154464 0.0464279
5.766 0.00189945 -0.487848 -1.49118 -0.00432554 0.001898 0.00134669
5.776 0.0064211 -0.487286 -1.48986 -0.00120086 -0.0218925 -0.0639044
5.786 -0.00033678 -0.489696 -1.4865 -0.00630673 -0.0513428 -0.179902
5.796 0.00609032 -0.479366 -1.50364 0.00222859 -0.112335 -0.338276
5.806 -0.00287594 -0.49317 -1.49493 -0.00192485 -0.165103 -0.511724
5.816 -0.00475017 -0.48085 -1.49819 0.00281681 -0.242986 -0.745842
5.826 0.00655809 -0.488028 -1.49974 -0.00757153 -0.332694 -1.00322
5.836 0.00432612 -0.488206 -1.49113 -0.00116166 -0.412892 -1.274
5.846 -0.00706712 -0.488566 -1.49777 -0.0108903 -0.518768 -1.60672
5.856 0.00324018 -0.482598 -1.49544 -0.00118065 -0.633957 -1.95587
5.866 -0.0024872 -0.486057 -1.49624 -0.00102689 -0.757889 -2.33242
5.876 -0.0139067 -0.480572 -1.49132 0.00599282 -0.881755 -2.74793
5.886 0.00335147 -0.479065 -1.49383 -0.00236172 -1.02196 -3.16909
5.896 0.00133127 -0.484832 -1.49881 0.00910068 -1.18047 -3.62414
5.906 0.00205684 -0.489794 -1.49235 0.00338852 -1.33069 -4.10113
5.916 0.000707162 -0.491739 -1.4908 0.00169706 -1.49564 -4.59876
5.926 -0.0015805 -0.486902 -1.49775 0.00395203 -1.66374 -5.12178
5.936 0.00105865 -0.478602 -1.49637 -8.89832e-05 -1.83995 -5.65397
5.946 0.00982249 -0.486493 -1.4934 -0.0023149 -2.01469 -6.21247
5.956 -0.00721146 -0.48563 -1.49151 0.00310231 -2.20115 -6.76295
5.966 0.0075575 -0.481355 -1.48816 -0.00441616 -2.38717 -7.33739
5.976 -0.00116662 -0.483771 -1.4824 0.0108604 -2.57518 -7.91626
5.986 -0.00281368 -0.484317 -1.49275 0.000179245 -2.75782 -8.49873
5.996 -0.0065871 -0.47713 -1.49408 -0.00151949 -2.95609 -9.09198
6.006 -0.0102358 -0.483201 -1.49622 0.00145615 -3.13523 -9.67592
6.016 4.99072e-05 -0.481742 -1.49284 -0.00324996 -3.33053 -10.2721
6.026 0.000161977 -0.49223 -1.50818 0.000811799 -3.52234 -10.8597
6.036 0.00513456 -0.482506 -1.49941 -0.00909806 -3.71747 -11.4356
6.046 -0.00513394 -0.485369 -1.49391 0.00336027 -3.90293 -12.012
6.056 0.00353357 -0.485949 -1.49121 0.00942953 -4.07358 -12.5653
6.066 0.00281157 -0.488737 -1.50256 0.000774508 -4.27264 -13.1008
6.076 0.00158846 -0.48493 -1.48709 -0.00665382 -4.43479 -13.6472
6.086 0.00806601 -0.484704 -1.49638 -0.000373779 -4.59173 -14.1653
6.096 -0.0012454 -0.490186 -1.50185 -0.0112328 -4.75662 -14.6513
6.106 0.00390537 -0.48392 -1.48912 0.00514658 -4.91643 -15.1291
6.116 0.00100975 -0.489849 -1.49573 -0.00387466 -5.06158 -15.581
6.126 -0.00320987 -0.485782 -1.49213 0.00578328 -5.19407 -16.016
6.136 0.00167672 -0.475425 -1.4867 -0.000970487 -5.32669 -16.4114
6.146 -0.00204931 -0.482652 -1.4966 -0.00931091 -5.4476 -16.7941
6.156 0.0061763 -0.492821 -1.49242 0.00118022 -5.57088 -17.1237
6.166 0.00321009 -0.484052 -1.49102 0.00364046 -5.67547 -17.433
6.176 -0.0086406 -0.480256 -1.48777 0.00351307 -5.76047 -17.7168
6.186 -0.0111647 -0.490714 -1.49138 -0.00614753 -5.83955 -17.9635
6.196 0.00787937 -0.494872 -1.50361 -0.00219562 -5.91441 -18.1792
6.206 0.00633258 -0.485463 -1.48584 0.00321625 -5.96306 -18.3628
6.216 0.000898917 -0.480373 -1.50186 -0.0088279 -6.01507 -18.4989
6.226 0.00586275 -0.492764 -1.50032 -0.000582522 -6.04635 -18.616
6.236 -0.00372536 -0.486787 -1.48604 0.00120461 -6.0743 -18.6824
6.246 0.00461236 -0.478044 -1.49349 0.00326659 -6.0812 -18.712
6.256 0.0047229 -0.483301 -1.50327 0.000213351 -6.08216 -18.7102
6.266 0.0061863 -0.487799 -1.48999 0.00100001 -6.06582 -18.6733
6.276 0.0132424 -0.488215 -1.49994 -0.00217809 -6.04085 -18.5906
6.286 0.00278948 -0.48477 -1.49577 0.000221665 -6.00476 -18.4839
6.296 -0.00615052 -0.491192 -1.49877 0.00607437 -5.96654 -18.3153
6.306 0.00144195 -0.484109 -1.48835 -0.0027308 -5.88906 -18.1326
6.316 0.000721801 -0.48577 -1.49276 0.00770323 -5.82104 -17.9186
6.326 0.00277946 -0.486405 -1.48067 0.00745105 -5.7428 -17.6618
6.336 0.000880409 -0.482579 -1.49026 -0.00315379 -5.65187 -17.3775
6.346 -0.00647201 -0.484032 -1.49103 0.00117478 -5.54349 -17.0632
6.356 -0.00986812 -0.484065 -1.49385 -0.00589022 -5.42858 -16.7085
6.366 0.00283145 -0.487292 -1.49517 0.00453691 -5.30116 -16.3334
6.376 0.000633788 -0.472825 -1.49181 -0.00357343 -5.17947 -15.9191
6.386 -0.000438556 -0.487915 -1.49533 0.000285165 -5.02997 -15.499
6.396 0.00333968 -0.482084 -1.49541 0.00185218 -4.89021 -15.0361
6.406 -0.00158659 -0.484746 -1.49982 0.0117237 -4.73282 -14.5596
6.416 0.00156722 -0.481228 -1.49066 -0.00787829 -4.55933 -14.0618
6.426 -0.00118664 -0.486182 -1.49414 0.00221448 -4.40116 -13.5418
6.436 0.000479446 -0.491488 -1.4878 0.00454672 -4.22605 -13.0012
6.446 -1.48967e-05 -0.480401 -1.49335 0.000568699 -4.04348 -12.4501
6.456 0.0017808 -0.498834 -1.49126 0.00405926 -3.86541 -11.8947
6.466 0.00333699 -0.481091 -1.50277 0.00623623 -3.68041 -11.32
6.476 0.00736696 -0.491191 -1.50095 -0.00467602 -3.48798 -10.7264
6.486 -0.000268331 -0.485506 -1.49518 -0.00100317 -3.29905 -10.1563
6.496 0.00566785 -0.482324 -1.49715 -0.00445685 -3.11613 -9.56856
6.506 0.00223006 -0.483187 -1.49582 0.000215675 -2.91481 -8.9748
6.516 0.00300379 -0.483774 -1.49627 0.0165634 -2.7174 -8.38556
6.526 0.0049355 -0.475253 -1.49374 -0.0094487 -2.53631 -7.80274
6.536 -0.00607281 -0.491452 -1.49582 -0.00110705 -2.34051 -7.22237
6.546 -9.86704e-05 -0.489356 -1.48817 -0.000423771 -2.15624 -6.65746
6.556 0.00153205 -0.489552 -1.49656 0.0094588 -1.97902 -6.09371
6.566 -0.00241974 -0.488221 -1.50149 0.00076494 -1.79788 -5.53986
6.576 -0.000846264 -0.488461 -1.48524 -0.000129426 -1.62803 -5.01043
6.586 -0.0101834 -0.485733 -1.49562 -0.000107724 -1.45881 -4.50194
6.596 0.0110185 -0.474061 -1.4901 0.00225697 -1.29951 -4.00954
6.606 -0.000355292 -0.492101 -1.48738 0.00920161 -1.15099 -3.53676
6.616 0.00199204 -0.492684 -1.5013 -0.00168332 -0.997981 -3.07823
6.626 0.00488833 -0.497208 -1.49708 -0.00691944 -0.860194 -2.64733
6.636 0.00263505 -0.481896 -1.49612 -0.00268725 -0.730888 -2.2534
6.646 -0.00268778 -0.49003 -1.48091 0.00114839 -0.61924 -1.88199
6.656 -0.00595031 -0.478932 -1.48898 -0.00194989 -0.498988 -1.52369
6.666 0.000610697 -0.491696 -1.49853 -0.00222225 -0.396064 -1.23188
6.676 -0.00592875 -0.482853 -1.50032 -0.00450263 -0.308141 -0.936844
6.686 -0.00188807 -0.487358 -1.49374 0.00564707 -0.224598 -0.697112
6.696 0.00288957 -0.481808 -1.49318 0.005437 -0.152467 -0.474485
6.706 0.000279539 -0.485913 -1.502 0.00438219 -0.104146 -0.304628
6.716 0.00388913 -0.491661 -1.49286 0.00283058 -0.0441787 -0.160083
6.726 -0.00589487 -0.475588 -1.49117 -0.00128146 -0.0139894 -0.0480287
6.736 0.000624775 -0.489949 -1.49538 0.00957447 0.0151649 0.0183074
6.746 -0.014142 -0.489119 -1.48228 0.00443172 0.0232935 0.0551502
6.756 0.00160907 -0.480571 -1.49833 0.00141061 0.0192875 0.0518352
6.766 0.00575242 -0.489854 -1.48898 -0.00155031 0.003582 0.0174529
6.776 0.00207491 -0.483484 -1.48718 -0.00942768 -0.025048 -0.0750042
6.786 0.00219399 -0.486509 -1.48537 0.00623603 -0.0589638 -0.183279
6.796 -0.00339209 -0.482555 -1.49471 0.00157856 -0.103654 -0.333674
6.806 0.00374414 -0.495686 -1.49739 -0.00707416 -0.169018 -0.521072
6.816 0.00838633 -0.493558 -1.49236 -0.00399489 -0.2387 -0.743776
6.826 0.0091894 -0.480225 -1.50056 -0.00990786 -0.323191 -0.996171
6.836 0.00109476 -0.484459 -1.48893 -0.00559075 -0.408551 -1.27373
6.846 0.000502432 -0.491308 -1.48853 -0.00633329 -0.527153 -1.59472
6.856 0.00105941 -0.483256 -1.4991 0.00936065 -0.625496 -1.94193
6.866 0.00263999 -0.491252 -1.4903 -0.00412119 -0.75452 -2.32944
6.876 -0.00911607 -0.484157 -1.49179 0.00223802 -0.879304 -2.73474
6.886 -0.000242391 -0.48761 -1.49164 0.00885096 -1.03032 -3.16987
6.896 0.000168475 -0.47944 -1.49725 -0.00406496 -1.17988 -3.62472
6.906 -0.00186173 -0.488597 -1.48826 -0.00271673 -1.3387 -4.09881
6.916 0.00202273 -0.485573 -1.49107 -0.00797257 -1.4969 -4.59977
6.926 -0.000574538 -0.486792 -1.49614 0.00603745 -1.66265 -5.12685
6.936 0.00724433 -0.48523 -1.492 0.00573117 -1.83341 -5.65989
6.946 0.00224512 -0.483504 -1.5088 0.00558055 -2.01872 -6.21141
6.956 0.00806557 -0.479872 -1.49621 0.00811832 -2.19762 -6.77143
6.966 -0.00297875 -0.48668 -1.49579 -0.0010137 -2.39076 -7.33988
6.976 -0.00143106 -0.486856 -1.49582 -0.0102448 -2.57606 -7.91161
6.986 -0.00273662 -0.486471 -1.49056 -0.00364001 -2.75887 -8.49687
6.996 0.00482989 -0.479805 -1.49004 0.00121005 -2.95814 -9.08868
7.006 0.00272504 -0.483556 -1.49898 -0.0012493 -3.15266 -9.68287
7.016 -0.00562431 -0.484093 -1.49726 -0.00467841 -3.33711 -10.2716
7.026 0.0109983 -0.485953 -1.49726 0.00245747 -3.53548 -10.8608
7.036 0.000776302 -0.489552 -1.50246 0.00766767 -3.71593 -11.4329
7.046 -0.00242515 -0.483215 -1.49526 0.00475825 -3.90317 -12.0104
7.056 -0.00194778 -0.496445 -1.49607 0.00811431 -4.08611 -12.5684
7.066 -0.00231348 -0.481793 -1.48728 0.00775487 -4.25412 -13.1168
7.076 -0.00258236 -0.485591 -1.49486 -0.00021365 -4.43464 -13.6452
7.086 -0.00881761 -0.48167 -1.49044 0.00207559 -4.59092 -14.1657
7.096 0.00403772 -0.48936 -1.49158 -0.00961914 -4.76217 -14.6579
7.106 0.00144905 -0.489537 -1.50457 -0.00646308 -4.90997 -15.1299
7.116 0.00874452 -0.491569 -1.49828 -0.003062 -5.06352 -15.5864
7.126 0.00488885 -0.495049 -1.49106 -0.00824061 -5.20331 -16.0006
7.136 -0.00054842 -0.482988 -1.48486 0.000564688 -5.33249 -16.4102
7.146 0.00228983 -0.485008 -1.4883 0.00140475 -5.45141 -16.7834
7.156 -0.00342385 -0.486322 -1.49578 -0.000898663 -5.56492 -17.1265
7.166 0.00296201 -0.48775 -1.48976 0.00218467 -5.66138 -17.4269
7.176 -0.00165509 -0.489579 -1.49913 0.00257031 -5.75486 -17.7198
7.186 -0.0026674 -0.481467 -1.4936 0.0094798 -5.83913 -17.97
7.196 0.00496668 -0.48357 -1.50165 -0.000650005 -5.90286 -18.1711
7.206 -0.00720374 -0.47984 -1.49472 -0.00597127 -5.96183 -18.3577
7.216 -0.00286147 -0.484895 -1.49308 0.00276481 -6.00819 -18.4992
7.226 -0.00413228 -0.484782 -1.48929 -0.00180917 -6.03717 -18.6089
7.236 0.00281687 -0.484067 -1.49295 0.00550679 -6.07669 -18.6792
7.246 -0.00718569 -0.488801 -1.49726 -0.00893999 -6.07485 -18.7147
7.256 0.00244231 -0.480734 -1.49972 -0.00356661 -6.07417 -18.7104
7.266 0.00694854 -0.488501 -1.49062 0.00114512 -6.05635 -18.6689
7.276 -0.0138554 -0.484247 -1.4957 0.00173746 -6.03881 -18.5973
7.286 0.0035789 -0.488922 -1.49646 -0.0028478 -6.00374 -18.4773
7.296 0.00164734 -0.47351 -1.49401 0.0137403 -5.95158 -18.3297
7.306 0.00461278 -0.484979 -1.49584 0.00443625 -5.89064 -18.1446
7.316 -0.00142715 -0.492561 -1.49029 0.00558233 -5.82518 -17.924
7.326 0.00533595 -0.48377 -1.49977 0.00852908 -5.73846 -17.667
7.336 0.0065087 -0.481385 -1.49136 -0.00297493 -5.63414 -17.3689
7.346 -0.00127183 -0.486115 -1.49555 0.00184215 -5.54325 -17.0545
7.356 -0.000724949 -0.484241 -1.49227 0.00778217 -5.43243 -16.7138
7.366 0.00475741 -0.482286 -1.49798 -0.00311822 -5.31263 -16.3373
7.376 -0.00883127 -0.475825 -1.4803 0.00180389 -5.17164 -15.9162
7.386 -0.00123881 -0.486165 -1.49844 -0.000824439 -5.02713 -15.4931
7.396 -0.00369738 -0.484883 -1.49376 -0.00161857 -4.88175 -15.0325
7.406 -0.00873996 -0.48728 -1.4905 0.00319419 -4.73185 -14.5496
7.416 0.00376224 -0.492208 -1.48895 0.000489614 -4.56021 -14.0627
7.426 0.00750767 -0.486175 -1.49451 -0.00815345 -4.39847 -13.541
7.436 -0.00434584 -0.492276 -1.48556 -0.000992207 -4.21268 -12.9952
7.446 0.00220506 -0.484296 -1.49193 0.00606231 -4.05126 -12.455
7.456 0.00550781 -0.494074 -1.49556 -0.00177044 -3.86139 -11.8983
7.466 0.00389891 -0.481804 -1.5024 0.000835846 -3.66776 -11.3215
7.476 0.0041768 -0.478996 -1.48989 0.00228771 -3.48592 -10.7387
7.486 0.00687221 -0.483685 -1.50391 0.00306855 -3.30132 -10.154
7.496 0.00312978 -0.479264 -1.49493 0.00234862 -3.11121 -9.57267
7.506 0.00103035 -0.489184 -1.49213 0.0051531 -2.91644 -8.97077
7.516 0.000232894 -0.481888 -1.49137 -0.00757649 -2.73016 -8.37916
7.526 0.0040702 -0.479365 -1.50074 -0.00551728 -2.53834 -7.80404
7.536 0.00841841 -0.484977 -1.49031 0.00279916 -2.34749 -7.22958
7.546 -0.00137882 -0.489818 -1.48298 0.00342463 -2.16528 -6.65274
7.556 -0.00171052 -0.490176 -1.49621 0.00573416 -1.97824 -6.09457
7.566 0.00872848 -0.483731 -1.49476 0.00281471 -1.80272 -5.54442
7.576 0.00351188 -0.474216 -1.49252 -0.000189089 -1.63017 -5.01481
7.586 -0.00725244 -0.482718 -1.49225 -0.00576711 -1.46788 -4.49928
7.596 -0.00271578 -0.483488 -1.49491 -0.00148872 -1.2972 -3.9992
7.606 0.00284546 -0.483131 -1.4968 -0.00196755 -1.14416 -3.52921
7.616 -0.00323405 -0.484685 -1.48948 -0.00250044 -1.0062 -3.07323
7.626 0.00675283 -0.482775 -1.49697 0.0019136 -0.856778 -2.65787
7.636 0.00274835 -0.4884 -1.49286 0.00444213 -0.733754 -2.25194
7.646 0.00453264 -0.479658 -1.49114 0.000960202 -0.616713 -1.87647
7.656 0.00568742 -0.474725 -1.491 -0.00783775 -0.50177 -1.53511
7.666 0.00321052 -0.489273 -1.49703 0.00850918 -0.394675 -1.22394
7.676 -0.00320363 -0.481623 -1.49674 -0.00814182 -0.304163 -0.928795
7.686 0.00300142 -0.484987 -1.49727 0.00403842 -0.222083 -0.705633
7.696 -0.00559761 -0.496364 -1.49276 0.0010511 -0.157306 -0.483329
7.706 6.24796e-05 -0.480046 -1.49078 -0.00158048 -0.0907259 -0.298658
7.716 -0.00500633 -0.486645 -1.489 0.00907023 -0.0578348 -0.151712
7.726 -0.00844247 -0.486576 -1.49891 -0.004355 -0.0193284 -0.0525207
7.736 0.0115778 -0.488928 -1.50077 0.0117871 0.010189 0.016223
7.746 0.00233364 -0.480736 -1.49461 0.00109929 0.0189363 0.0579871
7.756 -0.0111704 -0.493634 -1.48904 -0.0106289 0.0117772 0.0538229
7.766 0.00985866 -0.483493 -1.49285 -0.00555495 0.00510447 0.00516698
7.776 -0.00555499 -0.486674 -1.49696 0.00359634 -0.0223819 -0.0691072
7.786 -0.00726181 -0.486252 -1.49306 -0.00390818 -0.0595518 -0.181566
7.796 -0.000539589 -0.484793 -1.4911 0.00330626 -0.102811 -0.331416
7.806 -0.00581216 -0.490812 -1.49898 0.00325788 -0.160711 -0.513745
7.816 -0.00606728 -0.485684 -1.4817 0.000875675 -0.243833 -0.739962
7.826 0.00352627 -0.491527 -1.48709 0.00647404 -0.32174 -0.985382
7.836 -0.00236508 -0.475524 -1.49301 0.00375003 -0.412219 -1.27486
7.846 -0.00652767 -0.485028 -1.48361 -0.0028683 -0.518746 -1.59628
7.856 -0.00158784 -0.485864 -1.49678 0.00209398 -0.628705 -1.94511
7.866 -0.0120235 -0.496544 -1.50046 0.0028589 -0.762864 -2.33373
7.876 0.00321226 -0.481012 -1.49448 0.00119622 -0.878296 -2.73317
7.886 0.00938535 -0.491888 -1.49926 -0.00220704 -1.02917 -3.16191
7.896 0.00572621 -0.484047 -1.48878 -0.00492217 -1.18765 -3.62541
7.906 -0.00583519 -0.486066 -1.48797 -0.00317306 -1.33048 -4.10134
7.916 0.000165631 -0.486495 -1.49302 0.00473259 -1.50234 -4.60907
7.926 0.00412402 -0.48774 -1.49206 -0.00551606 -1.66762 -5.12648
7.936 0.00688374 -0.487435 -1.49291 -0.00447074 -1.84301 -5.65554
7.946 0.00765182 -0.49108 -1.50302 -0.00718892 -2.0214 -6.20407
7.956 0.00302123 -0.485205 -1.49344 -0.0132778 -2.1987 -6.7711
7.966 -0.00107492 -0.487382 -1.49398 -0.000133624 -2.38763 -7.33706
7.976 -0.00343127 -0.494058 -1.49743 0.000816103 -2.58342 -7.91246
7.986 0.00377512 -0.474274 -1.50599 -0.00182672 -2.76627 -8.5147
7.996 0.00429221 -0.479773 -1.49097 0.00511517 -2.95919 -9.09584
8.007 0.000733903 -0.489449 -1.49248 -0.00171136 -3.16455 -9.73644
8.018 -0.00379964 -0.495753 -1.49349 0.00264714 -3.37368 -10.3821
8.029 0.00538046 -0.481701 -1.48158 0.000575283 -3.58641 -11.0331
8.04 0.00460472 -0.484491 -1.48611 0.010576 -3.78467 -11.6646
8.051 0.00450756 -0.477836 -1.49172 -0.00445664 -3.99088 -12.2881
8.062 0.000279888 -0.484016 -1.49016 -0.00102393 -4.18966 -12.8958
8.073 0.00489971 -0.483273 -1.4922 0.00556867 -4.38973 -13.4786
8.084 0.00465044 -0.475998 -1.4971 0.00366953 -4.56549 -14.0482
8.095 0.00110885 -0.492726 -1.49161 0.00113769 -4.74766 -14.6169
8.106 -0.00499439 -0.475442 -1.49471 0.00533102 -4.91218 -15.1225
8.117 -0.00265648 -0.47773 -1.49106 -0.00299781 -5.07811 -15.6217
8.128 -0.00256332 -0.483976 -1.48981 0.0052008 -5.23244 -16.0893
8.139 0.00505426 -0.482535 -1.50286 0.00595263 -5.36821 -16.5221
8.15 0.00508722 -0.482886 -1.49153 -0.00215891 -5.49618 -16.9229
8.161 0.0116538 -0.483106 -1.48784 -0.00777174 -5.61163 -17.2915
8.172 -0.00273842 -0.479956 -1.49696 0.00327509 -5.71437 -17.6156
8.183 0.00479307 -0.484224 -1.49507 -0.00584161 -5.81831 -17.8961
8.194 0.00625492 -0.484321 -1.49263 0.00786376 -5.89344 -18.1419
8.205 -0.00141124 -0.483748 -1.48975 0.0129488 -5.94907 -18.3456
8.216 0.00627892 -0.488844 -1.49625 0.00214345 -6.01018 -18.5033
8.227 0.00439316 -0.482582 -1.48738 -0.0019085 -6.05647 -18.6141
8.238 0.00150595 -0.489497 -1.49437 -0.0053569 -6.08004 -18.6936
8.249 -0.000159324 -0.482874 -1.4901 0.000738727 -6.08758 -18.7194
8.26 0.00570892 -0.48656 -1.49729 0.00619218 -6.0793 -18.6971
8.271 0.000671273 -0.474976 -1.48591 -0.00221778 -6.06113 -18.6318
8.282 -0.00289059 -0.485802 -1.50197 0.00282782 -6.02084 -18.5344
8.293 -0.0066532 -0.486606 -1.48484 0.00597335 -5.96279 -18.3794
8.304 0.00468151 -0.482502 -1.48953 0.000192538 -5.90191 -18.1774
8.315 -0.00197695 -0.488578 -1.49063 0.001567 -5.82193 -17.9431
8.326 0.00549392 -0.48372 -1.48834 -0.00203843 -5.73582 -17.6688
8.337 0.0032886 -0.498765 -1.4855 0.00717243 -5.64438 -17.3436
8.348 -0.00738629 -0.484161 -1.49268 -0.00236205 -5.52142 -16.9988
8.359 -0.00916239 -0.48462 -1.48859 -0.00133383 -5.39754 -16.5964
8.37 0.00339707 -0.492103 -1.4842 0.00569408 -5.25702 -16.1759
8.381 -7.13119e-05 -0.479592 -1.49816 -0.00749171 -5.09905 -15.717
8.392 0.00518963 -0.488547 -1.49298 -0.00902807 -4.94193 -15.2201
8.403 0.0023427 -0.480857 -1.49592 0.00428567 -4.78258 -14.7137
8.414 0.000630862 -0.484613 -1.49685 -0.00563463 -4.59731 -14.159
8.425 0.00728889 -0.481519 -1.48984 0.00373983 -4.41302 -13.5846
8.436 0.00302303 -0.484006 -1.49856 0.00512696 -4.2162 -13.0033
8.447 0.00662418 -0.483143 -1.48869 0.00161526 -4.02853 -12.4004
8.458 -0.014166 -0.489472 -1.49051 -0.000238239 -3.82693 -11.7805
8.469 0.00614372 -0.488779 -1.49629 0.00635655 -3.62356 -11.1419
8.48 0.00211072 -0.485636 -1.48702 -0.00189554 -3.4126 -10.5117
8.491 -0.00366861 -0.490245 -1.49081 0.00578436 -3.20472 -9.86149
8.502 0.00893542 -0.489642 -1.49235 -0.00407186 -2.98354 -9.2145
8.513 0.00553002 -0.493999 -1.49283 -0.00186523 -2.7814 -8.56583
8.524 0.00518575 -0.475824 -1.49396 0.0032314 -2.57281 -7.91026
8.535 -0.00176124 -0.489278 -1.49644 0.00776618 -2.36239 -7.28512
8.546 0.0046362 -0.484038 -1.49753 0.00260651 -2.15686 -6.64665
8.557 0.000689468 -0.483638 -1.48952 4.86847e-05 -1.96103 -6.03873
8.568 0.00211136 -0.484353 -1.4952 -0.00069431 -1.76884 -5.45016
8.579 0.00115846 -0.480395 -1.49615 -0.00846948 -1.57342 -4.86316
8.59 -0.00136066 -0.480269 -1.49383 0.00216923 -1.39752 -4.29482
8.601 0.00399347 -0.485947 -1.49765 -0.00141389 -1.21971 -3.76582
8.612 -0.00502979 -0.477395 -1.48516 0.00161291 -1.05269 -3.26413
8.623 -0.00025757 -0.483321 -1.48613 -0.00603421 -0.897254 -2.77281
8.634 0.0086693 -0.480044 -1.49773 -0.00415933 -0.756683 -2.31857
8.645 0.00627944 -0.489121 -1.49444 0.00487291 -0.621409 -1.91505
8.656 0.00480399 -0.482765 -1.48479 0.00279864 -0.503565 -1.53194
8.667 0.00650519 -0.480718 -1.49897 0.00235495 -0.385292 -1.19726
8.678 -0.00103756 -0.486866 -1.50168 -0.00398234 -0.290013 -0.892945
8.689 -0.00531757 -0.487013 -1.49165 -0.00651344 -0.202172 -0.628348
8.7 -0.00150325 -0.490711 -1.48684 0.00409182 -0.124425 -0.404234
8.711 -0.00363159 -0.48715 -1.49587 -0.00273966 -0.0722341 -0.220323
8.722 -0.00759797 -0.502264 -1.49083 -0.00564741 -0.0377926 -0.0785111
8.733 -0.00498759 -0.489085 -1.49626 -0.00469606 -0.000290592 0.00548462
8.744 0.00977538 -0.486442 -1.48817 0.00176747 0.0166874 0.0433603
8.755 -0.00208895 -0.484023 -1.48841 -0.00480204 0.00766469 0.048715
8.766 0.00616456 -0.496155 -1.48527 0.00807178 0.00857333 0.012088
8.777 0.00282507 -0.493983 -1.49559 -0.000570749 -0.0343437 -0.0856935
8.788 -0.00523363 -0.488387 -1.4915 0.00137313 -0.0650101 -0.214716
8.799 0.00277255 -0.483727 -1.48702 -0.00313069 -0.121971 -0.386318
8.81 0.00449121 -0.481823 -1.49544 0.0099638 -0.192037 -0.589462
8.821 0.00121665 -0.470921 -1.49681 0.0016665 -0.27297 -0.867976
8.832 0.00104953 -0.484441 -1.50092 0.00807439 -0.378838 -1.16266
8.843 0.0088781 -0.47996 -1.50109 -0.00664017 -0.492408 -1.50288
8.854 -0.00516441 -0.484254 -1.48147 -0.000770477 -0.605932 -1.87574
8.865 -0.00240747 -0.486367 -1.49824 -0.00312665 -0.730496 -2.29477
8.876 -0.000836054 -0.486228 -1.49223 -0.00103087 -0.893759 -2.7334
8.887 -0.00737034 -0.476051 -1.48994 0.00561994 -1.04039 -3.21707
8.898 -0.00537827 -0.487669 -1.49483 0.004367 -1.20827 -3.71599
8.909 0.00385041 -0.484874 -1.48949 0.00861304 -1.39074 -4.24391
8.92 0.00415198 -0.493144 -1.49238 -0.00356751 -1.56734 -4.80649
8.931 0.000356398 -0.478892 -1.49832 0.00481242 -1.75707 -5.39091
8.942 -0.00542139 -0.480634 -1.4923 -0.00134929 -1.94338 -5.9952
8.953 -0.00274964 -0.480376 -1.49823 0.00231342 -2.15661 -6.60178
8.964 0.0007417 -0.482064 -1.50593 0.00100756 -2.34954 -7.2283
8.975 0.00256704 -0.491663 -1.48808 0.00484997 -2.5568 -7.8665
8.986 -0.00249493 -0.491437 -1.49265 -0.00562667 -2.75967 -8.5049
8.997 -0.00025206 -0.490255 -1.48431 -0.00423042 -2.97908 -9.1575
9.008 -0.00212809 -0.477984 -1.49577 -0.00859013 -3.18209 -9.80273
9.019 -0.000110848 -0.485552 -1.49487 -0.00394082 -3.3892 -10.4452
9.03 -0.00137459 -0.49141 -1.4995 -0.00424438 -3.5981 -11.0874
9.041 0.0140023 -0.49218 -1.4811 -0.00855988 -3.80519 -11.7206
9.052 0.000161463 -0.474611 -1.49851 -0.002795 -4.0115 -12.3398
9.063 0.00209527 -0.482675 -1.49304 -0.00867858 -4.20404 -12.9461
9.074 -0.00629605 -0.49255 -1.49593 0.00374225 -4.39921 -13.5365
9.085 -0.000822041 -0.474853 -1.49102 -0.00322593 -4.58449 -14.0998
9.096 0.0081401 -0.486007 -1.49402 0.00299037 -4.76781 -14.6613
9.107 2.70888e-05 -0.487677 -1.49742 0.0072587 -4.9228 -15.1796
9.118 0.00308084 -0.489901 -1.49895 -0.00269402 -5.08955 -15.6765
9.129 0.000404973 -0.495203 -1.49164 -0.00614184 -5.24459 -16.1296
9.14 0.00562971 -0.485542 -1.49139 0.00664628 -5.3761 -16.5617
9.151 0.00215261 -0.479153 -1.50002 0.00702956 -5.50543 -16.9614
9.162 -0.003052 -0.483215 -1.48907 0.00845003 -5.62077 -17.3211
9.173 -0.000923037 -0.481251 -1.49277 0.00189376 -5.72941 -17.6383
9.184 -0.00360528 -0.477173 -1.48844 0.0028339 -5.82653 -17.9216
9.195 -0.00852253 -0.491526 -1.49233 0.000347758 -5.90281 -18.1578
9.206 -0.0080075 -0.488259 -1.49115 -0.00222776 -5.97116 -18.3574
9.217 -0.00279532 -0.475812 -1.47929 -0.00138236 -6.01211 -18.5162
9.228 -0.00162138 -0.49096 -1.50053 -0.000709659 -6.05338 -18.6268
9.239 -0.000514507 -0.484193 -1.4971 0.00237908 -6.07185 -18.6947
9.25 -0.00341935 -0.488445 -1.48874 -0.00183429 -6.07867 -18.7144
9.261 0.000616021 -0.482882 -1.49452 0.000934202 -6.07733 -18.6918
9.272 0.00194203 -0.486838 -1.49332 0.00079092 -6.05734 -18.6217
9.283 -0.00136937 -0.481254 -1.49752 0.00458809 -6.01221 -18.5226
9.294 0.00371787 -0.486111 -1.49048 0.000721498 -5.96864 -18.3609
9.305 -0.00338404 -0.48422 -1.49819 0.0006902 -5.9061 -18.1664
9.316 -0.00658061 -0.491141 -1.49519 -0.00686056 -5.81784 -17.9144
9.327 -0.00103338 -0.490682 -1.49188 0.00274185 -5.7339 -17.6336
9.338 0.00775349 -0.489334 -1.48518 -0.00449916 -5.62072 -17.3226
9.349 0.00344333 -0.479465 -1.4959 -0.00153044 -5.51309 -16.9612
9.36 0.00504675 -0.487584 -1.50037 0.00534667 -5.38052 -16.5557
9.371 -0.00267449 -0.483428 -1.48709 -0.00293177 -5.23676 -16.144
9.382 -0.00338023 -0.493036 -1.49156 -0.00101395 -5.08742 -15.6632
9.393 -0.00675243 -0.489147 -1.50047 0.00145519 -4.93789 -15.1689
9.404 -0.00359936 -0.480181 -1.49582 -0.00445665 -4.75526 -14.6487
9.415 -0.00158929 -0.480992 -1.50086 -0.00109561 -4.58168 -14.1127
9.426 0.00664614 -0.485499 -1.48723 -0.00437237 -4.38829 -13.5512
9.437 0.00588822 -0.483015 -1.49191 0.00190927 -4.21828 -12.9551
9.448 0.00656582 -0.479734 -1.49274 0.00604972 -4.00852 -12.3393
9.459 0.0119087 -0.485226 -1.48716 0.00505329 -3.80958 -11.7197
9.47 0.00684964 -0.484204 -1.48941 0.00221854 -3.60509 -11.0958
9.481 0.000576174 -0.484358 -1.49711 0.00698793 -3.39482 -10.4534
9.492 -0.00286352 -0.491984 -1.48963 -0.000972934 -3.18526 -9.80447
9.503 0.000704706 -0.488127 -1.49522 0.00286479 -2.98029 -9.15179
9.514 0.0100564 -0.48397 -1.4943 -0.00437175 -2.77436 -8.50606
9.525 0.000979814 -0.491333 -1.48664 -0.00506668 -2.54988 -7.85978
9.536 -9.96537e-05 -0.48633 -1.49562 0.00315529 -2.34976 -7.21873
9.547 0.00107953 -0.486219 -1.48912 -0.0159915 -2.13829 -6.59165
9.558 -0.00258172 -0.485285 -1.50066 -0.00115492 -1.95627 -5.9834
9.569 0.00176917 -0.48389 -1.49434 0.00522886 -1.74964 -5.38088
9.58 0.00121748 -0.492112 -1.49421 -0.000307441 -1.55655 -4.81726
9.591 0.00113056 -0.491815 -1.49478 0.0076644 -1.38716 -4.24737
9.602 -0.0068647 -0.488642 -1.49351 -2.28835e-05 -1.20627 -3.72258
9.613 0.000198753 -0.487532 -1.48481 0.00154441 -1.04963 -3.22026
9.624 -0.00160735 -0.484175 -1.49276 0.00258877 -0.89274 -2.73166
9.635 0.00222882 -0.480966 -1.49654 0.00620199 -0.746491 -2.28644
9.646 0.00581026 -0.490021 -1.49443 -0.00444983 -0.607887 -1.88417
9.657 -0.00274763 -0.474944 -1.4849 0.0140702 -0.483882 -1.49745
9.668 0.00169822 -0.491109 -1.49093 -0.00523196 -0.378659 -1.15419
9.679 -0.00266908 -0.485399 -1.49303 0.00337278 -0.277146 -0.860524
9.69 -0.00806539 -0.491553 -1.48503 -0.00529603 -0.194456 -0.602469
9.701 0.00232437 -0.479787 -1.4982 0.00444853 -0.122763 -0.384724
9.712 0.00868213 -0.492339 -1.485 0.0017461 -0.0656996 -0.208438
9.723 0.00130051 -0.482122 -1.49568 -0.00383781 -0.0251142 -0.078731
9.734 -0.00621018 -0.488493 -1.48888 -0.000219602 -0.00391876 0.00366702
9.745 -0.00297652 -0.481526 -1.49536 -0.00199384 0.0220537 0.0489956
9.756 -0.00376411 -0.485322 -1.49733 0.00837734 0.0155366 0.0556725
9.767 -0.00266567 -0.479215 -1.48621 -0.000173877 0.007852 -0.000128155
9.778 0.00225161 -0.488269 -1.49512 -0.0039604 -0.032766 -0.0839744
9.789 -0.010508 -0.492897 -1.49082 -0.000888154 -0.0800893 -0.220464
9.8 0.000229427 -0.483418 -1.49073 0.00454224 -0.136324 -0.396603
9.811 0.00283785 -0.479732 -1.48562 -0.00292891 -0.198695 -0.616505
9.822 0.00111496 -0.485921 -1.4978 0.000796809 -0.28084 -0.882193
9.833 -0.00570184 -0.485177 -1.48861 0.00412409 -0.38613 -1.19392
9.844 0.00118284 -0.48343 -1.49423 0.00945236 -0.498924 -1.52891
9.855 0.00591026 -0.484814 -1.48834 -0.00235646 -0.620302 -1.91025
9.866 0.00697759 -0.486813 -1.49588 0.00482281 -0.752727 -2.32981
9.877 0.00383239 -0.493341 -1.48813 0.0148966 -0.907854 -2.7782
9.888 0.0035795 -0.480342 -1.4909 -0.00314772 -1.05155 -3.25634
9.899 0.0162062 -0.480362 -1.49443 0.00340854 -1.224 -3.7701
9.91 0.00336423 -0.483492 -1.49108 -0.00538458 -1.40737 -4.30297
9.921 -0.00266023 -0.47569 -1.49631 0.00773782 -1.57572 -4.85288
9.932 0.00174706 -0.495453 -1.49843 0.00719508 -1.76831 -5.44565
9.943 -0.0119784 -0.487636 -1.49357 0.000188959 -1.95795 -6.03885
