0 -0.00718318 -0.492361 -1.49903 0.00396181 -3.0232 -9.32903
0.01 -0.00390566 -0.485879 -1.5002 0.00390912 -3.22494 -9.93
0.02 -0.00124865 -0.488836 -1.49638 0.00146033 -3.4192 -10.5062
0.03 0.00585662 -0.491041 -1.48713 0.00165965 -3.60442 -11.0939
0.04 -0.00268825 -0.483651 -1.4829 0.00542068 -3.79732 -11.6586
0.05 0.00223219 -0.481312 -1.49321 0.00175137 -3.97016 -12.2258
0.06 -0.00131011 -0.481629 -1.49111 -0.00209383 -4.15236 -12.7824
0.07 0.00449176 -0.484468 -1.48223 5.04686e-05 -4.333 -13.3178
0.08 -0.00954874 -0.488342 -1.49189 -0.00770264 -4.50045 -13.8513
0.09 0.00559481 -0.491864 -1.49447 0.000861243 -4.66296 -14.3593
0.1 -0.0123374 -0.483417 -1.48985 -0.0060405 -4.83229 -14.8482
0.11 -0.00756423 -0.4778 -1.49741 -0.0047296 -4.97365 -15.31
0.12 0.00313748 -0.486801 -1.49286 0.000326695 -5.12669 -15.7551
0.131 0.000226614 -0.487211 -1.50196 -0.00469777 -5.27145 -16.2194
0.141 0.00274175 -0.490997 -1.48582 0.00620452 -5.39044 -16.602
0.151 -0.00283904 -0.482263 -1.49108 -0.00649543 -5.50589 -16.9631
0.161 -0.00379069 -0.485645 -1.49212 0.000856621 -5.62426 -17.2873
0.171 -0.00268954 -0.489386 -1.49098 -0.00636267 -5.71022 -17.5851
0.181 0.00456271 -0.479393 -1.4918 0.00444811 -5.80508 -17.8448
0.191 -0.00126582 -0.481343 -1.48636 0.00162317 -5.87018 -18.0778
0.201 0.00525173 -0.49276 -1.4954 0.00153458 -5.9337 -18.2693
0.211 -0.00520137 -0.486383 -1.49518 0.000473601 -5.99077 -18.4399
0.221 0.00484072 -0.479249 -1.49498 -0.00210159 -6.03274 -18.5626
0.231 0.00064082 -0.493412 -1.49831 0.00269245 -6.0644 -18.6431
0.241 0.00565188 -0.489155 -1.49202 0.00773733 -6.0819 -18.7064
0.252 -0.00295021 -0.49131 -1.49534 0.00638178 -6.08373 -18.7171
0.262 -0.0016978 -0.482413 -1.48471 -0.000877497 -6.06883 -18.6897
0.272 -0.00210321 -0.490386 -1.49173 0.000715486 -6.0518 -18.6317
0.282 0.0032012 -0.485397 -1.4863 0.00367591 -6.01517 -18.5319
0.292 0.00339513 -0.482219 -1.5017 -0.00504685 -5.97746 -18.3897
0.302 -0.0125384 -0.487126 -1.49865 0.00844407 -5.91424 -18.226
0.312 0.00814317 -0.489553 -1.48937 -0.00130512 -5.85912 -18.0238
0.322 0.00368606 -0.488737 -1.49661 -0.00344698 -5.7741 -17.7738
0.332 -0.00521063 -0.480671 -1.49518 -0.00349913 -5.69181 -17.5
0.342 -0.00513769 -0.49037 -1.49421 0.000843099 -5.58533 -17.1853
0.352 0.00383402 -0.490414 -1.49059 -0.00171759 -5.47312 -16.8523
0.362 -0.00415036 -0.492334 -1.49529 0.000796066 -5.35666 -16.4779
0.372 0.00110753 -0.4796 -1.49774 0.000912309 -5.23349 -16.0867
0.382 -0.00214722 -0.486977 -1.49401 -0.000504878 -5.09532 -15.6751
0.392 0.00466749 -0.4889 -1.47783 -0.00146314 -4.94386 -15.2195
0.402 0.0135511 -0.482117 -1.49219 -0.00365402 -4.80149 -14.7449
0.412 0.00452285 -0.488952 -1.48871 0.00128415 -4.62424 -14.2603
0.422 0.000437091 -0.47956 -1.49343 0.00483314 -4.46952 -13.7424
0.432 0.00215276 -0.484734 -1.49085 -0.000279045 -4.301 -13.2177
0.442 -0.00306008 -0.484358 -1.49249 -0.00684147 -4.12537 -12.6778
0.452 -0.00626409 -0.489259 -1.49102 -0.000573205 -3.94143 -12.1082
0.462 -0.0052062 -0.487655 -1.49405 -0.00947612 -3.74827 -11.5416
0.472 0.00147812 -0.490352 -1.49871 0.0029849 -3.56569 -10.9816
0.482 0.00654998 -0.483828 -1.49383 -0.00220922 -3.37827 -10.4028
0.492 0.00448751 -0.469924 -1.49235 -0.00115812 -3.18356 -9.79681
0.503 0.0119553 -0.48702 -1.48416 0.00311406 -2.97268 -9.14828
0.513 0.0105873 -0.488705 -1.49119 -0.00037021 -2.78395 -8.56959
0.523 -0.000592678 -0.490722 -1.4905 0.00244907 -2.59454 -7.97708
0.533 0.00830351 -0.481182 -1.5004 -0.00118885 -2.41132 -7.39305
0.543 -0.00498345 -0.48799 -1.49811 0.00453186 -2.21635 -6.82377
0.553 -0.00285493 -0.493282 -1.49084 0.00460092 -2.03098 -6.25821
0.563 0.00259083 -0.4847 -1.49489 -0.00182916 -1.85282 -5.71411
0.573 -0.00411649 -0.482158 -1.49741 -0.00102512 -1.67836 -5.17459
0.583 -0.0111718 -0.480692 -1.49804 -0.00655044 -1.51213 -4.65801
0.593 0.0094662 -0.48212 -1.4913 0.00737447 -1.36016 -4.15128
0.603 -0.00696709 -0.488924 -1.48994 -0.0123237 -1.1917 -3.668
0.613 0.00539318 -0.477911 -1.48996 0.000797619 -1.04961 -3.21089
0.623 0.00171208 -0.489737 -1.49452 0.00641257 -0.895615 -2.76884
0.633 0.000605238 -0.485451 -1.502 0.00640125 -0.764896 -2.36477
0.643 0.0038975 -0.494129 -1.4968 0.000596251 -0.651482 -1.99028
0.653 0.0015674 -0.486584 -1.49169 -0.0117521 -0.527919 -1.63687
0.663 -0.00651313 -0.48803 -1.49405 -0.00334473 -0.428767 -1.31279
0.673 -0.00661088 -0.486138 -1.48248 -0.00470631 -0.33012 -1.01284
0.683 -0.00521211 -0.479497 -1.48276 0.00115492 -0.243748 -0.758839
0.693 0.00161033 -0.486779 -1.4977 0.00470915 -0.165578 -0.542423
0.703 -0.000527536 -0.484167 -1.49133 0.000332373 -0.117854 -0.342621
0.713 0.0029151 -0.485086 -1.49171 -0.00055076 -0.0607458 -0.200221
0.723 -0.00434482 -0.494307 -1.49096 0.00219277 -0.0236261 -0.0713994
0.733 -0.00172392 -0.486113 -1.49645 0.00448569 -0.00138201 0.00520528
0.743 -0.00420738 -0.474907 -1.49128 -0.000956425 0.0161659 0.0455866
0.753 0.00584443 -0.472406 -1.4971 0.00470119 0.00894866 0.0463583
0.763 0.00199717 -0.482232 -1.50139 -0.00479474 0.0109658 0.0268869
0.773 0.000994372 -0.486208 -1.49718 0.000941093 -0.0150924 -0.0452428
0.783 0.00704897 -0.485703 -1.49388 -0.00589837 -0.0482709 -0.149665
0.793 0.00845391 -0.484233 -1.49072 0.00245325 -0.0956907 -0.283416
0.803 -0.00195345 -0.487033 -1.50213 0.000889345 -0.152634 -0.464258
0.813 0.000992037 -0.485556 -1.49157 0.00104373 -0.212686 -0.666706
0.823 0.00443441 -0.493602 -1.50382 0.0108529 -0.298421 -0.907052
0.833 -0.0021325 -0.496157 -1.48308 -0.00485309 -0.383422 -1.18384
0.843 0.00189684 -0.490384 -1.50254 0.000240829 -0.495733 -1.49656
0.853 0.00655354 -0.487716 -1.48784 -0.00625583 -0.603652 -1.843
0.863 0.00311106 -0.489442 -1.49236 0.000258013 -0.719614 -2.21664
0.873 0.00187909 -0.482841 -1.49051 0.00543512 -0.84945 -2.60889
0.883 -0.00850876 -0.478849 -1.49703 0.000816331 -0.988596 -3.04137
0.893 0.00247135 -0.487094 -1.49468 0.00290263 -1.1294 -3.48593
0.903 -0.00720303 -0.478994 -1.49808 -0.00491249 -1.29343 -3.95675
0.913 0.0127441 -0.483861 -1.4892 -0.00363519 -1.44065 -4.45256
0.923 -0.00234276 -0.4911 -1.49346 0.00546809 -1.61721 -4.97018
0.933 -0.00747338 -0.491549 -1.49433 0.00776005 -1.78478 -5.49376
0.943 -0.00750801 -0.479201 -1.49906 -0.00147878 -1.96523 -6.03798
0.953 0.0110787 -0.472579 -1.49911 -0.00521435 -2.14118 -6.59968
0.963 -0.00215306 -0.482189 -1.49975 -0.00239 -2.32309 -7.17399
0.973 0.000546672 -0.486773 -1.49387 0.00148812 -2.52346 -7.74485
0.983 -0.00638884 -0.490815 -1.48974 -0.00398009 -2.71215 -8.33019
0.993 -0.00253735 -0.489762 -1.4962 -0.00205078 -2.89576 -8.91906
1.004 0.00551378 -0.491157 -1.49962 0.00566642 -3.10623 -9.56205
1.015 -0.00228701 -0.49432 -1.49157 0.00408267 -3.3212 -10.2091
1.026 0.00243316 -0.481433 -1.48962 0.00829405 -3.52541 -10.8568
1.037 0.00705344 -0.496146 -1.49071 -0.000506736 -3.73251 -11.4962
1.048 0.00137068 -0.480157 -1.48378 0.00494955 -3.93539 -12.108
1.059 -0.00206635 -0.486017 -1.48589 -0.00127288 -4.13622 -12.7238
1.07 0.00181898 -0.489029 -1.49189 -0.00286 -4.32663 -13.3337
1.081 0.00665214 -0.491766 -1.50563 -0.000513035 -4.52337 -13.906
1.092 0.00712751 -0.489314 -1.49478 0.00175354 -4.69356 -14.4567
1.103 0.00966213 -0.479178 -1.49106 0.00337954 -4.86376 -14.9889
1.114 -0.00323121 -0.4889 -1.49592 -0.00276973 -5.02994 -15.4947
1.125 0.000353325 -0.484746 -1.49278 -0.00324342 -5.17476 -15.9734
1.136 -0.000233196 -0.49886 -1.48435 -0.00201017 -5.33862 -16.4085
1.147 -0.000689057 -0.490443 -1.50312 -0.00614046 -5.45449 -16.8174
1.158 0.00277765 -0.490423 -1.49349 -0.00594968 -5.59041 -17.1869
1.169 0.00917073 -0.485096 -1.50212 0.00055656 -5.69129 -17.5211
1.18 0.00533744 -0.480105 -1.49839 0.00206436 -5.79511 -17.8228
1.191 0.00147897 -0.486643 -1.49313 0.013653 -5.86941 -18.0739
1.202 -0.00505899 -0.484541 -1.48747 -0.00703013 -5.94256 -18.2977
1.213 -0.00247141 -0.491623 -1.4938 -0.00301546 -6.00072 -18.4745
1.224 0.00440881 -0.488233 -1.4961 0.00265086 -6.03903 -18.5802
1.235 -0.0028081 -0.482997 -1.50045 -0.00446282 -6.06596 -18.6756
1.246 -0.00791797 -0.478477 -1.4964 0.00729967 -6.08328 -18.7251
1.257 -0.00479489 -0.488129 -1.49081 0.00283235 -6.08681 -18.718
1.268 0.00288736 -0.478322 -1.49401 -0.00373445 -6.06497 -18.6546
1.279 0.000114854 -0.484867 -1.49902 -0.00111682 -6.03704 -18.5693
1.29 0.00178198 -0.480517 -1.48833 -0.00306111 -5.98885 -18.4178
1.301 -0.0104407 -0.483488 -1.48806 -0.00415959 -5.92706 -18.241
1.312 0.00682296 -0.481738 -1.49661 -0.00285681 -5.85056 -18.0124
1.323 0.00317892 -0.494528 -1.49114 -0.00238099 -5.76663 -17.7359
1.334 -0.00346859 -0.493323 -1.49404 0.00513841 -5.66153 -17.4395
1.345 0.00385378 -0.488058 -1.48965 0.00531339 -5.55873 -17.093
1.356 -0.00255725 -0.481981 -1.49565 -0.0019622 -5.43186 -16.7151
1.367 -0.00379168 -0.494631 -1.49448 -0.00488772 -5.2939 -16.2925
1.378 0.0068663 -0.485483 -1.49289 -0.00264263 -5.13925 -15.8435
1.389 0.00252116 -0.47833 -1.48614 7.1753e-05 -4.99246 -15.3499
1.4 -0.00247032 -0.487454 -1.48834 0.00481497 -4.82597 -14.8544
1.411 -0.00188069 -0.487402 -1.48471 -0.00602034 -4.65845 -14.3031
1.422 0.000792856 -0.484834 -1.49325 0.000590549 -4.46012 -13.7501
1.433 0.000521629 -0.488719 -1.50488 -0.00514336 -4.27779 -13.1551
1.444 0.00492329 -0.487138 -1.48489 -0.00024468 -4.08076 -12.5703
1.455 -0.00102287 -0.47714 -1.49656 -0.000500724 -3.8843 -11.9409
1.466 -0.00243297 -0.483693 -1.49617 -0.00382401 -3.67943 -11.3261
1.477 0.00413835 -0.481668 -1.48777 -0.00216761 -3.46824 -10.6912
1.488 -1.86298e-05 -0.488584 -1.48926 0.00844633 -3.26142 -10.0382
1.499 0.00435409 -0.476688 -1.48693 -0.00107574 -3.0588 -9.38647
1.51 -0.00518336 -0.476358 -1.49145 0.00196459 -2.83662 -8.73564
1.521 -0.00316409 -0.496572 -1.49983 0.000623663 -2.63084 -8.09393
1.532 0.00464873 -0.48628 -1.50613 -0.00521939 -2.42266 -7.4608
1.543 0.00666054 -0.494472 -1.48795 0.00726028 -2.21244 -6.82592
1.554 -0.00416559 -0.487642 -1.4955 -0.00102689 -2.0027 -6.20627
1.565 -0.0146881 -0.487604 -1.49864 0.00803536 -1.81406 -5.6017
1.576 0.00308814 -0.48905 -1.48863 0.00190501 -1.63154 -5.01271
1.587 0.00314708 -0.480344 -1.49578 0.00305887 -1.45363 -4.45565
1.598 0.00584142 -0.483135 -1.49872 0.00584691 -1.26526 -3.90615
1.609 0.00781502 -0.483735 -1.50142 0.00184052 -1.10264 -3.3998
1.62 0.00114706 -0.481079 -1.49528 -0.00866385 -0.944195 -2.89813
1.631 -0.00542241 -0.487733 -1.4978 -0.00157594 -0.80308 -2.4512
1.642 0.0016328 -0.488261 -1.49877 -0.00875458 -0.663069 -2.02752
1.653 -0.00363428 -0.484212 -1.49564 -0.00660962 -0.53213 -1.63894
1.664 0.00390226 -0.47982 -1.49123 0.0023793 -0.421238 -1.27715
1.675 -0.00122764 -0.48648 -1.49285 0.000585884 -0.310825 -0.960133
1.686 0.00753325 -0.485288 -1.49261 -0.000816327 -0.220172 -0.695773
1.697 -0.0110747 -0.480475 -1.50313 -0.0015226 -0.152995 -0.45987
1.708 0.00240402 -0.475988 -1.49268 0.000762908 -0.0858132 -0.263216
1.719 0.00795774 -0.486758 -1.49137 0.00614475 -0.044703 -0.121695
1.73 -0.00102007 -0.481067 -1.49442 -0.0033549 -0.00081129 -0.0164093
1.741 0.000290466 -0.482693 -1.50092 0.00153056 0.00950322 0.0381935
1.752 -0.00312703 -0.48229 -1.49496 0.00671834 0.0258659 0.0645331
1.763 0.000996699 -0.485216 -1.49038 0.0103473 0.0110105 0.0301409
1.774 -0.0061144 -0.486997 -1.49031 0.0059403 -0.0230087 -0.0514626
1.785 -0.000553971 -0.486467 -1.49282 0.00214702 -0.0542606 -0.16162
1.796 0.0118771 -0.485312 -1.49372 0.00131146 -0.103224 -0.336638
1.807 -0.00153992 -0.489945 -1.49419 0.00550699 -0.177702 -0.544435
1.818 -0.00553908 -0.487986 -1.4912 -0.00864856 -0.261975 -0.792694
1.829 -0.00403714 -0.481222 -1.49333 0.00459637 -0.353195 -1.07431
1.84 0.00601582 -0.486982 -1.49718 -0.00176564 -0.454493 -1.39761
1.851 -0.00684594 -0.481062 -1.50439 -0.00754067 -0.563963 -1.76288
1.862 -0.00465858 -0.481151 -1.48754 0.00145522 -0.702995 -2.17926
1.873 0.00185191 -0.493931 -1.49781 -0.00115476 -0.85079 -2.59951
1.884 0.000889227 -0.48508 -1.49259 0.00282275 -1.00226 -3.07592
1.895 -0.00676021 -0.479697 -1.49424 -0.00051434 -1.15367 -3.58595
1.906 0.00759711 -0.478608 -1.49193 0.00157447 -1.33858 -4.10885
1.917 -0.00975711 -0.48918 -1.48922 0.00489108 -1.50392 -4.65629
1.928 -0.0125051 -0.48776 -1.4962 0.00874136 -1.69943 -5.22801
1.939 -0.00509894 -0.491675 -1.48869 -0.00800986 -1.90424 -5.813
1.95 -0.0127003 -0.473624 -1.49497 0.00124952 -2.09672 -6.43351
1.961 -0.00276601 -0.489544 -1.49067 -0.00668028 -2.29075 -7.0493
1.972 -0.00106339 -0.484835 -1.49853 -0.00539843 -2.49806 -7.68843
1.983 -0.00748493 -0.490941 -1.4953 0.00603174 -2.69941 -8.32929
1.994 0.00389881 -0.482706 -1.5049 -0.00243933 -2.9194 -8.97324
2.005 0.00425184 -0.487134 -1.49093 -0.00500907 -3.12606 -9.62112
2.016 0.00468323 -0.47896 -1.50354 -0.00559558 -3.33635 -10.2703
2.027 -0.00225613 -0.484629 -1.49564 0.00458367 -3.54329 -10.9097
2.038 0.00674902 -0.472908 -1.49181 -0.00962151 -3.75239 -11.5516
2.049 0.00734304 -0.487702 -1.49108 -0.00296191 -3.95482 -12.1766
2.06 0.0061837 -0.486444 -1.50034 -0.00391374 -4.15525 -12.7828
2.071 0.00468056 -0.481877 -1.48895 0.0033247 -4.35094 -13.3784
2.082 7.76407e-05 -0.486792 -1.48893 -0.00862655 -4.53476 -13.9511
2.093 0.00245604 -0.486144 -1.48702 0.0111936 -4.71551 -14.4996
2.104 -0.00399734 -0.491035 -1.4985 0.00757949 -4.88737 -15.0341
2.115 -0.00736325 -0.487582 -1.49169 0.00925155 -5.05159 -15.5279
2.126 -0.00372486 -0.488499 -1.49032 -0.00112957 -5.20727 -16.0144
2.137 -0.000641429 -0.492359 -1.49553 0.00656608 -5.34463 -16.45
2.148 0.00142412 -0.488739 -1.48698 -0.000142561 -5.4744 -16.8519
2.159 -0.00531897 -0.487294 -1.48963 0.000547639 -5.6064 -17.2276
2.17 -0.00653208 -0.47918 -1.493 -0.00347304 -5.694 -17.5502
2.181 -0.00629822 -0.486546 -1.49392 0.00512606 -5.8024 -17.8522
2.192 0.00705833 -0.485261 -1.49481 0.00213034 -5.87631 -18.1054
2.203 0.000434251 -0.487121 -1.48887 -0.00118384 -5.95925 -18.3063
2.214 -0.00655638 -0.483357 -1.49525 -0.00314768 -6.00911 -18.4795
2.225 -0.000721519 -0.480183 -1.49745 0.00582782 -6.03658 -18.5984
2.236 0.0052226 -0.490714 -1.4971 -0.00413616 -6.07604 -18.6783
2.247 -0.00541447 -0.489031 -1.48602 -0.00525382 -6.08664 -18.7108
2.258 0.00392878 -0.486373 -1.49377 0.00576445 -6.06651 -18.7158
2.269 0.00799722 -0.485366 -1.50001 -0.00806537 -6.06404 -18.6497
2.28 -0.00097972 -0.488171 -1.49497 0.000361972 -6.01883 -18.5469
2.291 0.000480626 -0.482566 -1.49785 0.00506572 -5.97949 -18.401
2.302 0.000635505 -0.483853 -1.49357 -0.00130406 -5.91875 -18.2264
2.313 -0.00830179 -0.491006 -1.49849 0.0102705 -5.84499 -17.9883
2.324 -0.00885954 -0.475986 -1.49769 0.0106931 -5.75746 -17.7004
2.335 -0.00178617 -0.484312 -1.49134 0.000655742 -5.65402 -17.4059
2.346 -0.000928367 -0.489241 -1.48551 0.00358097 -5.53821 -17.0518
2.357 0.0107693 -0.486366 -1.50033 -0.0011737 -5.42165 -16.6749
2.368 -0.00139696 -0.481368 -1.49312 -0.0080999 -5.28779 -16.2498
2.379 0.00404235 -0.481243 -1.49554 0.00935422 -5.13521 -15.803
2.39 0.00410665 -0.487966 -1.48993 -0.00246361 -4.9758 -15.3189
2.401 -0.00897713 -0.480348 -1.49136 -0.00508639 -4.81101 -14.7975
2.412 -0.00818279 -0.487023 -1.48372 0.00884448 -4.63204 -14.258
2.423 -0.00518331 -0.488107 -1.49408 0.0100926 -4.45605 -13.6949
2.434 0.00299599 -0.491589 -1.4987 -0.00818687 -4.25658 -13.1089
2.445 0.00257775 -0.489296 -1.49772 -0.00768824 -4.06849 -12.5111
2.456 0.000369213 -0.482252 -1.49588 0.00105866 -3.86663 -11.891
2.467 -0.00305418 -0.488663 -1.49337 -0.000690735 -3.66089 -11.2624
2.478 0.00570224 -0.482566 -1.4908 0.00821721 -3.45587 -10.6147
2.489 -0.00644571 -0.483267 -1.49972 -0.0089642 -3.25059 -9.98321
2.5 0.00279265 -0.488047 -1.49428 0.00787056 -3.03127 -9.3223
2.511 0.00192247 -0.4932 -1.48879 0.00644151 -2.82527 -8.6759
2.522 0.00271056 -0.486387 -1.49521 0.00468772 -2.61468 -8.04531
2.533 -0.00238373 -0.480207 -1.49554 0.0031671 -2.4027 -7.39708
2.544 -0.00700118 -0.487607 -1.49098 -0.000766668 -2.19165 -6.77112
2.555 0.00180167 -0.486619 -1.49039 0.00183588 -1.99149 -6.15255
2.566 0.00678168 -0.482507 -1.49899 0.00194806 -1.80082 -5.54508
2.577 -0.00116944 -0.486907 -1.4962 0.00110867 -1.61972 -4.96573
2.588 -0.00330694 -0.484409 -1.50162 0.000635277 -1.42282 -4.39586
2.599 -0.00140317 -0.486695 -1.49317 0.00253837 -1.25815 -3.85893
2.61 0.00387209 -0.482205 -1.48581 -0.00507244 -1.08781 -3.34651
2.621 0.00370566 -0.49038 -1.49765 0.00168755 -0.931415 -2.85868
2.632 0.00229203 -0.486536 -1.49807 -0.000976222 -0.779667 -2.40893
2.643 0.0120831 -0.492941 -1.49026 0.00353792 -0.641313 -1.98493
2.654 -0.0016215 -0.488086 -1.48671 -0.00262874 -0.526446 -1.59361
2.665 0.000333493 -0.486747 -1.50151 -0.000719452 -0.408989 -1.24577
2.676 -0.00169021 -0.491799 -1.49593 -0.00295741 -0.305675 -0.940426
2.687 0.00641638 -0.492474 -1.49817 0.00191814 -0.212175 -0.670558
2.698 0.00181697 -0.480162 -1.49573 0.00540167 -0.136464 -0.45121
2.709 -0.0040505 -0.492625 -1.48284 0.00218418 -0.0813422 -0.255785
2.72 0.000973543 -0.478325 -1.49596 -1.01098e-06 -0.0464446 -0.116174
2.731 0.000182128 -0.481062 -1.50017 0.00664818 0.00625359 -0.00631387
2.742 0.00121965 -0.480851 -1.49479 -0.00685504 0.0180574 0.044805
2.753 0.00168029 -0.484535 -1.50274 -0.00190564 0.0216569 0.0625907
2.764 0.00268038 -0.484353 -1.48542 0.00189895 0.00394872 0.0190042
2.775 0.00324819 -0.49679 -1.50155 -0.00543912 -0.0286667 -0.0569154
2.786 0.0050438 -0.480812 -1.49863 -0.00417856 -0.0527138 -0.182935
2.797 -0.008377 -0.482698 -1.49158 -0.00527355 -0.120957 -0.349726
2.808 0.00619876 -0.482457 -1.4945 0.00161112 -0.179726 -0.557129
2.819 0.00517738 -0.486893 -1.50129 0.00314474 -0.266444 -0.808595
2.83 0.00738747 -0.485327 -1.49669 0.00566131 -0.36017 -1.09256
2.841 0.0026751 -0.485194 -1.48708 0.000834844 -0.471269 -1.43469
2.852 -0.00458962 -0.483241 -1.4916 0.0052817 -0.587772 -1.80624
2.863 0.000433535 -0.487822 -1.4963 0.00668892 -0.717078 -2.20723
2.874 -0.00237573 -0.485835 -1.50015 -0.00584 -0.865835 -2.65499
2.885 -0.00888307 -0.486904 -1.4957 0.000620291 -1.01304 -3.11354
2.896 -0.0062023 -0.484189 -1.49064 -0.000972534 -1.17909 -3.61411
2.907 0.000209233 -0.481742 -1.50003 0.000384848 -1.35437 -4.16606
2.918 0.0038615 -0.484275 -1.4924 -0.00581628 -1.53302 -4.69988
2.929 -0.00995599 -0.481438 -1.49964 0.00772541 -1.70892 -5.27681
2.94 -0.003815 -0.496657 -1.50102 0.00312128 -1.91949 -5.88186
2.951 0.00159926 -0.480987 -1.49412 -0.00563449 -2.11219 -6.48154
2.962 0.00832848 -0.489781 -1.4926 0.00287873 -2.30704 -7.10963
2.973 0.00529816 -0.490184 -1.49194 -0.00100905 -2.5146 -7.745
2.984 0.00276466 -0.484563 -1.49655 0.00399206 -2.72154 -8.38533
2.995 0.00742137 -0.481525 -1.49893 -0.00366214 -2.92682 -9.04551
3.006 0.00354317 -0.480672 -1.49598 0.0076167 -3.14374 -9.69092
3.017 0.00580961 -0.488143 -1.49522 -0.00265675 -3.35629 -10.3335
3.028 -0.00596187 -0.476419 -1.49623 0.00121581 -3.56283 -10.9753
3.039 -0.0113626 -0.491168 -1.50336 0.00135535 -3.76797 -11.6068
3.05 0.00358855 -0.489001 -1.48464 0.00856409 -3.97385 -12.2277
3.061 0.00901662 -0.484332 -1.48913 -0.00308459 -4.16512 -12.8419
3.072 -0.00629325 -0.481702 -1.49806 0.000541461 -4.36831 -13.4324
3.083 0.00363896 -0.483337 -1.49561 -0.00163466 -4.54914 -14.0125
3.094 -0.00254028 -0.485985 -1.49255 -0.00245105 -4.73619 -14.5508
3.105 0.00485949 -0.499806 -1.50538 -0.00240634 -4.90276 -15.0714
3.116 0.00328173 -0.49402 -1.489 0.00698521 -5.05545 -15.5876
3.127 0.00323385 -0.491086 -1.48957 0.00808405 -5.21721 -16.0501
3.138 -0.00375789 -0.481619 -1.49503 -0.0130434 -5.34856 -16.489
3.149 -0.00208382 -0.496679 -1.48781 -0.00319685 -5.48539 -16.8958
3.16 0.00422794 -0.478973 -1.50221 -0.000781627 -5.60555 -17.2521
3.171 -0.00947763 -0.491305 -1.49819 -0.00312386 -5.70588 -17.5827
3.182 0.00377944 -0.48399 -1.48722 6.4007e-05 -5.802 -17.8843
3.193 -0.00915337 -0.489841 -1.49456 -0.00814259 -5.88561 -18.1356
3.204 -0.00142657 -0.487649 -1.49526 0.00495717 -5.96449 -18.331
3.215 -0.00340229 -0.48354 -1.49713 0.00847785 -6.00978 -18.5008
3.226 0.000683246 -0.480807 -1.49206 0.00630129 -6.03609 -18.607
3.237 0.0025532 -0.478844 -1.49106 -0.00138698 -6.07229 -18.6873
3.248 -0.00403582 -0.477894 -1.49134 0.00384008 -6.09247 -18.7187
3.259 -0.000272927 -0.486211 -1.49109 -0.0107596 -6.07095 -18.7015
3.27 0.000172177 -0.493867 -1.49227 -0.00814082 -6.05992 -18.6454
3.281 0.00029277 -0.486775 -1.49652 -0.000617421 -6.02728 -18.5505
3.292 0.00484699 -0.48829 -1.49281 -0.00434252 -5.97062 -18.387
3.303 0.0044605 -0.485527 -1.49869 0.00827715 -5.92195 -18.1963
3.314 -0.000289044 -0.485844 -1.49205 -0.000518701 -5.83697 -17.9796
3.325 -0.00262609 -0.473641 -1.49002 -0.00322351 -5.74422 -17.6955
3.336 -0.00761422 -0.489617 -1.48585 -0.00371204 -5.65394 -17.3842
3.347 -0.00620011 -0.486004 -1.48672 -0.00662454 -5.53 -17.0279
3.358 -0.00939231 -0.48091 -1.49869 -0.00077631 -5.41164 -16.6332
3.369 0.00687474 -0.485974 -1.48866 -0.0112601 -5.27486 -16.2179
3.38 -0.000196236 -0.495062 -1.50332 -0.00542241 -5.12379 -15.7521
3.391 -0.00703015 -0.48334 -1.49876 0.00741735 -4.96394 -15.2594
3.402 -0.00239375 -0.488587 -1.4867 0.0067396 -4.79583 -14.7465
3.413 0.000938614 -0.480817 -1.49993 -0.000749708 -4.61522 -14.2119
3.424 0.00139129 -0.482943 -1.49805 -0.00105118 -4.43385 -13.6451
3.435 0.00219401 -0.485068 -1.49718 0.0020272 -4.2454 -13.0544
3.446 -0.00286377 -0.4915 -1.49423 -0.000151157 -4.0591 -12.4535
3.457 -0.00294673 -0.488301 -1.48778 -0.00364499 -3.85361 -11.8432
3.468 -0.0036569 -0.484106 -1.4914 0.00794498 -3.6397 -11.2032
3.479 -0.00130473 -0.48568 -1.49026 0.00335337 -3.43174 -10.5703
3.49 0.00756471 -0.480737 -1.49222 0.00332459 -3.22792 -9.9174
3.501 -0.00393747 -0.488253 -1.50181 0.00294846 -3.00625 -9.26946
3.512 0.00563885 -0.492884 -1.49367 0.000497453 -2.80664 -8.62102
3.523 0.00626289 -0.481151 -1.48931 0.00784309 -2.59904 -7.97664
3.534 -0.00585743 -0.478084 -1.48402 -0.00215928 -2.382 -7.34136
3.545 0.00288176 -0.485572 -1.49296 0.0102089 -2.18603 -6.71046
3.556 -0.00116163 -0.483349 -1.49303 0.00802657 -1.98168 -6.0988
3.567 -0.00878921 -0.488862 -1.49133 -0.000239261 -1.78157 -5.4822
3.578 0.00160902 -0.493321 -1.49042 -0.00604592 -1.5884 -4.90514
3.589 0.000114298 -0.486168 -1.49404 -0.00987528 -1.41708 -4.35327
3.6 -0.00336073 -0.491003 -1.49253 -0.00382768 -1.23938 -3.80866
3.611 -0.00234868 -0.480815 -1.48949 0.0125028 -1.07295 -3.3027
3.622 -0.00112344 -0.48141 -1.49355 -0.00541113 -0.920731 -2.83303
3.633 -0.00566869 -0.492146 -1.49257 -0.00637895 -0.762551 -2.37818
3.644 -0.0033314 -0.495405 -1.49783 -0.00168373 -0.641162 -1.95676
3.655 0.00636608 -0.491805 -1.49939 -0.00159384 -0.506793 -1.56736
3.666 6.25975e-05 -0.465686 -1.48929 -0.00345861 -0.391334 -1.22366
3.677 0.00117105 -0.475016 -1.49542 0.00715609 -0.301988 -0.917972
3.688 0.00746873 -0.49263 -1.48319 -0.0029514 -0.214908 -0.642077
3.699 0.00175676 -0.488932 -1.49016 0.00547922 -0.137701 -0.422728
3.71 0.00337287 -0.489587 -1.50102 -0.0116942 -0.0759007 -0.240912
3.721 0.00192679 -0.483234 -1.48698 0.000779627 -0.0305751 -0.108454
3.732 0.00685932 -0.488627 -1.49294 0.000460951 0.00525884 -0.0141047
3.743 -0.0018417 -0.485148 -1.48459 0.00314212 0.0100115 0.0482843
3.754 0.00509029 -0.48824 -1.49495 0.00249031 0.0121468 0.0519275
3.765 -0.00292166 -0.486841 -1.4932 -0.00269663 0.00762012 0.00698757
3.776 0.000452892 -0.486921 -1.49584 -0.00606075 -0.0133835 -0.0712141
3.787 -0.00511805 -0.48451 -1.48354 -0.0032419 -0.0702492 -0.201968
3.798 -0.00183558 -0.486451 -1.49417 0.00813663 -0.119306 -0.372291
3.809 0.00127097 -0.488429 -1.49569 -0.0020986 -0.187119 -0.579602
3.82 0.00138283 -0.483866 -1.49381 1.76959e-05 -0.268388 -0.837791
3.831 0.00143655 -0.494049 -1.49591 0.0113697 -0.3779 -1.12769
3.842 0.000641854 -0.483335 -1.49081 -0.00157808 -0.480156 -1.46902
3.853 0.0102775 -0.483406 -1.49143 -0.00311792 -0.594188 -1.83744
3.864 0.000631455 -0.486492 -1.48506 0.00460417 -0.726228 -2.25038
3.875 0.00387536 -0.484819 -1.49047 0.00108474 -0.877773 -2.69868
3.886 0.00175193 -0.484503 -1.50067 0.00300523 -1.02774 -3.16844
3.897 0.00412036 -0.483609 -1.49031 0.000408691 -1.19008 -3.66884
3.908 0.00213362 -0.487579 -1.4976 0.00840272 -1.36918 -4.20578
3.919 0.00204364 -0.488092 -1.49669 0.0129109 -1.54138 -4.75668
3.93 0.00418298 -0.47279 -1.50203 0.000716046 -1.72492 -5.33485
3.941 0.00221887 -0.488057 -1.48629 0.000518908 -1.92533 -5.92071
3.952 -0.00356656 -0.487066 -1.48878 -0.00242316 -2.13312 -6.54272
3.963 0.00986625 -0.492541 -1.49984 -0.00335343 -2.33559 -7.16373
3.974 -0.0034256 -0.481808 -1.4922 0.00274483 -2.54131 -7.79801
3.985 -0.0014943 -0.484903 -1.49238 -0.00158253 -2.74476 -8.44135
3.996 0.00547944 -0.48589 -1.48452 0.000394815 -2.9561 -9.1046
4.006 -0.00688706 -0.487881 -1.4909 -0.00388032 -3.14484 -9.67847
4.016 -0.00147246 -0.486515 -1.49714 0.00363071 -3.331 -10.2677
4.026 -0.00113997 -0.492453 -1.4808 -0.00115779 -3.52177 -10.8512
4.036 0.00341965 -0.487792 -1.49771 0.00044472 -3.71008 -11.4332
4.046 -0.0138806 -0.481689 -1.49426 0.0101099 -3.9027 -11.9953
4.056 0.00536491 -0.49314 -1.49142 -0.00127986 -4.07297 -12.5669
4.066 -0.00203371 -0.482991 -1.49161 -0.00215986 -4.25772 -13.1077
4.076 -0.00252615 -0.486788 -1.48945 0.00639968 -4.43077 -13.6412
4.086 0.00434827 -0.495553 -1.48927 -0.0083746 -4.60753 -14.1589
4.096 -0.00785713 -0.486982 -1.50292 0.00317493 -4.76453 -14.648
4.106 0.000215408 -0.48688 -1.48868 -0.00364348 -4.91981 -15.1322
4.116 -0.0029669 -0.492833 -1.49774 -0.00123094 -5.06672 -15.5827
4.126 -0.000232853 -0.490421 -1.50296 0.00176663 -5.19618 -16.004
4.136 -0.00620603 -0.489948 -1.49649 -0.011007 -5.32736 -16.4095
4.146 0.0018761 -0.482675 -1.49381 -0.000458568 -5.45061 -16.7782
4.156 -0.00407379 -0.488204 -1.49343 0.00812523 -5.56278 -17.1201
4.166 0.000745546 -0.486052 -1.49559 0.000194813 -5.66725 -17.4417
4.176 -0.000588872 -0.489461 -1.48447 -0.00475499 -5.75305 -17.7193
4.186 -0.00108976 -0.491322 -1.4963 0.00499395 -5.83909 -17.9664
4.196 -0.00775875 -0.482668 -1.50179 -0.00113242 -5.905 -18.1783
4.206 -0.0018474 -0.487192 -1.50192 -0.00277662 -5.96061 -18.3671
4.216 0.000952252 -0.490621 -1.499 -0.000943071 -6.01126 -18.4968
4.226 0.0057094 -0.485437 -1.49721 0.000996009 -6.04222 -18.6079
4.236 -0.000720655 -0.482855 -1.49823 0.00240392 -6.07324 -18.687
4.246 0.00347891 -0.493227 -1.49368 -0.000564692 -6.07443 -18.7134
4.256 0.00841668 -0.482817 -1.49956 0.00278515 -6.07186 -18.7083
4.266 -0.00400012 -0.480884 -1.49487 -0.00653717 -6.06214 -18.6704
4.276 -0.00330105 -0.487315 -1.50203 0.00917561 -6.04324 -18.5904
4.286 -0.00191967 -0.484658 -1.502 0.00189772 -5.99835 -18.4807
4.296 -0.00394392 -0.479771 -1.49168 -0.00074375 -5.95799 -18.3337
4.306 0.00212104 -0.488015 -1.49248 -0.00395133 -5.8866 -18.1507
4.316 0.00729454 -0.48813 -1.4909 -0.00824969 -5.82184 -17.9202
4.326 -0.00201182 -0.48551 -1.49476 0.00417403 -5.73801 -17.6621
4.336 1.89245e-05 -0.487238 -1.49038 -0.00432125 -5.65118 -17.3738
4.346 0.00362718 -0.491726 -1.49759 0.00145121 -5.53565 -17.0656
4.356 0.000915199 -0.486449 -1.49274 -0.00218784 -5.43381 -16.7006
4.366 0.00420962 -0.485772 -1.49262 0.00793356 -5.30472 -16.3338
4.376 0.00403799 -0.487187 -1.48917 -0.00442661 -5.17931 -15.9274
4.386 -0.00166369 -0.490245 -1.50473 -0.00334317 -5.02992 -15.4919
4.396 0.00866455 -0.479496 -1.49865 -0.00597632 -4.89105 -15.0388
4.406 -0.0104441 -0.479443 -1.49439 -0.00118095 -4.74133 -14.5506
4.416 0.00686349 -0.488173 -1.49006 -0.000566971 -4.55874 -14.0555
4.426 -0.000615007 -0.484091 -1.49833 0.00563102 -4.39694 -13.5407
4.436 -0.00339764 -0.482485 -1.48604 -0.00971805 -4.21634 -13.0065
4.446 0.0132843 -0.496446 -1.48581 -0.00207547 -4.0464 -12.459
4.456 0.000758672 -0.485394 -1.49378 -0.00790826 -3.86088 -11.8856
4.466 -0.00262964 -0.480222 -1.48259 -0.00789854 -3.67928 -11.3227
4.476 -0.000100391 -0.487335 -1.50207 -0.00212991 -3.4917 -10.7457
4.486 -0.00665734 -0.48988 -1.50249 0.00455412 -3.29268 -10.1515
4.496 0.000629863 -0.48335 -1.48679 -0.00520913 -3.11444 -9.56492
4.506 0.00171863 -0.489821 -1.48665 0.00256582 -2.91183 -8.97407
4.516 -0.00383916 -0.490924 -1.497 0.00688628 -2.72478 -8.38774
4.526 -0.0057509 -0.489134 -1.50202 0.00121563 -2.52848 -7.80138
4.536 0.000392493 -0.48792 -1.49498 -0.00117278 -2.34742 -7.22656
4.546 -0.00207107 -0.486448 -1.49785 -0.0016269 -2.16228 -6.65175
4.556 0.00585478 -0.487327 -1.4987 -0.00563383 -1.98055 -6.08988
4.566 -0.00531445 -0.479204 -1.49975 0.00423501 -1.81613 -5.54675
4.576 -0.000877621 -0.491365 -1.49748 -0.00370103 -1.63901 -5.01967
4.586 -0.00476679 -0.488259 -1.49373 0.00183501 -1.45552 -4.50334
4.596 -0.00989059 -0.490412 -1.49434 0.00129418 -1.30281 -4.00314
4.606 0.00438677 -0.482844 -1.49265 -0.00258695 -1.14194 -3.53283
4.616 -0.00584854 -0.48765 -1.49569 -0.00335347 -1.00662 -3.07927
4.626 0.00799927 -0.487321 -1.49088 0.00969933 -0.867964 -2.64995
4.636 0.00133252 -0.485121 -1.49596 0.00637911 -0.727937 -2.24802
4.646 0.0104615 -0.490084 -1.48943 0.00516169 -0.610409 -1.88226
4.656 0.00347803 -0.485591 -1.485 -0.00367787 -0.49383 -1.53653
4.666 -0.000451397 -0.49263 -1.48458 -0.00534244 -0.390368 -1.22476
4.676 -0.00752576 -0.490343 -1.4953 0.00280234 -0.310437 -0.94402
4.686 0.00629175 -0.481373 -1.49766 0.000194048 -0.236569 -0.692081
4.696 -0.00208942 -0.485815 -1.49579 0.00506506 -0.142066 -0.478352
4.706 0.00202497 -0.486783 -1.48581 -0.00238541 -0.0923549 -0.302897
4.716 -0.00227769 -0.484451 -1.48564 -0.00222385 -0.0562203 -0.154549
4.726 0.00065578 -0.486257 -1.49464 -0.000329587 -0.0167882 -0.0446076
4.736 0.0033927 -0.489699 -1.50002 -0.00431206 0.0156533 0.0262227
4.746 -0.000747119 -0.485047 -1.49377 0.00654835 0.0166563 0.0392209
4.756 -0.00693588 -0.480548 -1.49055 -0.0116866 0.017639 0.0491862
4.766 0.00122574 -0.482334 -1.48973 0.00371756 -0.0033943 0.0102376
4.776 -0.0003814 -0.485892 -1.5025 -0.0037384 -0.0298665 -0.0709349
4.786 -0.00173222 -0.479623 -1.49267 -0.00656706 -0.054451 -0.182517
4.796 -0.00109226 -0.482048 -1.49295 -0.00113386 -0.11014 -0.33423
4.806 0.000732858 -0.503878 -1.49358 -0.00224536 -0.164032 -0.513461
4.816 0.001317 -0.484927 -1.50027 0.00438349 -0.243933 -0.734252
4.826 0.00270199 -0.480008 -1.50147 0.0050733 -0.321552 -0.995626
4.836 -0.0109624 -0.484614 -1.49756 -0.00564458 -0.412533 -1.28483
4.846 0.0021053 -0.48193 -1.49948 0.000272387 -0.522345 -1.59769
4.856 -0.0114907 -0.488134 -1.50757 0.00124424 -0.638223 -1.95553
4.866 0.0014041 -0.488229 -1.49168 -0.00761847 -0.757734 -2.32792
4.876 0.00359236 -0.483115 -1.49211 -9.92142e-05 -0.882368 -2.74254
4.886 0.000850294 -0.48003 -1.49868 0.00154972 -1.02268 -3.16164
4.896 0.000371353 -0.488263 -1.49452 0.002216 -1.18115 -3.62406
4.906 0.00629438 -0.490727 -1.49508 -0.00345063 -1.33134 -4.10218
4.916 0.000269461 -0.484086 -1.49634 0.00252583 -1.49822 -4.59398
4.926 -0.00676408 -0.482593 -1.50339 0.0107306 -1.66591 -5.12076
4.936 0.00151672 -0.48402 -1.48936 0.00144724 -1.83784 -5.6565
4.946 0.00310574 -0.482947 -1.49274 0.00281398 -2.01236 -6.19951
4.956 0.00507057 -0.477148 -1.49907 0.000542714 -2.19554 -6.76197
4.966 0.00308901 -0.484401 -1.4925 0.00477966 -2.38254 -7.33758
4.976 0.00110002 -0.483503 -1.50315 -0.00433818 -2.57395 -7.92045
4.986 0.00421129 -0.485394 -1.50338 -0.00385256 -2.75806 -8.51389
4.996 -1.51491e-05 -0.485241 -1.49292 -0.00647766 -2.95565 -9.09398
5.006 0.00413027 -0.490596 -1.49514 -0.00542048 -3.14917 -9.6864
5.016 0.00336993 -0.489153 -1.48885 0.00851346 -3.34147 -10.2771
5.026 -0.00440478 -0.479908 -1.48622 0.00361996 -3.53375 -10.8551
5.036 0.0100055 -0.485685 -1.48767 0.0097468 -3.71104 -11.4467
5.046 0.00356288 -0.479537 -1.48739 -0.00195222 -3.89814 -12.0144
5.056 0.00122726 -0.482253 -1.49388 0.00733816 -4.07786 -12.5749
5.066 -0.00580132 -0.489253 -1.49505 -0.00452489 -4.26558 -13.1159
5.076 0.022201 -0.489096 -1.49486 -0.00774991 -4.42257 -13.6429
5.086 0.00281806 -0.485661 -1.49317 0.00605913 -4.59989 -14.1552
5.096 0.007467 -0.484274 -1.49499 -0.004203 -4.76079 -14.6569
5.106 -0.00489392 -0.490424 -1.49026 -0.00722654 -4.91271 -15.1231
5.116 0.00266364 -0.480824 -1.4904 0.00707569 -5.05652 -15.5915
5.126 -0.00386067 -0.481119 -1.4938 0.00324256 -5.19926 -16.0045
5.136 -0.00607495 -0.482934 -1.49448 -0.00505007 -5.33703 -16.4141
5.146 -0.00515683 -0.480524 -1.50017 0.000183321 -5.4462 -16.7823
5.156 0.00310868 -0.487918 -1.49077 -0.00467588 -5.56501 -17.1193
5.166 -0.00416302 -0.488279 -1.49034 0.00235382 -5.66548 -17.4462
5.176 -0.00778879 -0.486103 -1.49063 0.00182981 -5.74612 -17.721
5.186 -0.00363314 -0.484789 -1.49377 -0.00350991 -5.83397 -17.9613
5.196 0.00127892 -0.47683 -1.49271 0.00578705 -5.9042 -18.1888
5.206 0.00885013 -0.481399 -1.48745 0.00237002 -5.96501 -18.3527
5.216 0.00325599 -0.475418 -1.49109 0.00101056 -6.00826 -18.5
5.226 0.00259683 -0.484457 -1.49811 -0.000755791 -6.04592 -18.6102
5.236 -0.00494122 -0.478452 -1.48785 0.00871697 -6.07014 -18.6784
5.246 -0.00765879 -0.486148 -1.48396 -0.0109281 -6.07764 -18.717
5.256 -0.00224596 -0.480115 -1.48802 -0.00515386 -6.0832 -18.7024
5.266 0.00148694 -0.479172 -1.50126 -0.000755586 -6.07333 -18.6742
5.276 0.00354675 -0.486407 -1.49063 0.000439618 -6.03787 -18.5981
5.286 0.00456381 -0.497033 -1.49527 0.00403764 -6.00802 -18.4747
5.296 -0.000960996 -0.479632 -1.50295 -0.000856997 -5.95452 -18.3294
5.306 0.00565237 -0.492607 -1.48761 -0.0054979 -5.89756 -18.1475
5.316 -0.00580994 -0.483627 -1.49101 0.00200562 -5.81975 -17.9234
5.326 0.00201599 -0.485867 -1.49711 -0.00538881 -5.7372 -17.6654
5.336 -0.00752328 -0.484625 -1.49859 0.00703125 -5.6516 -17.3845
5.346 -0.000778508 -0.478594 -1.49673 -0.00235696 -5.54074 -17.0624
5.356 0.00351572 -0.487487 -1.50028 -0.00400933 -5.42786 -16.7166
5.366 -0.00418429 -0.479394 -1.49175 0.00186135 -5.30586 -16.33
5.376 -0.00216239 -0.479 -1.48267 -0.00144063 -5.17946 -15.9253
5.386 0.00844736 -0.48802 -1.49686 0.00196373 -5.0411 -15.4909
5.396 -0.00440501 -0.482264 -1.49769 0.00158173 -4.88213 -15.037
5.406 0.00695967 -0.482587 -1.49704 -0.003898 -4.72537 -14.5656
5.416 0.000934493 -0.487696 -1.49443 -0.00736064 -4.57183 -14.0478
5.426 -0.00526002 -0.485729 -1.49976 0.00274819 -4.40045 -13.539
5.436 0.000207397 -0.485147 -1.49657 -0.00173436 -4.22118 -13.0031
5.446 -0.00495144 -0.491564 -1.49989 -0.00178782 -4.04861 -12.4519
5.456 0.00240645 -0.484108 -1.49535 0.00142651 -3.86056 -11.8839
5.466 -0.000747929 -0.483681 -1.49729 -0.00624032 -3.67402 -11.3184
5.476 -0.00739345 -0.480752 -1.49259 -0.00609726 -3.47918 -10.7318
5.486 -0.00845861 -0.487316 -1.48566 -0.00929604 -3.30073 -10.1541
5.496 -0.00658069 -0.482391 -1.49569 0.00368137 -3.11471 -9.57073
5.506 0.000109104 -0.484639 -1.49056 -0.00604489 -2.91329 -8.97194
5.516 -0.00188296 -0.481847 -1.50207 -0.00241604 -2.72096 -8.39183
5.526 -0.00114589 -0.484128 -1.49081 -0.00312822 -2.53366 -7.80381
5.536 -0.00335369 -0.482887 -1.48968 -0.00934232 -2.34493 -7.22377
5.546 0.0114495 -0.493608 -1.48771 -0.00564795 -2.16566 -6.66001
5.556 0.000172195 -0.489768 -1.49581 0.000653613 -1.98505 -6.10156
5.566 0.000461821 -0.481594 -1.48743 0.00719208 -1.80234 -5.54204
5.576 0.000175659 -0.485508 -1.49325 0.00394649 -1.63219 -5.01953
5.586 0.00886664 -0.473157 -1.49993 0.00445683 -1.45254 -4.49938
5.596 0.00485117 -0.489257 -1.49533 -0.000126632 -1.30612 -4.00664
5.606 0.000963675 -0.485273 -1.49419 0.00177518 -1.14217 -3.53807
5.616 -0.00348873 -0.478123 -1.49325 0.000577767 -0.999542 -3.07504
5.626 0.000535107 -0.488886 -1.4963 -0.0025904 -0.862359 -2.64654
5.636 -0.00773256 -0.486727 -1.49171 -0.00158899 -0.73166 -2.24649
5.646 0.0090061 -0.494199 -1.49215 -0.00473756 -0.608026 -1.87414
5.656 0.00670098 -0.48462 -1.49314 -0.00334189 -0.497754 -1.52842
5.666 0.00448761 -0.488242 -1.48834 0.000652335 -0.39457 -1.22687
5.676 -0.00344393 -0.482686 -1.49996 -0.00474172 -0.30082 -0.938086
5.686 -0.00209668 -0.4805 -1.49229 -0.0035276 -0.228829 -0.692191
5.696 0.00121996 -0.486991 -1.48789 -0.000916671 -0.159342 -0.479015
5.706 -0.000645097 -0.494876 -1.49243 0.00388448 -0.0974104 -0.299207
5.716 0.00496777 -0.484014 -1.50185 -0.00157489 -0.0560819 -0.154699
5.726 0.0054198 -0.4833 -1.49289 -0.00264292 -0.0152908 -0.0525315
5.736 -0.000128779 -0.487802 -1.48923 0.00902963 -0.00206039 0.0208679
5.746 0.000428915 -0.483299 -1.49304 -0.000946849 0.0194156 0.0547115
5.756 0.00259642 -0.486928 -1.49688 0.00267046 0.0184221 0.0549549
5.766 0.00534907 -0.486236 -1.49812 0.000261249 -0.00342601 -0.0055176
5.776 0.00147112 -0.48778 -1.49367 0.00019023 -0.0217391 -0.0732266
5.786 -0.00307931 -0.482755 -1.49966 0.0105764 -0.0538018 -0.18778
5.796 -0.00303791 -0.480403 -1.4868 -0.0054642 -0.110433 -0.328394
5.806 0.000473575 -0.485317 -1.49495 0.00465917 -0.163651 -0.513249
5.816 0.00390651 -0.483724 -1.50492 -0.00892939 -0.24301 -0.743453
5.826 -0.0020035 -0.485157 -1.49936 0.000447075 -0.319395 -0.996139
5.836 0.00184986 -0.490782 -1.48911 0.00678241 -0.411472 -1.27275
5.846 0.00693586 -0.482965 -1.49549 -0.000623138 -0.522881 -1.60714
5.856 -4.87266e-05 -0.482738 -1.50207 0.00114891 -0.632107 -1.95135
5.866 -0.00191592 -0.483225 -1.48982 0.000973872 -0.75993 -2.32587
5.876 0.00175772 -0.486499 -1.49181 -0.00700776 -0.880498 -2.73537
5.886 0.00532581 -0.483906 -1.4935 0.00188801 -1.03298 -3.16493
5.896 1.65222e-05 -0.490299 -1.50128 0.017062 -1.17758 -3.61585
5.906 0.00575511 -0.482868 -1.50096 -0.00177016 -1.34276 -4.09792
5.916 -0.000104326 -0.487041 -1.49339 -0.00170075 -1.49717 -4.60459
5.926 -0.00125249 -0.490871 -1.49018 0.00711454 -1.65937 -5.12152
5.936 -0.00468808 -0.481231 -1.49689 0.00746509 -1.83924 -5.64877
5.946 -0.000772177 -0.485782 -1.49662 -0.000456336 -2.01266 -6.20703
5.956 -0.000734056 -0.483019 -1.49403 0.00136594 -2.20212 -6.76672
5.966 0.0021838 -0.484215 -1.49668 -0.0104966 -2.38132 -7.33889
5.976 -0.00165095 -0.487534 -1.48505 0.00243753 -2.57384 -7.9189
5.986 0.00439491 -0.48849 -1.48749 -0.00821775 -2.76017 -8.51223
5.996 -0.00335006 -0.485419 -1.49151 -0.0140393 -2.96323 -9.09945
6.006 -0.00442083 -0.478449 -1.49074 -0.0095342 -3.14308 -9.68001
6.016 -0.00124704 -0.479881 -1.48765 0.00454858 -3.33264 -10.2785
6.026 0.0003166 -0.486636 -1.4947 -0.000616519 -3.52651 -10.8567
6.036 0.00162139 -0.490373 -1.49388 -0.00134925 -3.72047 -11.4228
6.046 -0.000599299 -0.479379 -1.49368 -0.00838273 -3.89068 -11.9945
6.056 -0.00570584 -0.48333 -1.50303 0.00206882 -4.08048 -12.5741
6.066 -0.00102405 -0.468986 -1.49387 0.00549885 -4.26274 -13.1139
6.076 0.00250293 -0.484167 -1.49918 0.00163325 -4.42964 -13.6367
6.086 -0.00852025 -0.484004 -1.48803 0.0092671 -4.59931 -14.1648
6.096 -0.00279155 -0.479409 -1.50221 -0.00609589 -4.7681 -14.6504
6.106 0.00417104 -0.481621 -1.49161 0.00301285 -4.91921 -15.126
6.116 -0.00627293 -0.482668 -1.48955 0.00168391 -5.05938 -15.5892
6.126 0.00771091 -0.485659 -1.48752 -0.0026872 -5.20053 -16.0102
6.136 0.000992531 -0.484427 -1.49363 -0.00381034 -5.33815 -16.404
6.146 0.0100859 -0.486115 -1.49914 -0.00877292 -5.44456 -16.7821
6.156 -0.00604508 -0.481552 -1.48528 0.00150856 -5.57404 -17.1311
6.166 0.00100621 -0.483443 -1.49194 -0.00123418 -5.66594 -17.4342
6.176 0.0046141 -0.491404 -1.49925 -0.000887391 -5.76046 -17.7296
6.186 -0.00653758 -0.492229 -1.48686 -0.00183592 -5.83632 -17.9698
6.196 0.00449111 -0.486173 -1.48884 0.00451696 -5.90307 -18.1794
6.206 -0.000210965 -0.479085 -1.4917 0.00203816 -5.97518 -18.3524
6.216 -0.00652437 -0.479573 -1.49478 -1.80142e-05 -6.01295 -18.5089
6.226 0.0114774 -0.49073 -1.49256 -0.0013734 -6.04909 -18.6093
6.236 0.00312337 -0.497703 -1.49021 -0.00345036 -6.07528 -18.6769
6.246 -0.00288644 -0.492841 -1.49669 -0.00468134 -6.07997 -18.7119
6.256 0.00788506 -0.483832 -1.49077 0.00135024 -6.07584 -18.7052
6.266 -0.00205725 -0.489489 -1.49978 -0.00832832 -6.0642 -18.6643
6.276 0.00362106 -0.488157 -1.49529 0.00785572 -6.03653 -18.5914
6.286 -0.00736711 -0.484813 -1.49937 0.0034273 -6.00216 -18.4827
6.296 0.00278715 -0.493765 -1.49435 -0.00110504 -5.95551 -18.3208
6.306 -0.00387872 -0.485698 -1.48781 -0.00748095 -5.89667 -18.1452
6.316 -8.16332e-05 -0.477073 -1.48895 -0.000925516 -5.81397 -17.9188
6.326 0.00752083 -0.486002 -1.50428 -0.00031534 -5.75079 -17.6749
6.336 -0.00340943 -0.495019 -1.4967 0.00115561 -5.64317 -17.3765
6.346 0.00333832 -0.486862 -1.49927 0.00234786 -5.53883 -17.0637
6.356 -0.00502893 -0.493843 -1.49947 -0.000986366 -5.43429 -16.7101
6.366 0.00153431 -0.491069 -1.49779 0.00253083 -5.30783 -16.3367
6.376 -0.00684231 -0.484463 -1.4879 -0.00939512 -5.17948 -15.916
6.386 0.00194224 -0.490995 -1.49144 0.0100105 -5.03292 -15.4832
6.396 0.00398339 -0.48378 -1.49023 -0.00347533 -4.88905 -15.0306
6.406 0.00618849 -0.478306 -1.49369 0.00162745 -4.72538 -14.5606
6.416 0.00402771 -0.486366 -1.49489 0.00711809 -4.56253 -14.0585
6.426 0.00385631 -0.485576 -1.49305 0.00584239 -4.39598 -13.5409
6.436 0.0043388 -0.500946 -1.48725 0.0123051 -4.22144 -12.9923
6.446 0.00100458 -0.485554 -1.49522 0.00755034 -4.04443 -12.4589
6.456 0.0056704 -0.493816 -1.50139 0.00156495 -3.86061 -11.8856
6.466 -0.00205108 -0.486816 -1.49724 -0.00479362 -3.67612 -11.324
6.476 -0.000347753 -0.485975 -1.49309 -0.00911761 -3.48797 -10.7451
6.486 -0.00260897 -0.477391 -1.48436 0.00468961 -3.30546 -10.1555
6.496 0.000189388 -0.476742 -1.49682 0.000840444 -3.114 -9.56581
6.506 0.00109308 -0.498281 -1.48896 0.0027625 -2.91183 -8.96988
6.516 0.00371555 -0.489832 -1.48601 -0.0104343 -2.73494 -8.38728
6.526 -0.000612199 -0.48708 -1.495 0.00168332 -2.54124 -7.80899
6.536 -0.00255165 -0.492701 -1.49347 0.00163095 -2.35736 -7.22074
6.546 -0.00278521 -0.487835 -1.49622 -0.00690488 -2.15854 -6.65171
6.556 -0.0103825 -0.479898 -1.48512 0.00132007 -1.97444 -6.10205
6.566 0.00334883 -0.493915 -1.49673 -0.00395975 -1.80617 -5.54205
6.576 0.000965429 -0.481158 -1.50337 0.0083203 -1.63333 -5.01545
6.586 -0.00306627 -0.490292 -1.49304 0.00450452 -1.46631 -4.49765
6.596 -0.006595 -0.493779 -1.49635 -0.00399639 -1.30351 -4.01365
6.606 0.000107704 -0.489134 -1.5066 0.00584315 -1.14241 -3.53521
6.616 0.00109879 -0.483376 -1.4845 -0.00404239 -1.00479 -3.0757
6.626 0.00338302 -0.482791 -1.49904 0.0103632 -0.869168 -2.65897
6.636 0.00546167 -0.483328 -1.48604 0.00270231 -0.733125 -2.25749
6.646 -0.000798016 -0.488544 -1.49707 0.000390305 -0.600105 -1.87686
6.656 0.00427037 -0.483194 -1.49256 -0.00568026 -0.498107 -1.5279
6.666 -0.00450106 -0.485104 -1.50137 0.000118527 -0.40035 -1.22481
6.676 0.00229487 -0.491163 -1.49512 -0.00211143 -0.314691 -0.940051
6.686 -0.00275097 -0.482723 -1.50395 -0.00166656 -0.216721 -0.701995
6.696 -0.00425449 -0.496631 -1.49784 0.000141232 -0.157479 -0.485549
6.706 -0.00105728 -0.486552 -1.48783 0.000531887 -0.0917518 -0.296444
6.716 -0.00111254 -0.484438 -1.5009 0.00166296 -0.047428 -0.157954
6.726 0.000291422 -0.487111 -1.49349 0.00616904 -0.0182314 -0.063894
6.736 -0.00576449 -0.485643 -1.49589 -0.00133858 0.00745748 0.0268326
6.746 0.0044253 -0.489304 -1.49683 -0.000105241 0.0213323 0.0461733
6.756 0.00433164 -0.48555 -1.48673 -0.00746341 0.0241452 0.0497709
6.766 -0.00219128 -0.486203 -1.50234 0.000514608 0.00780589 0.00454142
6.776 0.00388959 -0.484265 -1.49411 -0.00147593 -0.028579 -0.0780077
6.786 -0.0141171 -0.488445 -1.4849 -0.00590394 -0.0616778 -0.178566
6.796 -0.0051071 -0.482625 -1.48672 0.00494812 -0.111443 -0.325007
6.806 0.00110128 -0.489797 -1.49406 0.000477349 -0.171191 -0.510499
6.816 -0.00154004 -0.487232 -1.49513 -0.00838107 -0.24594 -0.73635
6.826 0.00337155 -0.487005 -1.49201 0.00088969 -0.31254 -0.995255
6.836 -0.0035128 -0.480778 -1.49324 -0.0109617 -0.416613 -1.28061
6.846 0.000206433 -0.487286 -1.494 0.00848054 -0.522167 -1.59951
6.856 0.00112487 -0.472681 -1.4998 0.00073785 -0.638637 -1.94844
6.866 -0.00156114 -0.487721 -1.49405 0.00135911 -0.754552 -2.32816
6.876 -0.00368481 -0.482538 -1.49511 0.00965794 -0.887268 -2.72917
6.886 -0.00499481 -0.490103 -1.49187 -0.00437736 -1.03214 -3.16654
6.896 -0.00579984 -0.481028 -1.49157 0.00133047 -1.18132 -3.63252
6.906 6.08925e-05 -0.489436 -1.48462 -0.0011429 -1.33583 -4.10817
6.916 0.00346396 -0.487723 -1.4884 -0.00177315 -1.50356 -4.59579
6.926 -0.00268725 -0.488732 -1.49483 -0.000704413 -1.66424 -5.13098
6.936 0.00636339 -0.485339 -1.48813 0.00774629 -1.83292 -5.65094
6.946 -0.00876582 -0.48865 -1.50031 0.00418704 -2.0095 -6.20612
6.956 -0.00106728 -0.488338 -1.49865 -0.00033919 -2.19648 -6.76647
6.966 0.00316511 -0.475459 -1.48466 0.00525372 -2.39384 -7.34263
6.976 -0.00108322 -0.493408 -1.49196 -0.00578611 -2.57261 -7.91017
6.986 -0.00822219 -0.48384 -1.48469 -0.00110536 -2.76978 -8.49743
6.996 -0.00011727 -0.483757 -1.49468 -0.00692064 -2.95953 -9.08407
7.006 0.00320068 -0.481348 -1.4975 -0.00876214 -3.15305 -9.68803
7.016 -0.00402693 -0.486163 -1.49417 0.00235755 -3.33127 -10.2672
7.026 0.0111419 -0.484596 -1.49226 -0.00531617 -3.52714 -10.861
7.036 -0.000602289 -0.491391 -1.49719 -0.000598532 -3.72026 -11.4377
7.046 -0.00574805 -0.488898 -1.49135 0.000722506 -3.89292 -12.0074
7.056 -0.00688817 -0.486346 -1.49963 0.00781931 -4.07173 -12.5664
7.066 0.00342946 -0.488502 -1.50172 0.00215458 -4.25164 -13.105
7.076 0.00444114 -0.495 -1.49334 -0.00117451 -4.42333 -13.6349
7.086 0.000848626 -0.481433 -1.49049 0.00530333 -4.59978 -14.1605
7.096 0.000317405 -0.475553 -1.48818 -0.00267756 -4.76773 -14.657
7.106 0.00190992 -0.473971 -1.49044 0.000189115 -4.91604 -15.13
7.116 0.00165829 -0.488031 -1.48433 -0.00414425 -5.06593 -15.5822
7.126 0.00811546 -0.483204 -1.48842 0.00359453 -5.20138 -16.0074
7.136 -0.00158937 -0.480838 -1.49117 0.00321566 -5.33484 -16.4008
7.146 -0.000629401 -0.488531 -1.49079 -0.00219074 -5.44567 -16.7768
7.156 1.97537e-05 -0.481188 -1.49486 0.00311535 -5.56033 -17.1252
7.166 -0.00996538 -0.489863 -1.49343 0.00568164 -5.66323 -17.441
7.176 0.00586421 -0.496817 -1.48864 -0.0065041 -5.76509 -17.7195
7.186 0.00204496 -0.487476 -1.48594 0.00775757 -5.83622 -17.9767
7.196 0.00325041 -0.490555 -1.49496 -0.00171744 -5.90446 -18.1997
7.206 0.00356938 -0.488645 -1.50299 0.00564687 -5.95911 -18.3554
7.216 -0.000139148 -0.482856 -1.49158 -0.00400186 -6.01785 -18.5037
7.226 0.00417462 -0.492388 -1.4898 -0.00204289 -6.04583 -18.6134
7.236 -0.00549659 -0.486134 -1.4939 0.000628997 -6.06936 -18.6765
7.246 -0.00361104 -0.492588 -1.49793 0.00106174 -6.07728 -18.7083
7.256 -0.0115102 -0.486388 -1.49727 -0.00101988 -6.07946 -18.7057
7.266 -0.000426941 -0.487394 -1.49784 -0.00388049 -6.07266 -18.6682
7.276 -0.00433249 -0.475125 -1.49392 0.00238558 -6.04202 -18.5998
7.286 0.000935957 -0.488111 -1.48841 -0.00557085 -6.00633 -18.479
7.296 -0.00557388 -0.485135 -1.49666 0.00357282 -5.95292 -18.3278
7.306 -0.00331737 -0.487261 -1.49003 -0.00528323 -5.89513 -18.141
7.316 0.00516341 -0.484405 -1.49379 -3.22479e-05 -5.82634 -17.9228
7.326 0.000607881 -0.486959 -1.49867 0.000894773 -5.72778 -17.6636
7.336 -0.000618431 -0.47687 -1.49725 -0.00135209 -5.64355 -17.3808
7.346 3.46046e-05 -0.479286 -1.50016 0.00451775 -5.5429 -17.0573
7.356 -0.000816183 -0.485801 -1.49615 -0.000570184 -5.43242 -16.7084
7.366 -0.0067865 -0.483834 -1.4882 -0.00285811 -5.3082 -16.3299
7.376 -0.00470114 -0.484928 -1.49433 0.00134343 -5.17643 -15.9076
7.386 -0.00532145 -0.489137 -1.48867 -0.00750296 -5.03243 -15.4956
7.396 0.000939673 -0.48974 -1.48841 -0.0010484 -4.88613 -15.0361
7.406 -0.00225378 -0.484702 -1.50087 0.00661518 -4.72713 -14.5639
7.416 -0.00193371 -0.482818 -1.49509 -0.00217194 -4.57165 -14.0575
7.426 -0.00372007 -0.494863 -1.50599 0.00398934 -4.39848 -13.5438
7.436 -0.0060802 -0.482495 -1.49104 -0.00266241 -4.22335 -13.0061
7.446 -0.0010562 -0.488192 -1.49506 -0.00598061 -4.04526 -12.4541
7.456 -0.00030806 -0.484891 -1.49499 0.00090236 -3.87051 -11.8953
7.466 -0.0018659 -0.477568 -1.49126 -0.0019621 -3.67561 -11.324
7.476 0.00225797 -0.493941 -1.48172 -0.00521402 -3.48951 -10.7391
7.486 0.00374866 -0.480637 -1.49594 -0.00527435 -3.30208 -10.1574
7.496 0.00253258 -0.484121 -1.49473 -0.00198291 -3.1099 -9.56073
7.506 -0.00455988 -0.481728 -1.49063 0.0078261 -2.92212 -8.973
7.516 0.00233647 -0.485613 -1.49473 0.00453516 -2.72252 -8.3824
7.526 0.00510067 -0.485275 -1.49695 0.00516796 -2.52839 -7.80405
7.536 -0.00232192 -0.496388 -1.49775 0.00176313 -2.34883 -7.21764
7.546 0.0033296 -0.4957 -1.49112 0.00881311 -2.16621 -6.66454
7.556 0.00269341 -0.483719 -1.49152 0.000255173 -1.98651 -6.08742
7.566 -0.00614416 -0.479445 -1.49212 0.00747808 -1.80755 -5.55006
7.576 0.00176169 -0.480246 -1.49858 0.00628015 -1.63183 -5.0101
7.586 -0.00336898 -0.490152 -1.50183 0.00352264 -1.47074 -4.49098
7.596 0.00151681 -0.484008 -1.48667 -0.005865 -1.30083 -3.99809
7.606 0.00417425 -0.491261 -1.49213 0.00285746 -1.15302 -3.5345
7.616 0.00291958 -0.491772 -1.48454 -0.00759355 -1.00654 -3.07254
7.626 0.000659534 -0.488659 -1.49863 0.00357725 -0.860829 -2.64739
7.636 0.0119594 -0.484629 -1.49665 -0.00145591 -0.734865 -2.24026
7.646 -0.0161459 -0.479369 -1.4952 0.00845127 -0.609892 -1.87366
7.656 -0.00953049 -0.492802 -1.49493 -0.00587887 -0.493938 -1.52682
7.666 -0.0038497 -0.495734 -1.4865 -0.00281652 -0.402167 -1.2227
7.676 -0.00675005 -0.479136 -1.48645 0.00473482 -0.306563 -0.940241
7.686 0.00296662 -0.478355 -1.48236 0.00534831 -0.212096 -0.699104
7.696 0.0085303 -0.478745 -1.49319 -0.00768928 -0.152767 -0.47036
7.706 0.00531207 -0.49114 -1.48887 0.0059103 -0.101851 -0.30626
7.716 -0.00864638 -0.479722 -1.49754 -0.00896655 -0.0573915 -0.153656
7.726 0.00553061 -0.493549 -1.49633 0.0153485 -0.0139945 -0.0458078
7.736 -0.00351428 -0.485457 -1.49264 0.011599 0.00511814 0.0139114
7.746 -0.000255904 -0.482105 -1.50581 0.00150585 0.0253951 0.0495994
7.756 0.0040126 -0.482756 -1.49672 0.00695983 0.0211036 0.0554726
7.766 -0.0106602 -0.487271 -1.49499 -0.00353139 0.00572783 0.0135347
7.776 0.00273459 -0.48457 -1.48775 -0.0134388 -0.0236929 -0.0649846
7.786 0.000760641 -0.486419 -1.48992 -0.00251233 -0.0497354 -0.183973
7.796 0.00252888 -0.475848 -1.49501 0.00130576 -0.123997 -0.325948
7.806 -0.000652545 -0.48924 -1.49254 0.000380531 -0.164731 -0.52991
7.816 -0.00358097 -0.482848 -1.49207 -0.00187818 -0.23999 -0.733121
7.826 0.003753 -0.482717 -1.48984 -0.000755216 -0.319827 -0.99662
7.836 0.000565525 -0.47912 -1.4932 0.000885199 -0.41543 -1.27251
7.846 -0.000469044 -0.481412 -1.49411 0.00898473 -0.519958 -1.59622
7.856 -0.000629853 -0.480342 -1.49011 -0.00926722 -0.638609 -1.94081
7.866 0.00595598 -0.485273 -1.49472 -0.00559276 -0.75652 -2.31879
7.876 0.00652849 -0.487655 -1.49229 -0.00658225 -0.889219 -2.73734
7.886 0.000387648 -0.492551 -1.49739 6.01088e-05 -1.02276 -3.1708
7.896 0.000934131 -0.488668 -1.49298 -0.00241251 -1.17787 -3.62556
7.906 0.0029156 -0.488745 -1.49333 0.00336435 -1.33501 -4.11492
7.916 0.000866279 -0.485802 -1.49128 0.0073327 -1.49719 -4.60215
7.926 -0.0036372 -0.479631 -1.49072 0.00553701 -1.66058 -5.12785
7.936 0.00156909 -0.490711 -1.50056 0.00175785 -1.83163 -5.65787
7.946 0.00444242 -0.481534 -1.50344 0.00517075 -2.0227 -6.19944
7.956 -0.00684631 -0.488831 -1.49963 0.00442084 -2.19141 -6.77349
7.966 0.00266219 -0.481298 -1.48617 0.000588631 -2.38914 -7.33695
7.976 0.000663281 -0.485764 -1.49232 0.00930918 -2.57298 -7.92413
7.986 -0.00428463 -0.490748 -1.48937 -0.0030492 -2.76718 -8.51049
7.996 -0.00601973 -0.477888 -1.50212 -0.00184195 -2.95466 -9.09547
8.007 0.00194543 -0.481471 -1.49225 0.0066956 -3.16348 -9.74452
8.018 0.00286947 -0.494647 -1.49541 0.00520432 -3.37904 -10.3847
8.029 -0.00183714 -0.484881 -1.48971 0.000623006 -3.58059 -11.0268
8.04 -0.00199156 -0.480152 -1.49965 -0.00279393 -3.80054 -11.6595
8.051 0.00646318 -0.490383 -1.49539 -0.00643879 -4.00014 -12.293
8.062 -0.000238952 -0.488701 -1.48714 -0.00278845 -4.19017 -12.8917
8.073 0.00960506 -0.483032 -1.49205 -0.00539326 -4.38307 -13.4858
8.084 -0.00453537 -0.481697 -1.48966 -0.00428418 -4.55959 -14.0676
8.095 0.00354477 -0.500246 -1.48501 0.0020585 -4.74688 -14.6097
8.106 0.0052517 -0.486794 -1.49248 0.00304215 -4.915 -15.1381
8.117 0.00750262 -0.48913 -1.48743 0.00197205 -5.06724 -15.6213
8.128 0.000118753 -0.480361 -1.4962 -0.00249555 -5.22747 -16.0963
8.139 -0.000482891 -0.482811 -1.49919 -0.0112717 -5.36162 -16.5299
8.15 0.00301137 -0.487113 -1.49197 -0.00146041 -5.49721 -16.9279
8.161 0.00394979 -0.482621 -1.49407 0.00231698 -5.60939 -17.2868
8.172 -0.00493409 -0.486673 -1.49316 -0.00121894 -5.72097 -17.616
8.183 0.00068177 -0.487616 -1.48865 -0.00165786 -5.81562 -17.889
8.194 0.00228336 -0.485583 -1.49627 -0.00802925 -5.89864 -18.1434
8.205 0.00229867 -0.492531 -1.5005 0.00409468 -5.95442 -18.3444
8.216 0.00419688 -0.495238 -1.49536 0.00545406 -6.01633 -18.5003
8.227 0.000134225 -0.490975 -1.49906 -0.000383354 -6.04977 -18.6137
8.238 -0.0013322 -0.483295 -1.49195 0.00157412 -6.06574 -18.6919
8.249 0.00094625 -0.491379 -1.49428 0.00503383 -6.08218 -18.715
8.26 -0.0041004 -0.485194 -1.49413 -0.0029159 -6.07378 -18.6969
8.271 -0.000491818 -0.488093 -1.49718 0.000672729 -6.05681 -18.6415
8.282 -0.00161948 -0.494288 -1.49455 -0.00349016 -6.01925 -18.5254
8.293 0.00776757 -0.484597 -1.4942 0.00236293 -5.96631 -18.3812
8.304 -0.00202304 -0.486041 -1.48589 0.00389783 -5.90194 -18.1816
8.315 0.0023907 -0.4794 -1.49087 0.00400227 -5.83483 -17.9525
8.326 -0.00150672 -0.483792 -1.49526 -9.9405e-05 -5.73398 -17.6769
8.337 0.00142924 -0.484813 -1.49046 -0.00451951 -5.63701 -17.3475
8.348 -0.00213468 -0.491424 -1.49619 0.00780153 -5.52273 -16.9964
8.359 -0.00191627 -0.494657 -1.4923 0.00679799 -5.39495 -16.605
8.37 0.00672568 -0.486681 -1.49374 -0.000935119 -5.25069 -16.1676
8.381 0.00492085 -0.485842 -1.49097 0.00301984 -5.10544 -15.7201
8.392 -0.00439125 -0.48871 -1.49243 -0.0019839 -4.94268 -15.2248
8.403 0.00349949 -0.484121 -1.49745 0.00307496 -4.78497 -14.7077
8.414 0.00517875 -0.48836 -1.49467 -0.00318309 -4.60323 -14.165
8.425 0.00501105 -0.481044 -1.49993 0.00162206 -4.41895 -13.581
8.436 0.00205078 -0.485983 -1.49975 0.00140734 -4.2208 -13.0041
8.447 -0.000919777 -0.484525 -1.49216 -0.00198542 -4.03527 -12.4029
8.458 0.00282497 -0.490404 -1.4879 0.00881995 -3.82874 -11.7731
8.469 0.00176132 -0.4955 -1.4941 0.00563071 -3.61356 -11.1427
8.48 -0.00246175 -0.477464 -1.49082 0.0059734 -3.40954 -10.5082
8.491 -0.00133171 -0.487759 -1.48326 0.00606003 -3.19804 -9.87102
8.502 -0.00250034 -0.493992 -1.49362 -0.0105474 -2.99255 -9.2081
8.513 -0.00287381 -0.482581 -1.49361 -0.00591808 -2.77298 -8.57555
8.524 -0.00625407 -0.489082 -1.49702 -0.00699315 -2.57981 -7.92543
8.535 0.000346347 -0.487735 -1.49204 0.00219131 -2.36075 -7.27986
8.546 0.00285155 -0.484465 -1.49901 -0.00758455 -2.16656 -6.66049
8.557 -0.00395809 -0.486936 -1.48997 0.00652067 -1.96997 -6.04231
8.568 0.0008679 -0.488811 -1.50157 -0.0109156 -1.76666 -5.44618
8.579 0.00113543 -0.489787 -1.49348 -0.00503826 -1.5754 -4.85566
8.59 -0.00148892 -0.491233 -1.49788 0.00484329 -1.39871 -4.30051
8.601 0.00889892 -0.478917 -1.49084 0.00393309 -1.22789 -3.76442
8.612 -0.00281905 -0.484172 -1.49519 0.00239779 -1.05787 -3.25972
8.623 0.00354446 -0.483388 -1.49577 0.00285591 -0.910844 -2.78538
8.634 -0.0017485 -0.477202 -1.49168 0.000583109 -0.759591 -2.327
8.645 -0.00508873 -0.490624 -1.49173 -0.00296864 -0.620474 -1.90964
8.656 -0.00762058 -0.487529 -1.4986 -0.000314951 -0.508208 -1.53334
8.667 0.00262489 -0.480628 -1.48962 -0.000842674 -0.390567 -1.18448
8.678 0.00381306 -0.487465 -1.48648 0.00147572 -0.286024 -0.885519
8.689 0.00195254 -0.487694 -1.49034 0.00212746 -0.21245 -0.630899
8.7 -0.00515062 -0.485764 -1.48718 0.00635524 -0.1297 -0.402399
8.711 0.0010108 -0.490706 -1.48909 0.00432359 -0.0687263 -0.220121
8.722 -0.000331717 -0.479877 -1.49614 0.00246969 -0.0258769 -0.078043
8.733 -0.00479694 -0.483497 -1.50125 0.00642414 0.00386308 0.000747429
8.744 -0.00376872 -0.491805 -1.48411 -0.00257401 0.012518 0.0487053
8.755 -0.00196633 -0.478784 -1.48697 -0.00182656 0.0184433 0.0540926
8.766 0.00233074 -0.487808 -1.49919 0.000392359 -0.000331631 0.00472551
8.777 0.00731792 -0.48092 -1.501 0.00395889 -0.031244 -0.0814439
8.788 -0.00508817 -0.481775 -1.49883 -0.00278991 -0.0641775 -0.213158
8.799 0.0161872 -0.488424 -1.4843 0.013184 -0.125273 -0.385376
8.81 -0.0113089 -0.484801 -1.4904 -0.00365207 -0.204629 -0.603547
8.821 -0.00864518 -0.485688 -1.4947 -0.00921295 -0.28316 -0.866903
8.832 0.00183619 -0.487049 -1.50325 0.00038724 -0.380033 -1.15174
8.843 -0.0024113 -0.492174 -1.49653 0.00882276 -0.485931 -1.49689
8.854 0.00162437 -0.480698 -1.49047 0.0091329 -0.609863 -1.87667
8.865 -0.000751614 -0.488771 -1.48525 0.00651806 -0.745896 -2.28956
8.876 -0.00387936 -0.489123 -1.49788 0.00935213 -0.888759 -2.73574
8.887 -0.00118052 -0.495271 -1.4846 -0.00672347 -1.04344 -3.21199
8.898 0.00185196 -0.487923 -1.48795 0.00755345 -1.21048 -3.70792
8.909 -0.00769693 -0.486826 -1.4977 0.0043083 -1.39079 -4.24667
8.92 6.05228e-05 -0.484093 -1.50048 -0.00419091 -1.56218 -4.80746
8.931 0.00258565 -0.481292 -1.48787 -0.00633047 -1.75582 -5.38836
8.942 7.09462e-05 -0.487732 -1.49864 0.0065015 -1.95421 -5.98989
8.953 0.00729398 -0.496267 -1.49237 0.000575907 -2.14673 -6.60305
8.964 0.0100444 -0.489081 -1.49227 -0.0137427 -2.34314 -7.2219
8.975 -0.00152006 -0.490662 -1.48648 0.00675707 -2.55503 -7.86774
8.986 0.00346467 -0.48858 -1.4984 -0.000688364 -2.76789 -8.51342
8.997 -0.00131565 -0.488476 -1.49051 -0.0058215 -2.96393 -9.15827
9.008 0.00685156 -0.485743 -1.49243 -0.00217817 -3.18905 -9.79756
9.019 -0.00839317 -0.493721 -1.4917 -0.00433524 -3.3942 -10.4536
9.03 0.000826645 -0.490298 -1.48953 0.0103352 -3.59636 -11.0947
9.041 0.00666413 -0.487656 -1.4922 -0.000765637 -3.80211 -11.7224
9.052 0.00265454 -0.481387 -1.48466 -0.0012419 -4.01117 -12.3487
9.063 0.000168649 -0.488184 -1.49379 -0.00116284 -4.20181 -12.9477
9.074 0.00438861 -0.485109 -1.49445 -0.00206174 -4.39635 -13.5415
9.085 -0.00123093 -0.492573 -1.49916 0.00519431 -4.58889 -14.1152
9.096 -0.00378885 -0.48448 -1.50002 -0.0156183 -4.75916 -14.6535
9.107 -0.000965032 -0.48563 -1.49237 -0.00125391 -4.9312 -15.1765
9.118 0.00835759 -0.472668 -1.49269 0.00722091 -5.09285 -15.6689
9.129 0.00355812 -0.482494 -1.49375 -0.0012185 -5.24269 -16.1343
9.14 0.00888599 -0.483404 -1.50113 3.31585e-05 -5.38397 -16.5649
9.151 0.00837066 -0.497403 -1.49017 -0.00970184 -5.51853 -16.9602
9.162 -0.00441792 -0.494703 -1.49479 0.00294881 -5.62934 -17.3208
9.173 0.0103009 -0.495923 -1.49553 -0.000641194 -5.72367 -17.6397
9.184 0.000839598 -0.493971 -1.50556 0.0082177 -5.81722 -17.922
9.195 0.00701035 -0.485529 -1.49235 0.00459933 -5.90729 -18.1721
9.206 0.00464598 -0.487345 -1.49542 0.00237031 -5.96704 -18.3622
9.217 -0.00660395 -0.496597 -1.48892 -0.00355998 -6.01343 -18.5159
9.228 -0.00565434 -0.482353 -1.4973 0.00402247 -6.05464 -18.6175
9.239 -0.00490727 -0.494314 -1.4814 0.00920027 -6.07114 -18.7015
9.25 0.00950169 -0.481279 -1.49943 0.00246146 -6.07835 -18.706
9.261 0.00264304 -0.488097 -1.49024 -0.00141581 -6.08277 -18.6931
9.272 -0.000758107 -0.482588 -1.4997 -0.00623088 -6.04742 -18.6229
9.283 0.000901882 -0.492287 -1.48901 -0.00961645 -6.02437 -18.5154
9.294 -0.00193299 -0.491024 -1.50251 -0.00143253 -5.96784 -18.3623
9.305 -0.000324989 -0.487719 -1.49146 0.00523391 -5.89956 -18.1561
9.316 -0.00269521 -0.48709 -1.49708 -0.00156602 -5.82816 -17.9198
9.327 -0.00448422 -0.484314 -1.48915 0.00549726 -5.72421 -17.6365
9.338 0.00873825 -0.479918 -1.49232 -0.00265001 -5.62824 -17.3142
9.349 0.000830519 -0.486753 -1.49688 -0.00312446 -5.50399 -16.9591
9.36 0.00688854 -0.48476 -1.49295 0.00322192 -5.38488 -16.5553
9.371 -0.000841645 -0.482676 -1.48985 -0.00643826 -5.23572 -16.1285
9.382 -0.000542912 -0.492904 -1.4942 -0.00492656 -5.09759 -15.6726
9.393 0.00162815 -0.48595 -1.4946 -0.00497036 -4.92999 -15.1786
9.404 0.00551842 -0.488167 -1.49445 0.00487077 -4.75346 -14.6557
9.415 0.00403103 -0.486896 -1.49133 0.000396809 -4.58182 -14.1086
9.426 0.00020546 -0.48206 -1.49402 -0.00726953 -4.39413 -13.544
9.437 0.00601255 -0.485618 -1.49726 0.0016475 -4.21474 -12.9435
9.448 -0.000392429 -0.488057 -1.50446 -0.00111255 -4.01112 -12.3404
9.459 -0.00472653 -0.485196 -1.49821 0.00704991 -3.8052 -11.7261
9.47 0.00331982 -0.4871 -1.49382 0.00056471 -3.60382 -11.0854
9.481 -0.00121044 -0.478855 -1.49025 -0.00175939 -3.3983 -10.4525
9.492 0.00322102 -0.484122 -1.48727 -0.00256736 -3.19215 -9.80165
9.503 0.000759433 -0.485775 -1.50031 0.00257561 -2.97764 -9.16145
9.514 0.00214979 -0.489962 -1.49402 -0.00133832 -2.76439 -8.51296
9.525 0.00559312 -0.485953 -1.49431 -0.00784442 -2.55959 -7.86998
9.536 0.00666753 -0.494725 -1.49693 -0.00377478 -2.35205 -7.22226
9.547 0.00642862 -0.490128 -1.4953 -0.00793014 -2.13657 -6.60079
9.558 0.00213973 -0.483823 -1.48711 -0.00466218 -1.93925 -5.98365
9.569 0.00761511 -0.487397 -1.50347 0.00322868 -1.75095 -5.38642
9.58 -0.00468701 -0.478909 -1.49294 -0.00163299 -1.56843 -4.81567
9.591 0.0094173 -0.48859 -1.49831 -0.0045579 -1.38212 -4.24893
9.602 -0.00204307 -0.483016 -1.49563 -0.00795708 -1.21491 -3.71944
9.613 0.00323585 -0.490308 -1.50346 -0.00345429 -1.04697 -3.21396
9.624 0.0117515 -0.484295 -1.49131 -0.00443952 -0.891463 -2.73769
9.635 0.00376485 -0.480092 -1.4905 -0.000993195 -0.748157 -2.29045
9.646 -0.00391061 -0.482695 -1.48829 0.00797025 -0.614358 -1.87935
9.657 0.00175749 -0.484506 -1.4958 0.00126633 -0.487412 -1.50705
9.668 0.00546682 -0.499877 -1.50223 -0.00216572 -0.387977 -1.15981
9.679 0.00498818 -0.479102 -1.5009 0.00566829 -0.285954 -0.865798
9.69 -0.0038253 -0.493545 -1.49068 -0.00221515 -0.198255 -0.60196
9.701 -0.00176477 -0.488444 -1.4985 0.00151325 -0.122936 -0.376959
9.712 -0.00660049 -0.482503 -1.4899 0.00939085 -0.0694252 -0.210089
9.723 -0.00196589 -0.48912 -1.49784 0.000381601 -0.0309029 -0.08184
9.734 0.0055564 -0.490149 -1.50332 0.00345383 -0.000479545 0.00967828
9.745 0.00608463 -0.494365 -1.4901 -0.00258854 0.0192488 0.049711
9.756 -0.000982323 -0.485994 -1.49167 -0.00043438 0.0114036 0.0449989
9.767 0.000445584 -0.484648 -1.4977 -0.00411925 0.00868272 0.00534504
9.778 0.00153445 -0.492491 -1.50179 0.00546434 -0.0236969 -0.0856908
9.789 0.000396761 -0.483887 -1.49219 -0.00087028 -0.0754418 -0.229872
9.8 -0.00481719 -0.492409 -1.48882 -0.000400715 -0.126759 -0.412332
9.811 0.000665675 -0.484434 -1.49223 0.0027022 -0.196703 -0.628558
9.822 0.000384683 -0.481259 -1.49084 -0.00459722 -0.289141 -0.882397
9.833 0.00594893 -0.488011 -1.50174 0.00700957 -0.384532 -1.19039
9.844 -0.00296202 -0.483164 -1.4951 0.000770325 -0.500452 -1.53159
9.855 0.000494239 -0.477856 -1.49471 0.00517012 -0.623087 -1.91721
9.866 -0.00133073 -0.479271 -1.49346 -0.00161165 -0.753223 -2.32296
9.877 -0.00731123 -0.484599 -1.49177 0.000327394 -0.893852 -2.77371
9.888 -0.00182524 -0.4894 -1.49843 0.00380377 -1.06706 -3.25307
9.899 0.00596609 -0.482606 -1.49759 -0.00180994 -1.20807 -3.75583
9.91 -0.00415224 -0.486608 -1.49346 0.00823629 -1.40105 -4.29287
9.921 0.00357425 -0.488715 -1.49944 -0.00460399 -1.58552 -4.85838
9.932 0.00610956 -0.487248 -1.49479 0.00559454 -1.7654 -5.45046
9.943 -0.00365514 -0.476178 -1.48849 -0.00814746 -1.96713 -6.04434
