6.48222e-06 6.55261e-05 0.005795
6.92025e-06 7.06772e-05 0.00580287
6.73059e-06 7.08115e-05 0.00587487
6.70136e-06 6.72283e-05 0.00583196
6.97461e-06 7.67913e-05 0.00582504
6.7286e-06 6.89434e-05 0.00502086
7.14039e-06 7.00164e-05 0.00505018
5.87197e-06 6.18864e-05 0.00497413
6.93373e-06 7.14543e-05 0.00497913
6.73835e-06 6.54526e-05 0.00497985
6.79286e-06 7.79152e-05 0.00505209
5.88816e-06 6.51881e-05 0.00498104
6.55145e-06 6.09503e-05 0.00497484
7.04544e-06 6.97059e-05 0.00497103
6.87577e-06 7.22294e-05 0.00485897
6.70563e-06 6.45231e-05 0.00498891
6.2108e-06 6.8157e-05 0.00499606
7.00101e-06 7.13124e-05 0.00494218
6.91785e-06 7.01537e-05 0.00492311
6.88199e-06 6.81201e-05 0.00510597
6.89199e-06 7.51754e-05 0.00500703
6.52542e-06 6.59096e-05 0.00500107
6.63444e-06 6.86992e-05 0.00486398
6.23125e-06 6.77406e-05 0.00488901
6.34389e-06 6.55898e-05 0.004879
6.24222e-06 6.39385e-05 0.00499511
6.47206e-06 6.60558e-05 0.00487614
6.74057e-06 6.31559e-05 0.00487113
6.53699e-06 6.79448e-05 0.00486398
6.7412e-06 7.11061e-05 0.00489402
6.58393e-06 7.02515e-05 0.00490904
7.04371e-06 7.4569e-05 0.00493884
6.4485e-06 7.42549e-05 0.00486898
6.96475e-06 6.79719e-05 0.00499821
6.50074e-06 6.72545e-05 0.00500894
5.98999e-06 6.14674e-05 0.00489783
6.52402e-06 6.05807e-05 0.00498796
6.9395e-06 6.89561e-05 0.00491095
6.4887e-06 6.75124e-05 0.00500202
7.18735e-06 7.94814e-05 0.00488901
6.79496e-06 6.9267e-05 0.0049119
7.07316e-06 7.93335e-05 0.0048871
6.55147e-06 6.74122e-05 0.00486994
6.94333e-06 6.98972e-05 0.00488496
6.50135e-06 6.65494e-05 0.00488496
6.58703e-06 6.62467e-05 0.00491595
6.65922e-06 6.81479e-05 0.00490904
7.23059e-06 6.83003e-05 0.00487304
6.85067e-06 6.79304e-05 0.00491309
6.29741e-06 6.57841e-05 0.00494289
