3.11297e-05 0.00539133 0.0103369 4002
3.12919e-05 0.0054136 0.00994205 4002
3.09889e-05 0.00526922 0.00849795 4002
3.01403e-05 0.00513977 0.008533 4002
3.04435e-05 0.00529549 0.00850391 4002
3.12647e-05 0.00537155 0.00855899 4002
3.10432e-05 0.00534347 0.00855589 4002
3.04442e-05 0.00531103 0.0085628 4002
3.02661e-05 0.00523125 0.00854897 4002
3.06747e-05 0.00513456 0.00855398 4002
3.13793e-05 0.0053248 0.00855088 4002
3.08674e-05 0.005374 0.00853586 4002
3.07673e-05 0.00521553 0.00849295 4002
3.04713e-05 0.00523556 0.00855803 4002
3.04412e-05 0.00531689 0.00860906 4002
3.06157e-05 0.00532088 0.00907683 4002
3.10153e-05 0.00526194 0.00905704 4002
3.13972e-05 0.00548729 0.00909996 4002
3.08757e-05 0.00535863 0.00907803 4002
3.07523e-05 0.00525315 0.00905108 4002
3.10804e-05 0.00542184 0.00910497 4002
3.08692e-05 0.00521663 0.00910687 4002
3.0827e-05 0.00532115 0.00909901 4002
3.06374e-05 0.00526595 0.0091269 4002
3.08789e-05 0.00530346 0.00917888 4002
3.11047e-05 0.00538649 0.00904393 4002
3.07231e-05 0.00527762 0.00913095 4002
3.09323e-05 0.00540495 0.00907707 4002
3.13919e-05 0.00549576 0.00907803 4002
3.15938e-05 0.00531483 0.00903201 4002
3.07195e-05 0.00519102 0.009058 4002
3.08649e-05 0.00521795 0.00902009 4002
3.06344e-05 0.00532429 0.00915408 4002
3.08375e-05 0.00524162 0.00910306 4002
3.07055e-05 0.00530702 0.00910807 4002
3.05509e-05 0.00517752 0.00914884 4002
3.02776e-05 0.00522149 0.00911689 4002
3.04292e-05 0.00525205 0.0090909 4002
3.04701e-05 0.00522539 0.00913215 4002
3.05208e-05 0.0051244 0.00914311 4002
3.06624e-05 0.00523488 0.00910306 4002
3.145e-05 0.00547545 0.00851798 4002
3.07082e-05 0.00520423 0.00847983 4002
3.07325e-05 0.00518678 0.00845504 4002
3.07907e-05 0.00528675 0.00849915 4002
3.1018e-05 0.00540675 0.00845695 4002
3.10619e-05 0.00533361 0.008497 4002
3.11084e-05 0.00533417 0.00847006 4002
3.05365e-05 0.00530634 0.00854397 4002
3.08245e-05 0.00537156 0.00849891 4002
