2.65707e-06 4.39454e-06 0.00770617 24
2.6091e-06 4.1677e-06 0.00768995 24
3.58344e-06 4.51108e-06 0.00770688 24
2.23501e-06 4.77673e-06 0.00767493 24
2.69667e-06 6.80646e-06 0.007725 24
2.84008e-06 5.62084e-06 0.00781393 24
3.24332e-06 6.14415e-06 0.00767994 24
3.20925e-06 5.91856e-06 0.007761 24
3.42597e-06 1.01916e-05 0.00873303 24
2.18318e-06 4.66292e-06 0.00774097 24
3.55261e-06 6.66198e-06 0.00780821 24
3.8215e-06 4.99095e-06 0.00783205 24
3.56247e-06 7.51017e-06 0.00785708 24
2.97135e-06 5.28156e-06 0.00777197 24
2.73329e-06 4.63934e-06 0.00792718 24
2.92485e-06 5.9824e-06 0.00776219 24
2.23876e-06 4.29699e-06 0.00785995 24
3.68671e-06 6.31426e-06 0.00791502 24
2.47833e-06 4.8564e-06 0.00790906 24
2.08423e-06 4.04774e-06 0.00796008 24
3.05191e-06 6.313e-06 0.00790191 24
3.09813e-06 5.1834e-06 0.00789905 24
2.71146e-06 4.47293e-06 0.00790596 24
2.83049e-06 5.31232e-06 0.00803804 24
3.21826e-06 6.41071e-06 0.0078609 24
3.14191e-06 8.07621e-06 0.00830984 24
3.37287e-06 4.61545e-06 0.00915098 24
2.79224e-06 5.23837e-06 0.00907707 24
3.15035e-06 5.57005e-06 0.00907898 24
2.87041e-06 4.78688e-06 0.00913692 24
3.53106e-06 6.7227e-06 0.00793386 24
3.82477e-06 7.184e-06 0.00787687 24
3.55331e-06 6.10391e-06 0.00794101 24
2.78513e-06 6.43947e-06 0.0079751 24
3.33546e-06 4.72822e-06 0.00795507 24
2.7832e-06 4.61402e-06 0.00789905 24
2.41408e-06 3.83937e-06 0.00793099 24
2.52334e-06 3.67502e-06 0.00796103 24
3.05114e-06 5.6549e-06 0.00798011 24
3.63109e-06 5.73927e-06 0.00789595 24
2.94854e-06 5.49409e-06 0.011997 24
2.46705e-06 4.259e-06 0.011656 24
3.29745e-06 5.74222e-06 0.0122311 24
3.50011e-06 6.69034e-06 0.00888014 24
3.03798e-06 5.18148e-06 0.00753999 24
2.99637e-06 4.81227e-06 0.00775003 24
2.51017e-06 4.74699e-06 0.00778317 24
2.26779e-06 3.39109e-06 0.00909495 24
3.028e-06 5.7979e-06 0.00948787 24
4.00641e-06 7.20865e-06 0.00909305 24
