4.78566e-06 2.31468e-05 0.00829005 84
4.45105e-06 1.84934e-05 0.00827217 84
5.63041e-06 2.43987e-05 0.00831103 84
4.34874e-06 1.89931e-05 0.00825095 84
4.85166e-06 2.02676e-05 0.00970316 84
3.94452e-06 1.65206e-05 0.00833988 84
4.69171e-06 1.85458e-05 0.00826001 84
4.56625e-06 1.72218e-05 0.00832701 84
4.80473e-06 2.96786e-05 0.00824189 84
4.19718e-06 1.57144e-05 0.00823903 84
4.37143e-06 1.9668e-05 0.00824785 84
4.48387e-06 1.82633e-05 0.00824308 84
5.25972e-06 1.96489e-05 0.00836301 84
4.21447e-06 1.49677e-05 0.00839996 84
4.94551e-06 2.34591e-05 0.00839591 84
4.88787e-06 1.88234e-05 0.00835299 84
5.31273e-06 2.422e-05 0.00817108 84
4.72523e-06 1.93374e-05 0.00828099 84
4.6509e-06 1.81035e-05 0.00835896 84
4.82664e-06 1.77695e-05 0.00831199 84
4.66911e-06 2.12558e-05 0.00832605 84
5.087e-06 3.10286e-05 0.00835395 84
4.45877e-06 1.63413e-05 0.00956607 84
4.67482e-06 1.93744e-05 0.00961399 84
4.69926e-06 1.96522e-05 0.00831389 84
4.50534e-06 1.75074e-05 0.00843906 84
4.5047e-06 1.55486e-05 0.00826907 84
3.95588e-06 1.67165e-05 0.00830507 84
4.77719e-06 2.19584e-05 0.00841117 84
5.16192e-06 2.35659e-05 0.00848794 84
4.60577e-06 2.1744e-05 0.00844002 84
4.48269e-06 1.80841e-05 0.00832701 84
4.93335e-06 2.05227e-05 0.00851202 84
4.78393e-06 1.50262e-05 0.00843596 84
4.36983e-06 1.95194e-05 0.00829387 84
5.08229e-06 2.02491e-05 0.00838399 84
4.80516e-06 2.06151e-05 0.00840211 84
5.2707e-06 2.46974e-05 0.00852799 84
5.10497e-06 2.16291e-05 0.00841904 84
4.43281e-06 1.68647e-05 0.00826311 84
5.1496e-06 2.13059e-05 0.00838804 84
4.71278e-06 1.96405e-05 0.00839901 84
4.72126e-06 1.74806e-05 0.00896001 84
4.56229e-06 1.78874e-05 0.00960588 84
4.70396e-06 2.38843e-05 0.00830317 84
4.29776e-06 1.4555e-05 0.00840592 84
4.17696e-06 1.82819e-05 0.00848293 84
5.09982e-06 2.77691e-05 0.00835395 84
4.96593e-06 1.91873e-05 0.008322 84
5.39342e-06 2.32857e-05 0.00834894 84
