3.11572e-06 6.98159e-06 0.00890708 24
3.77515e-06 5.22083e-06 0.00904202 24
3.28038e-06 7.68497e-06 0.00903416 24
2.83614e-06 5.16493e-06 0.00896621 24
3.69334e-06 6.27834e-06 0.00893593 24
4.18871e-06 8.52059e-06 0.00901103 24
2.67112e-06 5.42e-06 0.00895905 24
2.86417e-06 4.25647e-06 0.00899506 24
2.51063e-06 4.16457e-06 0.00767112 24
3.25247e-06 5.03937e-06 0.00765896 24
2.39403e-06 2.77999e-06 0.00893784 24
3.71971e-06 6.79086e-06 0.00899816 24
3.85391e-06 5.78982e-06 0.00893903 24
1.88826e-06 4.26452e-06 0.00890398 24
2.88248e-06 4.3525e-06 0.00767303 24
3.08807e-06 4.30526e-06 0.00765204 24
3.55032e-06 5.90629e-06 0.00769401 24
3.30965e-06 5.47367e-06 0.00767517 24
2.87995e-06 3.9389e-06 0.00746894 24
2.83123e-06 4.89512e-06 0.00745416 24
2.58905e-06 3.95074e-06 0.007622 24
3.37784e-06 5.17385e-06 0.00748014 24
3.00711e-06 5.58761e-06 0.00889611 24
2.3618e-06 4.50226e-06 0.00746512 24
2.98482e-06 5.76252e-06 0.00763297 24
2.99783e-06 6.06776e-06 0.00745797 24
2.62622e-06 4.39462e-06 0.00743484 24
2.39378e-06 3.87107e-06 0.00745106 24
3.35694e-06 7.97857e-06 0.00747991 24
2.77133e-06 5.62957e-06 0.00746703 24
2.66684e-06 4.65692e-06 0.00766301 24
3.08178e-06 5.39352e-06 0.00754809 24
3.97454e-06 7.15617e-06 0.00763202 24
3.63083e-06 6.19133e-06 0.00764894 24
2.41979e-06 5.4294e-06 0.00795007 24
3.4736e-06 6.0001e-06 0.00748491 24
4.36047e-06 7.14452e-06 0.00753593 24
3.35846e-06 6.50522e-06 0.0074861 24
3.21656e-06 5.69813e-06 0.00768399 24
3.7584e-06 6.94002e-06 0.00748801 24
3.37311e-06 6.16608e-06 0.0080018 24
3.33506e-06 6.72861e-06 0.00768614 24
2.45061e-06 5.40072e-06 0.00768209 24
3.32709e-06 4.94633e-06 0.00756097 24
2.81129e-06 4.55015e-06 0.007689 24
1.84212e-06 3.31515e-06 0.007689 24
3.66625e-06 7.50889e-06 0.00768495 24
3.02344e-06 4.28883e-06 0.00750804 24
2.53011e-06 4.5211e-06 0.00753498 24
3.27809e-06 7.13856e-06 0.00774598 24
