4.24508e-06 2.01294e-05 0.00927496 804
4.57117e-06 1.88069e-05 0.00928688 804
4.88505e-06 2.26467e-05 0.00927997 804
4.78101e-06 2.09313e-05 0.00927901 804
4.19197e-06 2.18908e-05 0.00929403 804
4.73633e-06 2.34548e-05 0.00936604 804
4.93967e-06 2.04205e-05 0.00950098 804
4.21277e-06 2.05662e-05 0.00949907 804
5.25143e-06 2.46441e-05 0.00942087 804
4.50198e-06 2.13228e-05 0.00940013 804
4.74127e-06 2.37955e-05 0.00932884 804
4.34697e-06 2.09372e-05 0.00940585 804
4.06633e-06 1.92295e-05 0.00952196 804
4.47128e-06 2.03977e-05 0.00950098 804
4.50661e-06 2.00965e-05 0.00934386 804
4.52476e-06 2.31208e-05 0.00931787 804
4.72041e-06 2.15964e-05 0.00909185 804
5.13743e-06 2.391e-05 0.00929308 804
4.82881e-06 2.02189e-05 0.00917101 804
4.50933e-06 2.12609e-05 0.00913715 804
4.95348e-06 2.39034e-05 0.00913286 804
5.20685e-06 2.5555e-05 0.00936413 804
4.54336e-06 2.3482e-05 0.00916195 804
4.0765e-06 1.88417e-05 0.00910711 804
4.43438e-06 2.14287e-05 0.00911903 804
4.89212e-06 2.31871e-05 0.00908899 804
5.02775e-06 2.43929e-05 0.00918603 804
4.66916e-06 1.89616e-05 0.00916982 804
4.6727e-06 2.30232e-05 0.00912118 804
4.6257e-06 1.91294e-05 0.00912309 804
4.24992e-06 1.95355e-05 0.00915098 804
4.06893e-06 1.91791e-05 0.009166 804
4.44808e-06 2.15854e-05 0.00913286 804
4.44065e-06 2.27417e-05 0.00938296 804
4.79611e-06 2.12912e-05 0.00923514 804
4.23507e-06 2.15541e-05 0.0091722 804
4.40626e-06 2.18945e-05 0.009202 804
5.08477e-06 2.62701e-05 0.00921583 804
4.26948e-06 2.11896e-05 0.00914812 804
4.28528e-06 1.96785e-05 0.00915718 804
3.97921e-06 2.15929e-05 0.00917912 804
4.26503e-06 2.14572e-05 0.00962901 804
4.65551e-06 2.31475e-05 0.00970292 804
4.01773e-06 1.79647e-05 0.00954413 804
5.13221e-06 2.42258e-05 0.009547 804
4.58554e-06 2.12823e-05 0.00914216 804
4.83421e-06 2.22031e-05 0.00967002 804
4.75545e-06 2.05145e-05 0.00967097 804
4.84757e-06 2.38446e-05 0.00971293 804
4.67427e-06 2.21217e-05 0.00936103 804
