4.0613e-06 1.30614e-05 0.00968981 84
4.24015e-06 1.3455e-05 0.00993204 84
3.95632e-06 1.19114e-05 0.00988102 84
4.40116e-06 1.54864e-05 0.00970221 84
3.64654e-06 1.23802e-05 0.00987697 84
4.22622e-06 1.44413e-05 0.0099721 84
4.24136e-06 1.40464e-05 0.00829887 84
4.11462e-06 1.56513e-05 0.00845599 84
4.21561e-06 1.53084e-05 0.00847006 84
4.06755e-06 1.34344e-05 0.00832009 84
3.71934e-06 1.1168e-05 0.00837302 84
4.0316e-06 1.15763e-05 0.010514 84
4.2126e-06 1.48104e-05 0.0106621 84
4.0559e-06 1.40092e-05 0.0104899 84
3.79371e-06 1.59529e-05 0.00927806 84
4.31393e-06 1.37941e-05 0.00845385 84
4.57225e-06 1.58249e-05 0.00869012 84
4.43605e-06 1.44482e-05 0.00831318 84
3.88297e-06 1.86947e-05 0.00851798 84
4.22755e-06 1.22711e-05 0.00967789 84
3.57177e-06 1.10812e-05 0.00954795 84
4.16057e-06 1.46062e-05 0.00844288 84
3.76544e-06 1.28939e-05 0.00831199 84
3.95831e-06 1.30696e-05 0.0084691 84
4.49839e-06 1.29842e-05 0.00834584 84
3.89693e-06 1.21495e-05 0.00843 84
3.68483e-06 1.42467e-05 0.00846505 84
4.58583e-06 1.44094e-05 0.00834584 84
4.40233e-06 1.41011e-05 0.00844407 84
4.46455e-06 1.50389e-05 0.00849104 84
4.38957e-06 1.27149e-05 0.00832009 84
4.32956e-06 1.35805e-05 0.00846314 84
4.41586e-06 1.37427e-05 0.00846601 84
4.31509e-06 1.65072e-05 0.00833297 84
3.8005e-06 1.73603e-05 0.008497 84
3.57202e-06 1.15112e-05 0.00839901 84
3.81392e-06 1.37575e-05 0.00832987 84
3.40722e-06 1.5013e-05 0.00849891 84
4.05177e-06 1.41387e-05 0.0083189 84
4.73083e-06 1.58674e-05 0.00845504 84
3.87513e-06 1.5105e-05 0.00970888 84
3.95979e-06 1.35372e-05 0.00836205 84
4.33685e-06 1.11489e-05 0.00834298 84
4.77058e-06 1.62484e-05 0.00842714 84
4.82288e-06 1.72183e-05 0.00833201 84
3.36686e-06 1.16794e-05 0.00833702 84
3.81888e-06 1.39438e-05 0.00852489 84
4.00582e-06 1.68303e-05 0.00831103 84
3.63773e-06 1.49392e-05 0.00850606 84
4.57687e-06 1.23947e-05 0.00849104 84
