3.46061e-06 6.46064e-06 0.00771213 42
3.916e-06 9.584e-06 0.00769997 42
3.65753e-06 8.09513e-06 0.007689 42
3.58e-06 9.7638e-06 0.00769401 42
3.65059e-06 1.01794e-05 0.00905204 42
3.73274e-06 9.0408e-06 0.00900412 42
3.81103e-06 9.96145e-06 0.00779295 42
3.6737e-06 8.66157e-06 0.00772595 42
3.14682e-06 7.34822e-06 0.00776505 42
3.52058e-06 9.67205e-06 0.00778389 42
3.79745e-06 8.35023e-06 0.00778103 42
4.04406e-06 1.1809e-05 0.00775218 42
3.54119e-06 7.10785e-06 0.00777006 42
3.49964e-06 8.92106e-06 0.00775385 42
3.81322e-06 9.2651e-06 0.00916004 42
3.26036e-06 6.76904e-06 0.0090251 42
3.55835e-06 1.22278e-05 0.00771379 42
3.60677e-06 8.89255e-06 0.00770593 42
3.36908e-06 6.60335e-06 0.00779605 42
3.55991e-06 1.01854e-05 0.00784302 42
3.99173e-06 9.2109e-06 0.007833 42
3.88702e-06 8.51595e-06 0.00784707 42
3.35548e-06 8.4754e-06 0.00774693 42
3.39809e-06 7.87548e-06 0.007797 42
3.80421e-06 7.10137e-06 0.00773597 42
4.12768e-06 1.43928e-05 0.00776505 42
3.13548e-06 9.10814e-06 0.00774407 42
2.553e-06 6.33804e-06 0.00776196 42
3.67344e-06 1.23006e-05 0.00775599 42
2.95456e-06 7.49626e-06 0.00779986 42
3.53259e-06 7.82813e-06 0.00788999 42
2.88445e-06 5.3878e-06 0.00788403 42
4.22907e-06 1.1099e-05 0.00777817 42
4.65923e-06 1.20173e-05 0.00777102 42
4.11805e-06 8.24058e-06 0.00787497 42
3.60248e-06 7.51117e-06 0.00780892 42
2.57353e-06 5.5925e-06 0.007828 42
2.88675e-06 5.46237e-06 0.00771689 42
3.29567e-06 9.8441e-06 0.00793099 42
3.62966e-06 6.63723e-06 0.00782108 42
3.74473e-06 1.05699e-05 0.00777602 42
3.20666e-06 9.83288e-06 0.0078671 42
3.10466e-06 6.75428e-06 0.00786018 42
2.96355e-06 5.52012e-06 0.00784588 42
3.71409e-06 1.08764e-05 0.00778008 42
3.27116e-06 6.75948e-06 0.00803804 42
3.96906e-06 1.30025e-05 0.0078361 42
3.17024e-06 6.57303e-06 0.00788498 42
3.74678e-06 8.79737e-06 0.00775409 42
3.69453e-06 8.6768e-06 0.00782299 42
