5.0038e-06 2.24377e-05 0.0108349 4002
5.32329e-06 2.35262e-05 0.010905 4002
4.66324e-06 2.25288e-05 0.010947 4002
4.90157e-06 2.10623e-05 0.0109289 4002
4.42285e-06 2.027e-05 0.010864 4002
4.51798e-06 2.5907e-05 0.013402 4002
4.65666e-06 2.15279e-05 0.01085 4002
4.14464e-06 2.16565e-05 0.0107961 4002
4.19991e-06 2.05805e-05 0.01281 4002
4.64818e-06 2.42041e-05 0.0108242 4002
4.04651e-06 1.98087e-05 0.0107551 4002
4.52458e-06 2.39097e-05 0.010716 4002
5.32624e-06 2.37118e-05 0.0106649 4002
4.59906e-06 2.11779e-05 0.0106871 4002
4.04189e-06 2.13252e-05 0.0107629 4002
4.90751e-06 2.15393e-05 0.0107679 4002
4.70559e-06 2.22166e-05 0.0106969 4002
4.36642e-06 1.99067e-05 0.0106711 4002
4.22201e-06 2.05888e-05 0.0108209 4002
4.38956e-06 2.13938e-05 0.0107372 4002
4.71315e-06 2.15231e-05 0.010653 4002
4.27617e-06 2.19019e-05 0.0106719 4002
4.89031e-06 2.50325e-05 0.010673 4002
4.9029e-06 2.14189e-05 0.0107231 4002
4.42917e-06 2.40079e-05 0.0106909 4002
4.53415e-06 2.12122e-05 0.0106971 4002
5.00685e-06 2.63731e-05 0.01071 4002
4.47547e-06 1.8384e-05 0.0107729 4002
4.54352e-06 2.41426e-05 0.0108089 4002
4.55516e-06 2.05923e-05 0.0107319 4002
4.42518e-06 2.04191e-05 0.010685 4002
5.11988e-06 2.59879e-05 0.0109091 4002
4.90922e-06 2.17971e-05 0.0106721 4002
5.03783e-06 2.40821e-05 0.0107379 4002
4.23588e-06 2.14207e-05 0.0109131 4002
4.68944e-06 2.54343e-05 0.010736 4002
4.13146e-06 2.38893e-05 0.01072 4002
4.66987e-06 2.41284e-05 0.0106411 4002
4.48089e-06 2.27835e-05 0.010725 4002
4.41416e-06 2.11395e-05 0.010658 4002
4.54902e-06 2.39902e-05 0.0107601 4002
4.42642e-06 2.37045e-05 0.01086 4002
4.92655e-06 1.99096e-05 0.0107269 4002
3.75029e-06 1.62672e-05 0.0106759 4002
4.59552e-06 2.13302e-05 0.0106778 4002
5.27122e-06 2.48773e-05 0.0107999 4002
4.6707e-06 2.37141e-05 0.0106919 4002
5.06396e-06 2.28601e-05 0.010726 4002
4.55173e-06 1.89502e-05 0.0106609 4002
4.51384e-06 2.17871e-05 0.0107682 4002
