4.42633e-06 2.15936e-05 0.00887513 402
4.39702e-06 2.2773e-05 0.00917697 402
4.58819e-06 2.42153e-05 0.00891709 402
5.13606e-06 2.7005e-05 0.0089612 402
4.63482e-06 2.17475e-05 0.00903392 402
4.28529e-06 2.16204e-05 0.00904393 402
4.65151e-06 2.12395e-05 0.00935602 402
4.74447e-06 2.39163e-05 0.0103509 402
4.35957e-06 2.03577e-05 0.010082 402
5.30159e-06 2.75352e-05 0.00911307 402
3.67794e-06 1.81918e-05 0.00918293 402
4.32261e-06 1.91361e-05 0.00910497 402
4.42805e-06 2.38599e-05 0.00919294 402
4.32188e-06 2.20696e-05 0.009238 402
4.36788e-06 2.3992e-05 0.00915408 402
4.7078e-06 2.25834e-05 0.00914693 402
3.86218e-06 2.19164e-05 0.00943613 402
4.94253e-06 2.25033e-05 0.00918388 402
4.82957e-06 2.58845e-05 0.00912905 402
3.90779e-06 1.86379e-05 0.00914693 402
3.66934e-06 1.96152e-05 0.00928998 402
4.24592e-06 2.32498e-05 0.00911403 402
3.95773e-06 2.46041e-05 0.00902796 402
4.52282e-06 2.15375e-05 0.00911903 402
4.5868e-06 2.36711e-05 0.00914788 402
4.80983e-06 2.1686e-05 0.0091989 402
4.29188e-06 2.0553e-05 0.00926113 402
4.63704e-06 2.16221e-05 0.00910997 402
4.63861e-06 2.25089e-05 0.00920701 402
4.22987e-06 2.14302e-05 0.00921106 402
4.30072e-06 2.5398e-05 0.00921011 402
5.11554e-06 2.21095e-05 0.00929213 402
4.2003e-06 2.06246e-05 0.0094161 402
3.8763e-06 1.94865e-05 0.00919199 402
4.49757e-06 2.09951e-05 0.00918007 402
4.60999e-06 2.09672e-05 0.00925207 402
4.31706e-06 2.02354e-05 0.00931787 402
4.252e-06 2.26287e-05 0.00927997 402
4.69254e-06 2.06564e-05 0.00917292 402
4.48849e-06 2.444e-05 0.00940084 402
4.48868e-06 1.99469e-05 0.00924015 402
5.09726e-06 2.32029e-05 0.00924206 402
4.2041e-06 1.93732e-05 0.00896692 402
4.52498e-06 1.89121e-05 0.00892091 402
5.02267e-06 2.4109e-05 0.00895691 402
4.52356e-06 2.26974e-05 0.00897098 402
4.56172e-06 2.28203e-05 0.00891113 402
5.10945e-06 2.35685e-05 0.00885487 402
4.20347e-06 1.86513e-05 0.00887489 402
5.3943e-06 2.3366e-05 0.00892401 402
