9.74674e-06 0.000183744 0.00832987 402
1.01046e-05 0.000185635 0.00831008 402
1.07984e-05 0.000201778 0.0083499 402
1.04677e-05 0.000195465 0.00832605 402
9.05386e-06 0.000169959 0.00833893 402
9.97826e-06 0.000186955 0.00835109 402
9.69661e-06 0.000181602 0.00973296 402
9.79805e-06 0.000178879 0.00837898 402
9.85775e-06 0.000180271 0.00836086 402
9.80009e-06 0.000190136 0.00832987 402
1.00617e-05 0.000188546 0.00836086 402
1.01758e-05 0.000186569 0.008358 402
1.02814e-05 0.000187298 0.0098629 402
1.04047e-05 0.000190246 0.010061 402
9.77542e-06 0.000175777 0.00972295 402
9.84736e-06 0.000184164 0.00837398 402
1.02657e-05 0.000181098 0.00832295 402
1.03204e-05 0.000197839 0.00836396 402
1.00678e-05 0.000189578 0.00828385 402
9.55638e-06 0.000175099 0.00829601 402
9.69095e-06 0.000186098 0.00832796 402
9.60781e-06 0.000172789 0.00834799 402
1.03807e-05 0.000184502 0.00833416 402
1.0377e-05 0.000195329 0.008358 402
1.012e-05 0.000190595 0.00834012 402
1.04656e-05 0.000191264 0.00835681 402
1.04178e-05 0.000190636 0.00832891 402
9.89647e-06 0.000169507 0.00835395 402
9.84273e-06 0.00018754 0.0083828 402
1.01643e-05 0.000181763 0.00834799 402
1.01716e-05 0.000186189 0.00841308 402
1.06766e-05 0.000193387 0.00838017 402
1.05362e-05 0.000189787 0.00830197 402
9.61103e-06 0.000181 0.0084002 402
9.18505e-06 0.000154649 0.00834203 402
1.02744e-05 0.000193139 0.00832105 402
9.82384e-06 0.000189307 0.0083878 402
1.0094e-05 0.000183304 0.00839686 402
9.5908e-06 0.000177021 0.00816607 402
1.02997e-05 0.000206857 0.0083642 402
9.78759e-06 0.000188226 0.00817823 402
1.02884e-05 0.000190935 0.00824308 402
1.02572e-05 0.000208203 0.00818419 402
1.05531e-05 0.000194163 0.00815201 402
9.69546e-06 0.000183318 0.00833297 402
9.73367e-06 0.000177171 0.00815201 402
9.94645e-06 0.00019347 0.00837398 402
1.01102e-05 0.000181517 0.00834107 402
1.01282e-05 0.000183734 0.00811696 402
1.02252e-05 0.000189176 0.00838208 402
