3.37927e-06 6.66957e-06 0.00960207 42
3.84869e-06 9.37237e-06 0.00942898 42
3.48293e-06 7.4043e-06 0.00922203 42
3.16316e-06 8.29215e-06 0.00948596 42
3.6382e-06 6.51802e-06 0.00813103 42
3.58446e-06 1.06474e-05 0.00824189 42
2.93414e-06 5.72815e-06 0.00830698 42
3.5868e-06 7.75908e-06 0.00818801 42
3.55399e-06 7.75678e-06 0.00789905 42
3.55923e-06 9.00218e-06 0.00785398 42
3.9949e-06 1.09856e-05 0.00785899 42
3.40437e-06 7.38687e-06 0.00823092 42
3.48336e-06 7.80343e-06 0.007936 42
3.55213e-06 6.82647e-06 0.00912786 42
3.96529e-06 8.30138e-06 0.00925589 42
3.41645e-06 7.66114e-06 0.00791287 42
3.68683e-06 9.61224e-06 0.00792193 42
2.95448e-06 6.22795e-06 0.00799918 42
3.06499e-06 5.87537e-06 0.00800681 42
3.42944e-06 5.6874e-06 0.00795197 42
3.64627e-06 9.06315e-06 0.00796604 42
3.68283e-06 9.26702e-06 0.00784087 42
3.31653e-06 7.69692e-06 0.007833 42
4.25892e-06 8.57321e-06 0.00879407 42
3.13862e-06 7.55188e-06 0.00928211 42
3.07561e-06 8.00779e-06 0.00921488 42
3.08922e-06 9.43926e-06 0.00796604 42
2.88872e-06 8.18648e-06 0.00798392 42
3.66468e-06 9.43854e-06 0.00794697 42
4.06134e-06 1.145e-05 0.00783491 42
3.62781e-06 8.6641e-06 0.0078361 42
2.93671e-06 7.6831e-06 0.00793791 42
3.58912e-06 7.77122e-06 0.00799298 42
3.46588e-06 6.95576e-06 0.00800586 42
3.9464e-06 7.257e-06 0.00794721 42
2.87223e-06 6.64401e-06 0.0078299 42
3.48278e-06 9.72145e-06 0.00785398 42
3.24653e-06 1.11531e-05 0.00784707 42
3.44392e-06 7.49781e-06 0.00787592 42
3.11288e-06 7.8198e-06 0.00795579 42
2.97076e-06 7.13806e-06 0.00799394 42
3.22714e-06 1.17885e-05 0.00795579 42
3.83418e-06 1.02825e-05 0.00793791 42
3.53284e-06 8.9648e-06 0.00796413 42
3.79975e-06 1.04025e-05 0.00795698 42
3.35346e-06 7.38632e-06 0.00792193 42
3.60588e-06 8.20377e-06 0.00846601 42
3.23101e-06 7.16066e-06 0.00843692 42
2.97689e-06 6.74858e-06 0.00862193 42
2.36287e-06 4.87563e-06 0.00863218 42
