1.37389e-05 0.000512112 0.0107532 804
1.39787e-05 0.000524991 0.0114079 804
1.4105e-05 0.000531658 0.010993 804
1.47286e-05 0.000512758 0.0104449 804
1.46408e-05 0.000543436 0.00949717 804
1.46349e-05 0.000565257 0.008425 804
1.39071e-05 0.000524638 0.00843 804
1.37669e-05 0.00050506 0.00844598 804
1.44968e-05 0.000538222 0.00844717 804
1.45183e-05 0.000533524 0.00841904 804
1.41156e-05 0.000501505 0.0084641 804
1.44403e-05 0.000538554 0.00841999 804
1.46578e-05 0.000528103 0.00847697 804
1.37796e-05 0.000519473 0.00844193 804
1.44227e-05 0.000537791 0.00854611 804
1.44311e-05 0.000521043 0.00845695 804
1.41399e-05 0.000503022 0.008533 804
1.45381e-05 0.000539631 0.00851107 804
1.41112e-05 0.000524799 0.00839305 804
1.42545e-05 0.00050019 0.0083971 804
1.45008e-05 0.000527298 0.00846386 804
1.47157e-05 0.000565228 0.00847387 804
1.42743e-05 0.000538769 0.00841498 804
1.44915e-05 0.00054123 0.00990987 804
1.4137e-05 0.000549062 0.00845408 804
1.43051e-05 0.000522323 0.00844789 804
1.45598e-05 0.000519714 0.00852418 804
1.35482e-05 0.000484865 0.00980306 804
1.4185e-05 0.000503399 0.00851989 804
1.43496e-05 0.000529176 0.00844002 804
1.46075e-05 0.000547331 0.00826383 804
1.40585e-05 0.000519854 0.00845218 804
1.47104e-05 0.000537449 0.00824213 804
1.45715e-05 0.000548233 0.00847578 804
1.43305e-05 0.000540009 0.00846601 804
1.44016e-05 0.000534412 0.00853896 804
1.50395e-05 0.000541667 0.0082581 804
1.42125e-05 0.000510839 0.00822616 804
1.40739e-05 0.000544624 0.00834608 804
1.4143e-05 0.00054116 0.00842905 804
1.46791e-05 0.000530814 0.00826597 804
1.35605e-05 0.000507071 0.00845385 804
1.37433e-05 0.000511656 0.00844383 804
1.44345e-05 0.000550509 0.00846696 804
1.3987e-05 0.000515426 0.00844407 804
1.40463e-05 0.000544067 0.00845909 804
1.3805e-05 0.000533108 0.00845909 804
1.46341e-05 0.00054729 0.00830102 804
1.4723e-05 0.000561565 0.00823712 804
1.47798e-05 0.00055772 0.00837588 804
