0.000219039 0.000583456 0.00849295 24
0.000218983 0.000584145 0.00753403 24
0.000219063 0.000581463 0.007514 24
0.000219071 0.000584537 0.00758696 24
0.000219082 0.000582845 0.00770617 24
0.000219182 0.000583556 0.00773811 24
0.00021921 0.000583164 0.00767589 24
0.000219236 0.000583575 0.00768304 24
0.000219109 0.000583465 0.00776505 24
0.000219088 0.000584908 0.00779581 24
0.000219103 0.000584605 0.00780797 24
0.000219077 0.000583617 0.00781703 24
0.000218992 0.000582213 0.00784016 24
0.00021905 0.000584095 0.0087409 24
0.000219188 0.000583632 0.00944591 24
0.000219041 0.000584141 0.00788879 24
0.000219002 0.00058271 0.00780582 24
0.000219042 0.000584095 0.00792503 24
0.000219149 0.000584826 0.00783491 24
0.000219051 0.000583848 0.00783801 24
0.000219163 0.000584117 0.00788498 24
0.00021903 0.000583707 0.00825596 24
0.000219158 0.000584119 0.00791717 24
0.000219018 0.000582531 0.0078721 24
0.000219075 0.000583405 0.00786209 24
0.00021911 0.000583641 0.00788498 24
0.000219106 0.000582009 0.00800109 24
0.000219011 0.000583002 0.00787187 24
0.000219084 0.000583426 0.00794101 24
0.000219021 0.000583537 0.0079751 24
0.000219052 0.000583907 0.00754714 24
0.00021907 0.000582713 0.00773287 24
0.000219001 0.00058451 0.00766087 24
0.000219039 0.000582186 0.00770187 24
0.00021897 0.000583923 0.00776005 24
0.000219027 0.000584225 0.00774002 24
0.00021904 0.00058464 0.0076921 24
0.00021891 0.000583093 0.00772786 24
0.00021897 0.000583106 0.00770998 24
0.000219077 0.000582257 0.00773191 24
0.000219093 0.000583056 0.00779009 24
0.000219078 0.000582812 0.0077951 24
0.000219077 0.000583652 0.00777507 24
0.000218996 0.000584502 0.00778079 24
0.000219198 0.000582246 0.00778508 24
0.000219143 0.000582764 0.00797701 24
0.000219018 0.000583127 0.00782204 24
0.00021912 0.000584929 0.00784302 24
0.00021908 0.000582813 0.00783205 24
0.000219119 0.000584594 0.00769401 24
