1.51253e-05 5.62506e-05 0.00764394 42
1.52116e-05 5.48829e-05 0.00755501 42
1.50767e-05 5.71981e-05 0.00746989 42
1.52369e-05 5.61875e-05 0.00895691 42
1.52173e-05 5.68374e-05 0.00896192 42
1.52936e-05 5.82882e-05 0.00901389 42
1.50796e-05 5.63294e-05 0.00873709 42
1.50958e-05 5.39309e-05 0.00750613 42
1.52368e-05 5.45114e-05 0.00749397 42
1.517e-05 5.84121e-05 0.00859594 42
1.51368e-05 5.48919e-05 0.00898504 42
1.52542e-05 5.24069e-05 0.00747585 42
1.53349e-05 5.55446e-05 0.00749612 42
1.54171e-05 5.50238e-05 0.00747895 42
1.52119e-05 5.29953e-05 0.00747299 42
1.51614e-05 5.81243e-05 0.00767899 42
1.51253e-05 5.61123e-05 0.00770688 42
1.51841e-05 5.92501e-05 0.00756502 42
1.52459e-05 5.67664e-05 0.00749302 42
1.52243e-05 5.82152e-05 0.00748706 42
1.53254e-05 6.1047e-05 0.00767279 42
1.51116e-05 5.74335e-05 0.00749612 42
1.52481e-05 5.45103e-05 0.00751615 42
1.5241e-05 5.70475e-05 0.00747299 42
1.51443e-05 5.5575e-05 0.00747991 42
1.52561e-05 5.75994e-05 0.00750303 42
1.51525e-05 5.39531e-05 0.00784111 42
1.50782e-05 5.65286e-05 0.00808191 42
1.51939e-05 5.44408e-05 0.00893617 42
1.52375e-05 5.56074e-05 0.00788808 42
1.51569e-05 5.68908e-05 0.00795579 42
1.52115e-05 5.74455e-05 0.00801706 42
1.50902e-05 5.71831e-05 0.00799584 42
1.52561e-05 5.79883e-05 0.00785494 42
1.52209e-05 5.76684e-05 0.00789785 42
1.52296e-05 5.37192e-05 0.0079391 42
1.50892e-05 5.50858e-05 0.00796103 42
1.52198e-05 5.52631e-05 0.00788498 42
1.50103e-05 5.27827e-05 0.00792909 42
1.50383e-05 5.59579e-05 0.00827193 42
1.50875e-05 5.57154e-05 0.00786495 42
1.51321e-05 5.48968e-05 0.00787306 42
1.51912e-05 5.65526e-05 0.00792003 42
1.50927e-05 5.51475e-05 0.00797987 42
1.51671e-05 5.63694e-05 0.00795603 42
1.52383e-05 5.62538e-05 0.00796819 42
1.50543e-05 5.67393e-05 0.00789785 42
1.53497e-05 5.9062e-05 0.00791907 42
1.50446e-05 5.79214e-05 0.00796795 42
1.50231e-05 5.5745e-05 0.00814295 42
