5.14855e-06 3.15883e-05 0.00903583 402
5.36884e-06 2.69983e-05 0.00925398 402
4.86293e-06 2.7191e-05 0.00915003 402
5.44032e-06 3.04499e-05 0.00918794 402
4.92372e-06 2.81025e-05 0.00926399 402
5.68599e-06 3.21718e-05 0.00917888 402
4.84286e-06 2.63916e-05 0.00944996 402
4.92202e-06 2.55923e-05 0.00924087 402
5.58278e-06 3.19357e-05 0.00930309 402
5.5246e-06 3.03838e-05 0.00925589 402
5.72272e-06 2.91708e-05 0.00928617 402
5.61549e-06 2.85975e-05 0.0093441 402
5.689e-06 3.18348e-05 0.00930214 402
5.50597e-06 3.0337e-05 0.00930595 402
5.64498e-06 3.18296e-05 0.00933814 402
4.9404e-06 2.78627e-05 0.00931001 402
5.38453e-06 3.03053e-05 0.00927711 402
5.92975e-06 3.27355e-05 0.00925303 402
5.3274e-06 2.98338e-05 0.00931311 402
5.52553e-06 2.97317e-05 0.00924206 402
4.86857e-06 2.82728e-05 0.00931597 402
5.16433e-06 2.87639e-05 0.00954795 402
5.30023e-06 2.77072e-05 0.00924397 402
5.19939e-06 3.01017e-05 0.00924492 402
5.18125e-06 2.95417e-05 0.00929618 402
5.54676e-06 3.02879e-05 0.00931406 402
5.44843e-06 2.80147e-05 0.00929213 402
5.56026e-06 2.93287e-05 0.00929713 402
5.42786e-06 3.035e-05 0.00926304 402
5.68774e-06 3.18106e-05 0.00923991 402
5.06776e-06 2.87592e-05 0.00929093 402
5.55843e-06 2.96915e-05 0.009269 402
5.26085e-06 2.70914e-05 0.00930214 402
5.41046e-06 3.40365e-05 0.00935006 402
5.49428e-06 3.25499e-05 0.00928283 402
5.56624e-06 3.13114e-05 0.00943494 402
5.28787e-06 2.86602e-05 0.00922298 402
5.39765e-06 3.14828e-05 0.00923109 402
5.42084e-06 3.10942e-05 0.00930715 402
4.80515e-06 2.81067e-05 0.0093298 402
5.3022e-06 3.00903e-05 0.00932813 402
5.22729e-06 2.98181e-05 0.00933599 402
6.07596e-06 3.48917e-05 0.00938201 402
4.68117e-06 2.67091e-05 0.00927401 402
5.4614e-06 2.98444e-05 0.00932384 402
5.57389e-06 3.11375e-05 0.00932097 402
5.27362e-06 2.94438e-05 0.00928688 402
5.29233e-06 3.23582e-05 0.00932384 402
5.75695e-06 3.00346e-05 0.00932503 402
5.1019e-06 3.03452e-05 0.00927305 402
