3.09748e-05 0.00531803 0.00841308 4002
3.07553e-05 0.00530253 0.00845599 4002
3.08685e-05 0.00530375 0.00843906 4002
3.03405e-05 0.00513204 0.00856209 4002
3.0318e-05 0.00523986 0.00846791 4002
3.09e-05 0.00528542 0.00844407 4002
3.12398e-05 0.00536839 0.010221 4002
3.03066e-05 0.0051545 0.00985694 4002
2.99302e-05 0.00520397 0.00842786 4002
3.09641e-05 0.00531398 0.00836897 4002
3.08969e-05 0.00536991 0.00849295 4002
3.07587e-05 0.00526674 0.00841498 4002
3.14398e-05 0.00543204 0.00838184 4002
3.06833e-05 0.00525643 0.00836277 4002
3.07426e-05 0.00520034 0.00844502 4002
3.06014e-05 0.00521253 0.00842905 4002
3.0423e-05 0.00522609 0.00840998 4002
3.08959e-05 0.0052417 0.00841999 4002
3.01017e-05 0.00519246 0.00847101 4002
3.03712e-05 0.00522282 0.00849581 4002
3.1138e-05 0.00530144 0.008389 4002
3.13657e-05 0.00542988 0.00840807 4002
3.06786e-05 0.00526604 0.0083971 4002
3.11109e-05 0.00534207 0.00843096 4002
3.08281e-05 0.00524214 0.00842714 4002
3.07374e-05 0.00529263 0.00938106 4002
3.05886e-05 0.00516312 0.00858879 4002
3.10363e-05 0.00530078 0.00847983 4002
3.04125e-05 0.00529484 0.0084672 4002
3.14827e-05 0.00536878 0.00856614 4002
3.1179e-05 0.00538568 0.00838995 4002
3.11122e-05 0.00539143 0.00844097 4002
3.12157e-05 0.0053855 0.00837302 4002
3.02085e-05 0.00513199 0.00848699 4002
3.07987e-05 0.00529382 0.00847697 4002
3.04957e-05 0.00519295 0.00853705 4002
3.06952e-05 0.00528544 0.00840306 4002
2.97136e-05 0.00508208 0.00851393 4002
3.08589e-05 0.00534431 0.00918698 4002
3.11688e-05 0.00539675 0.00858212 4002
3.07693e-05 0.00525353 0.00841594 4002
3.07409e-05 0.00538471 0.00839114 4002
3.10573e-05 0.00540094 0.00849485 4002
3.02505e-05 0.00532263 0.00841403 4002
3.04085e-05 0.00528284 0.0084331 4002
3.11743e-05 0.00527988 0.00844598 4002
3.07861e-05 0.00532973 0.00853395 4002
3.05233e-05 0.00520098 0.00847006 4002
3.08802e-05 0.00526503 0.00850105 4002
3.08491e-05 0.0052738 0.00866294 4002
