0.000219076 0.000585153 0.00762105 24
0.000219181 0.000581951 0.00745702 24
0.000219144 0.000583286 0.00766897 24
0.000219098 0.000583852 0.00774598 24
0.000219112 0.000583527 0.00765395 24
0.00021911 0.0005824 0.00752497 24
0.000219076 0.000583286 0.00764608 24
0.000219033 0.000583652 0.00763583 24
0.000219045 0.000582853 0.00747085 24
0.00021906 0.00058309 0.00751686 24
0.000219098 0.000583195 0.00750709 24
0.000219045 0.000584484 0.0074892 24
0.000219111 0.000584748 0.00748682 24
0.000219123 0.000582748 0.00747991 24
0.000218973 0.000583575 0.00888395 24
0.000219042 0.000583041 0.00822997 24
0.000219041 0.000583958 0.00765514 24
0.000219034 0.000582612 0.00745392 24
0.000219095 0.000582715 0.00745606 24
0.00021903 0.000581763 0.00749707 24
0.000219003 0.000583108 0.00892997 24
0.000219049 0.000582492 0.00754905 24
0.000219163 0.000584195 0.00745082 24
0.000218937 0.00058362 0.007478 24
0.000219186 0.000583385 0.00746489 24
0.000219002 0.000582176 0.00750518 24
0.000218984 0.000582757 0.00754619 24
0.000219066 0.000582695 0.00745583 24
0.000219072 0.000584445 0.00745392 24
0.00021897 0.000583094 0.00761604 24
0.000219031 0.000583431 0.00747085 24
0.00021916 0.000583271 0.0076611 24
0.000219164 0.000584694 0.00745296 24
0.000218978 0.000583846 0.00746107 24
0.000219046 0.000583203 0.00768995 24
0.000219145 0.000584604 0.00761414 24
0.000218978 0.000581965 0.00746202 24
0.000219087 0.000582821 0.00752187 24
0.000219121 0.00058481 0.00756407 24
0.00021907 0.000583401 0.00768995 24
0.000219081 0.000584529 0.00748301 24
0.000218991 0.000583135 0.00745201 24
0.000219098 0.000583858 0.00746584 24
0.000218951 0.000582786 0.0074811 24
0.000219075 0.00058269 0.00746202 24
0.00021905 0.000583639 0.00902891 24
0.000219047 0.000583919 0.00762606 24
0.000219005 0.00058293 0.00782394 24
0.000219164 0.000581784 0.00772905 24
0.000219237 0.000582905 0.00753784 24
