4.74018e-06 2.63499e-05 0.012511 4002
5.1689e-06 2.65428e-05 0.010824 4002
5.92171e-06 3.28524e-05 0.0108199 4002
5.30784e-06 2.9793e-05 0.0107889 4002
5.46171e-06 3.01969e-05 0.010803 4002
4.69159e-06 2.69982e-05 0.0106359 4002
5.40923e-06 2.76328e-05 0.010735 4002
4.99322e-06 2.82584e-05 0.0105622 4002
5.20579e-06 2.74587e-05 0.011081 4002
4.5547e-06 2.65855e-05 0.010967 4002
4.88264e-06 2.97224e-05 0.01092 4002
5.20841e-06 2.94375e-05 0.0105588 4002
4.92363e-06 2.78884e-05 0.0133669 4002
5.37592e-06 2.87672e-05 0.0105648 4002
5.48508e-06 3.0358e-05 0.0105591 4002
5.95161e-06 3.20983e-05 0.0105391 4002
5.75816e-06 3.36469e-05 0.0121889 4002
4.99598e-06 2.87457e-05 0.0111291 4002
5.74484e-06 2.87471e-05 0.0106111 4002
5.2802e-06 2.72125e-05 0.01057 4002
5.1398e-06 2.7704e-05 0.0106049 4002
6.17798e-06 3.32665e-05 0.0111818 4002
5.78069e-06 3.07077e-05 0.0112751 4002
5.73148e-06 3.4607e-05 0.011153 4002
5.46206e-06 2.942e-05 0.0110989 4002
5.16526e-06 2.8937e-05 0.01126 4002
5.43572e-06 2.89195e-05 0.011256 4002
5.66812e-06 3.04986e-05 0.011168 4002
4.93838e-06 2.74289e-05 0.0112071 4002
5.85111e-06 3.05749e-05 0.0111861 4002
5.04175e-06 3.05197e-05 0.0111618 4002
5.42185e-06 2.9869e-05 0.0111861 4002
5.43419e-06 2.88165e-05 0.0111961 4002
5.35836e-06 3.12743e-05 0.0112429 4002
5.67207e-06 2.96322e-05 0.011236 4002
5.25498e-06 2.89461e-05 0.0111699 4002
5.683e-06 3.20409e-05 0.0112979 4002
5.32095e-06 3.04189e-05 0.0110471 4002
5.30606e-06 2.93309e-05 0.011272 4002
5.95064e-06 3.29824e-05 0.011693 4002
5.68022e-06 3.00383e-05 0.0105052 4002
5.52598e-06 3.02798e-05 0.0105219 4002
5.76089e-06 3.27687e-05 0.010561 4002
5.77835e-06 3.18534e-05 0.0108731 4002
5.73951e-06 3.1676e-05 0.0108252 4002
4.93695e-06 2.82049e-05 0.0106161 4002
5.39059e-06 2.84837e-05 0.0105131 4002
5.29229e-06 2.9807e-05 0.0105698 4002
5.15009e-06 2.88107e-05 0.0105572 4002
4.9323e-06 2.88122e-05 0.0104878 4002
