1.42409e-05 0.000535163 0.00839305 804
1.43322e-05 0.000507173 0.00821495 804
1.40757e-05 0.000518279 0.00820613 804
1.42438e-05 0.000517794 0.00819707 804
1.42489e-05 0.000523722 0.00823689 804
1.38523e-05 0.00051607 0.00831008 804
1.44523e-05 0.000533118 0.00848007 804
1.42103e-05 0.000525476 0.00837111 804
1.44473e-05 0.000528391 0.00856996 804
1.42349e-05 0.000541677 0.0101881 804
1.44511e-05 0.000541602 0.0103481 804
1.43152e-05 0.000542781 0.0103528 804
1.42481e-05 0.000529269 0.00830793 804
1.44176e-05 0.000556767 0.00841904 804
1.44949e-05 0.000547432 0.00840497 804
1.46885e-05 0.000531434 0.00844598 804
1.3975e-05 0.000499799 0.008461 804
1.42592e-05 0.000533727 0.00835109 804
1.40483e-05 0.000520028 0.00837183 804
1.44854e-05 0.000515145 0.00837708 804
1.40981e-05 0.000522519 0.00833392 804
1.39764e-05 0.000511778 0.00846696 804
1.43856e-05 0.000537344 0.00822496 804
1.4304e-05 0.000532901 0.00821304 804
1.35745e-05 0.000515325 0.00821686 804
1.46673e-05 0.000536762 0.0100548 804
1.3688e-05 0.000497946 0.00821781 804
1.41206e-05 0.00053316 0.0082171 804
1.40355e-05 0.000556046 0.00823188 804
1.48607e-05 0.000551057 0.008214 804
1.41098e-05 0.000502689 0.00822902 804
1.40277e-05 0.000501469 0.00820184 804
1.38953e-05 0.00051555 0.00819182 804
1.4368e-05 0.000526476 0.00833797 804
1.41832e-05 0.000511101 0.00821996 804
1.46699e-05 0.000535038 0.00829196 804
1.41184e-05 0.000551489 0.00833392 804
1.4377e-05 0.000540085 0.00970006 804
1.38568e-05 0.00049653 0.00828695 804
1.41079e-05 0.000532452 0.00823402 804
1.35097e-05 0.000486751 0.00823593 804
1.41194e-05 0.000523162 0.00820613 804
1.46042e-05 0.000539912 0.00855184 804
1.46693e-05 0.0005358 0.00824285 804
1.47421e-05 0.000537585 0.00820088 804
1.42277e-05 0.000520805 0.00831485 804
1.4449e-05 0.000539907 0.00823998 804
1.40466e-05 0.000519267 0.00825 804
1.42976e-05 0.00051638 0.00824594 804
1.38412e-05 0.000516841 0.00831795 804
