5.59103e-06 2.87238e-05 0.00928879 804
5.00396e-06 2.70686e-05 0.00929403 804
5.54654e-06 3.08125e-05 0.00934792 804
5.35885e-06 2.83646e-05 0.0114832 804
5.11596e-06 2.92878e-05 0.0109069 804
5.43999e-06 3.03998e-05 0.0108321 804
5.22521e-06 2.84552e-05 0.010499 804
5.42387e-06 3.0019e-05 0.00912404 804
5.20461e-06 2.82776e-05 0.00910211 804
5.36923e-06 2.98541e-05 0.00908113 804
5.43024e-06 2.77213e-05 0.00932693 804
5.65196e-06 2.8071e-05 0.00907898 804
5.39163e-06 3.02497e-05 0.00906706 804
5.1345e-06 2.76967e-05 0.00907612 804
4.83696e-06 2.80003e-05 0.00911307 804
5.67766e-06 2.98462e-05 0.00908899 804
5.63802e-06 3.46435e-05 0.00907803 804
5.28712e-06 3.04602e-05 0.00906992 804
5.71296e-06 2.96984e-05 0.00930381 804
5.36454e-06 2.91542e-05 0.00921082 804
5.53448e-06 2.92792e-05 0.010937 804
5.31205e-06 2.92927e-05 0.011281 804
5.46878e-06 2.87837e-05 0.00920296 804
4.9695e-06 2.8692e-05 0.00909996 804
5.8289e-06 3.24076e-05 0.00908899 804
5.43862e-06 3.06548e-05 0.00928617 804
5.85995e-06 3.16091e-05 0.00910616 804
5.41614e-06 2.99496e-05 0.00910282 804
5.43806e-06 3.14665e-05 0.00909901 804
5.51847e-06 3.15055e-05 0.00907993 804
5.23526e-06 2.94132e-05 0.00909901 804
4.98375e-06 2.89517e-05 0.00908613 804
5.49161e-06 2.90424e-05 0.00905204 804
4.87539e-06 2.67645e-05 0.00933695 804
5.48623e-06 3.04106e-05 0.00911999 804
5.73282e-06 3.17428e-05 0.0092299 804
5.28084e-06 3.05071e-05 0.00913501 804
5.32762e-06 2.97717e-05 0.00931907 804
5.23777e-06 2.90903e-05 0.00931191 804
5.22767e-06 2.837e-05 0.00934601 804
5.94466e-06 3.22339e-05 0.00909114 804
5.29859e-06 2.91049e-05 0.00934196 804
4.64568e-06 2.84224e-05 0.00908589 804
5.03916e-06 2.81789e-05 0.00911188 804
5.32863e-06 2.69863e-05 0.00930381 804
5.30901e-06 3.09524e-05 0.00912786 804
5.25951e-06 2.80788e-05 0.00912309 804
5.04281e-06 2.86569e-05 0.00932884 804
5.11673e-06 2.88786e-05 0.00935197 804
5.36296e-06 3.17363e-05 0.00933599 804
