1.05671e-05 0.000197378 0.00816178 402
1.06258e-05 0.000210832 0.0085721 402
1.06219e-05 0.000188723 0.00833607 402
1.00549e-05 0.00017822 0.00974011 402
1.01488e-05 0.000188287 0.00988007 402
9.99603e-06 0.000190613 0.00981021 402
9.90506e-06 0.000188084 0.00953007 402
1.02993e-05 0.000191559 0.00835896 402
1.01037e-05 0.000190926 0.00832891 402
9.71712e-06 0.000184412 0.00836897 402
9.59444e-06 0.000177288 0.00834608 402
9.83776e-06 0.000176955 0.008183 402
9.55055e-06 0.000177488 0.00835085 402
9.97509e-06 0.000200576 0.0083499 402
1.02616e-05 0.000189763 0.00833416 402
1.01586e-05 0.000189855 0.00837016 402
1.03816e-05 0.000195136 0.00828409 402
9.87938e-06 0.000174043 0.00835919 402
1.02639e-05 0.000182846 0.00832319 402
1.00947e-05 0.000196742 0.00838017 402
1.00685e-05 0.000179459 0.00835109 402
1.04537e-05 0.000195846 0.00827909 402
1.01855e-05 0.000180762 0.00834918 402
1.01387e-05 0.000185578 0.00836492 402
1.0103e-05 0.000185257 0.00831509 402
9.9949e-06 0.000183511 0.0083549 402
1.03316e-05 0.000199976 0.00843501 402
1.04989e-05 0.000197594 0.00836396 402
1.00704e-05 0.000191574 0.00822282 402
1.05685e-05 0.000181738 0.00837088 402
9.56834e-06 0.000176302 0.00834608 402
1.03261e-05 0.000167457 0.00829506 402
1.00551e-05 0.000186871 0.00834799 402
9.5267e-06 0.000175245 0.00838494 402
1.01025e-05 0.000196117 0.00833607 402
1.0235e-05 0.000187386 0.00832415 402
9.81531e-06 0.00017744 0.00832891 402
1.04106e-05 0.000208757 0.00832391 402
1.03644e-05 0.000199731 0.00841594 402
1.03067e-05 0.000193158 0.00833583 402
1.0233e-05 0.000179829 0.00831795 402
9.78741e-06 0.000178068 0.00840282 402
1.04289e-05 0.000181086 0.00840116 402
1.04729e-05 0.000189011 0.00825191 402
1.04685e-05 0.000195469 0.00843191 402
1.05985e-05 0.000197415 0.00843191 402
1.00944e-05 0.00018394 0.00841594 402
9.88104e-06 0.000183683 0.00834012 402
9.89078e-06 0.000176623 0.00837207 402
1.03102e-05 0.000185137 0.00832701 402
