6.51359e-06 2.33477e-05 0.00855803 54
6.88178e-06 2.29584e-05 0.00837612 54
6.65866e-06 2.45738e-05 0.00836921 54
7.05724e-06 2.44307e-05 0.00835991 54
7.1191e-06 2.45701e-05 0.00837588 54
6.30151e-06 2.29979e-05 0.00835991 54
6.45407e-06 2.33403e-05 0.00839305 54
6.47132e-06 2.32703e-05 0.00836992 54
6.93018e-06 2.46757e-05 0.00836301 54
6.81518e-06 2.46584e-05 0.00836802 54
6.59858e-06 2.39944e-05 0.00846505 54
7.05143e-06 2.4543e-05 0.00843501 54
6.78985e-06 2.48763e-05 0.00836205 54
6.68258e-06 2.29773e-05 0.00838304 54
6.38506e-06 2.30517e-05 0.00837517 54
6.07881e-06 2.27685e-05 0.00837278 54
6.65639e-06 2.38217e-05 0.0083859 54
7.07702e-06 2.49412e-05 0.00842381 54
6.50368e-06 2.34289e-05 0.0084281 54
6.3964e-06 2.30231e-05 0.00843906 54
6.56852e-06 2.40382e-05 0.00843596 54
6.90062e-06 2.41306e-05 0.00841308 54
6.74604e-06 2.4495e-05 0.0109911 54
6.99501e-06 2.44718e-05 0.00841594 54
6.32318e-06 2.29329e-05 0.00971699 54
6.50841e-06 2.36776e-05 0.0101769 54
6.56868e-06 2.3234e-05 0.0102968 54
6.4521e-06 2.37061e-05 0.00968909 54
6.63459e-06 2.39596e-05 0.00900102 54
6.71958e-06 2.40036e-05 0.00904298 54
6.91643e-06 2.40436e-05 0.00905895 54
6.63457e-06 2.34618e-05 0.00904703 54
6.48875e-06 2.29902e-05 0.00898504 54
6.77628e-06 2.30142e-05 0.00922108 54
6.68869e-06 2.29075e-05 0.009022 54
6.66134e-06 2.35438e-05 0.00911689 54
6.60143e-06 2.33079e-05 0.00892997 54
6.66493e-06 2.37597e-05 0.00920582 54
6.9907e-06 2.50579e-05 0.00966001 54
6.39461e-06 2.32616e-05 0.00911903 54
6.86597e-06 2.38595e-05 0.00899196 54
6.64819e-06 2.31887e-05 0.00908089 54
6.44267e-06 2.29715e-05 0.00904489 54
6.4026e-06 2.33255e-05 0.00905514 54
6.45432e-06 2.31496e-05 0.00898695 54
6.62374e-06 2.37092e-05 0.00910687 54
6.68903e-06 2.37228e-05 0.00901699 54
6.21324e-06 2.28671e-05 0.00918198 54
6.58769e-06 2.33448e-05 0.009197 54
6.68585e-06 2.3422e-05 0.0090661 54
