2.84417e-05 0.00574256 0.00202918 4000
2.8282e-05 0.00570266 0.00208187 4000
2.84735e-05 0.00570252 0.00207591 4000
2.82982e-05 0.00566159 0.00208807 4000
2.82943e-05 0.00565754 0.00206494 4000
2.82738e-05 0.00562495 0.00211811 4000
2.85832e-05 0.00575556 0.00205779 4000
2.86046e-05 0.00565818 0.00211096 4000
2.83505e-05 0.0057041 0.00212312 4000
2.81232e-05 0.00562169 0.00214601 4000
2.87906e-05 0.00585726 0.00199795 4000
2.8943e-05 0.0057445 0.00193596 4000
2.85453e-05 0.00566701 0.00202608 4000
2.82982e-05 0.00570664 0.00197101 4000
2.87798e-05 0.00572425 0.00205803 4000
2.77994e-05 0.0056091 0.00199389 4000
2.84302e-05 0.00571243 0.00200105 4000
2.8539e-05 0.00573985 0.00204301 4000
2.84563e-05 0.00569219 0.0019691 4000
2.86043e-05 0.00577831 0.00197506 4000
2.85164e-05 0.00570891 0.00237894 4000
2.88437e-05 0.00573935 0.00236011 4000
2.83599e-05 0.00572986 0.00203085 4000
2.83623e-05 0.00572249 0.00209999 4000
2.88254e-05 0.00577634 0.00239897 4000
2.85289e-05 0.0056742 0.00209713 4000
2.8167e-05 0.00562799 0.00214386 4000
2.87065e-05 0.00568776 0.00217605 4000
2.87594e-05 0.00582613 0.00215602 4000
2.88674e-05 0.0057984 0.00214291 4000
2.84383e-05 0.00566704 0.00208688 4000
2.83449e-05 0.00572721 0.00211787 4000
2.78196e-05 0.00548191 0.00217605 4000
2.81843e-05 0.00561783 0.00222707 4000
2.84426e-05 0.00558966 0.00214195 4000
2.8056e-05 0.00565121 0.00216317 4000
2.8857e-05 0.00565243 0.00216794 4000
2.84189e-05 0.00575471 0.00217509 4000
2.85598e-05 0.00568783 0.00216103 4000
2.92561e-05 0.00583056 0.00216389 4000
2.81901e-05 0.00565355 0.00219893 4000
2.85852e-05 0.00574132 0.00212717 4000
2.87517e-05 0.00572111 0.002069 4000
2.82741e-05 0.00563525 0.00216293 4000
2.78641e-05 0.00567036 0.00302505 4000
2.87263e-05 0.00571079 0.00214696 4000
2.86042e-05 0.00578441 0.00207686 4000
2.81795e-05 0.00573045 0.00206208 4000
2.81156e-05 0.00571848 0.00209093 4000
2.81919e-05 0.00563334 0.00209999 4000
