0.000100074 0.000260947 0.00867796 30
0.000100101 0.000260989 0.00886607 30
0.000100094 0.000260992 0.00889182 30
0.000100108 0.000261024 0.00880194 30
0.000100134 0.000260881 0.00883603 30
0.000100159 0.000261109 0.00887513 30
0.000100018 0.000261043 0.00905299 30
0.000100136 0.00026103 0.00904298 30
0.000100063 0.000260973 0.00890112 30
0.000100145 0.000261022 0.00889111 30
0.000100066 0.00026107 0.00896287 30
0.000100073 0.000261079 0.00883102 30
0.000100068 0.000261166 0.00884795 30
0.000100103 0.000261026 0.0089581 30
0.000100124 0.00026107 0.00889897 30
0.000100041 0.000260966 0.00887799 30
0.000100183 0.000260998 0.00897813 30
0.000100185 0.000261053 0.00891614 30
0.000100085 0.000261077 0.0089581 30
9.99867e-05 0.000261048 0.00896597 30
0.000100165 0.000261202 0.00897598 30
0.000100099 0.000260772 0.00895119 30
0.000100025 0.000261007 0.00895 30
0.000100085 0.000261077 0.00893712 30
0.000100141 0.000260948 0.00898719 30
0.00010012 0.000261061 0.00897408 30
0.000100064 0.000261004 0.00902796 30
0.000100083 0.000261043 0.00895715 30
0.000100092 0.000260994 0.00893521 30
0.000100006 0.000260956 0.0089612 30
0.000100154 0.00026095 0.00911093 30
0.000100052 0.000261136 0.00888109 30
0.000100189 0.000261162 0.00889301 30
0.000100103 0.000261068 0.00894713 30
0.000100121 0.000260992 0.00892019 30
0.00010006 0.000260997 0.00901604 30
9.99837e-05 0.000261024 0.00892401 30
0.00010005 0.000260964 0.00896001 30
0.000100074 0.00026108 0.00904083 30
0.000100183 0.000260984 0.0089519 30
0.000100062 0.00026081 0.00909996 30
0.000100045 0.000260762 0.00889182 30
9.99959e-05 0.00026092 0.00900888 30
0.000100111 0.000261023 0.00903487 30
0.000100167 0.00026098 0.00888801 30
0.000100054 0.000261052 0.00900793 30
0.000100121 0.000260824 0.00904799 30
0.000100078 0.000260964 0.00900197 30
9.99825e-05 0.000260925 0.00898409 30
0.000100009 0.000261102 0.00904107 30
