4.95378e-06 2.02485e-05 0.00946498 84
4.53535e-06 1.69764e-05 0.008389 84
4.78007e-06 2.05192e-05 0.00829387 84
4.56305e-06 1.76554e-05 0.00987387 84
4.99187e-06 2.07252e-05 0.00934315 84
5.08831e-06 1.73911e-05 0.00816512 84
4.41891e-06 2.04087e-05 0.00833821 84
4.66964e-06 1.61141e-05 0.00834394 84
4.27046e-06 1.57462e-05 0.00835204 84
4.49114e-06 1.87477e-05 0.00814605 84
4.47242e-06 1.73959e-05 0.00815892 84
4.44114e-06 1.76684e-05 0.00817394 84
4.1964e-06 1.66366e-05 0.00992489 84
4.40466e-06 1.80524e-05 0.00933313 84
4.37896e-06 1.78896e-05 0.00886512 84
4.52462e-06 1.70959e-05 0.00812602 84
4.9459e-06 1.67072e-05 0.00826001 84
4.3173e-06 1.87078e-05 0.0081501 84
4.26189e-06 1.58637e-05 0.00814581 84
4.40705e-06 1.88743e-05 0.0081799 84
4.92155e-06 2.12734e-05 0.00817299 84
4.76974e-06 1.77017e-05 0.00813198 84
4.60216e-06 1.57436e-05 0.0081358 84
3.80951e-06 1.88582e-05 0.00815511 84
4.26634e-06 1.75175e-05 0.00814414 84
4.35503e-06 1.64704e-05 0.00810194 84
4.88925e-06 1.75656e-05 0.00815988 84
4.70288e-06 2.20774e-05 0.00814891 84
4.97091e-06 1.89496e-05 0.00824594 84
4.50928e-06 1.68837e-05 0.00836802 84
4.34911e-06 1.68487e-05 0.00813222 84
4.71943e-06 1.88335e-05 0.00815701 84
4.05403e-06 1.44254e-05 0.00828886 84
4.70107e-06 1.95804e-05 0.00813985 84
4.35756e-06 1.80597e-05 0.00818205 84
4.48897e-06 1.67594e-05 0.00824094 84
3.99537e-06 2.33225e-05 0.00821185 84
4.52093e-06 1.70251e-05 0.00835514 84
4.92666e-06 1.94161e-05 0.0083921 84
4.66782e-06 2.00674e-05 0.00817204 84
4.21716e-06 1.61946e-05 0.00819278 84
3.67755e-06 1.79118e-05 0.00856996 84
4.60738e-06 1.75148e-05 0.00863194 84
4.63152e-06 1.74162e-05 0.00837302 84
4.1001e-06 1.86153e-05 0.00818181 84
5.01794e-06 1.6868e-05 0.00820923 84
4.11283e-06 1.52774e-05 0.00829601 84
4.93483e-06 1.74772e-05 0.00962496 84
4.65205e-06 2.08776e-05 0.00851297 84
4.41056e-06 1.62422e-05 0.00834513 84
