5.12461e-06 2.96002e-05 0.00927687 84
4.64657e-06 1.80911e-05 0.00826597 84
4.33818e-06 2.11566e-05 0.00822115 84
4.38634e-06 1.95351e-05 0.00824904 84
4.65572e-06 1.77397e-05 0.00824285 84
4.41507e-06 1.8079e-05 0.00808811 84
4.38776e-06 1.90777e-05 0.00971103 84
4.25912e-06 1.7776e-05 0.00956202 84
4.6215e-06 2.05418e-05 0.00908184 84
4.60211e-06 1.9803e-05 0.0080471 84
4.68558e-06 1.87735e-05 0.00816393 84
5.31874e-06 2.19738e-05 0.0080781 84
5.25188e-06 2.73776e-05 0.00817299 84
3.97732e-06 1.56575e-05 0.00817585 84
4.74038e-06 1.90226e-05 0.00817108 84
4.80816e-06 2.42863e-05 0.00821185 84
4.36966e-06 2.171e-05 0.00813103 84
4.82115e-06 1.78669e-05 0.00821495 84
4.17466e-06 1.74244e-05 0.00813389 84
4.29946e-06 1.67552e-05 0.008461 84
5.01544e-06 2.61781e-05 0.00850677 84
5.1023e-06 2.23862e-05 0.00820994 84
5.0538e-06 2.0796e-05 0.00818586 84
4.77555e-06 1.82163e-05 0.00827503 84
4.32872e-06 1.82508e-05 0.00826192 84
5.19575e-06 2.3312e-05 0.00823712 84
4.88247e-06 2.23046e-05 0.00833201 84
4.72474e-06 1.71608e-05 0.00840807 84
4.43632e-06 1.85513e-05 0.00822592 84
4.83714e-06 1.86255e-05 0.0082221 84
5.36175e-06 2.64067e-05 0.00825691 84
4.94566e-06 2.17653e-05 0.00824499 84
5.62078e-06 2.24421e-05 0.00851607 84
4.54265e-06 1.98563e-05 0.00826287 84
4.69147e-06 2.12054e-05 0.00834703 84
5.37993e-06 2.17881e-05 0.00818706 84
4.79907e-06 2.16281e-05 0.00813508 84
4.69106e-06 2.12606e-05 0.00822115 84
5.12974e-06 1.94398e-05 0.00826693 84
4.14652e-06 1.66898e-05 0.00827789 84
4.06212e-06 1.61202e-05 0.00820708 84
4.09916e-06 1.52503e-05 0.00820112 84
5.09871e-06 1.9922e-05 0.00823307 84
4.59924e-06 2.13228e-05 0.00819016 84
4.59893e-06 1.91082e-05 0.00815606 84
4.85027e-06 1.91123e-05 0.00824499 84
4.32506e-06 1.85698e-05 0.0082159 84
5.02543e-06 2.44754e-05 0.00807118 84
4.94834e-06 1.8573e-05 0.00829601 84
5.20971e-06 1.84257e-05 0.00821304 84
