1.51539e-05 5.48906e-05 0.00773191 42
1.51789e-05 5.41167e-05 0.0075531 42
1.51997e-05 6.01038e-05 0.00774097 42
1.52004e-05 5.84233e-05 0.00757599 42
1.52479e-05 5.57797e-05 0.00904703 42
1.52604e-05 5.49013e-05 0.00935912 42
1.52618e-05 5.70308e-05 0.00904989 42
1.51336e-05 5.73625e-05 0.00837183 42
1.53582e-05 5.43271e-05 0.00752592 42
1.53081e-05 5.60951e-05 0.00778508 42
1.52651e-05 5.6743e-05 0.00899792 42
1.5234e-05 5.61366e-05 0.00753784 42
1.51955e-05 5.89185e-05 0.00754189 42
1.53098e-05 5.57161e-05 0.00753689 42
1.51498e-05 5.60274e-05 0.00751185 42
1.52205e-05 5.55315e-05 0.00778198 42
1.5208e-05 5.54563e-05 0.00754786 42
1.52157e-05 5.78655e-05 0.00757098 42
1.54184e-05 5.87192e-05 0.00754595 42
1.50525e-05 5.71669e-05 0.00753403 42
1.50686e-05 5.4388e-05 0.00752306 42
1.51463e-05 5.57436e-05 0.00771618 42
1.52405e-05 5.634e-05 0.00756788 42
1.5186e-05 5.54925e-05 0.0075469 42
1.53246e-05 5.70026e-05 0.00777602 42
1.50718e-05 5.48323e-05 0.00753593 42
1.50244e-05 5.418e-05 0.00754309 42
1.52866e-05 5.71755e-05 0.00754213 42
1.52685e-05 5.7208e-05 0.00777411 42
1.50424e-05 5.49348e-05 0.00756001 42
1.51464e-05 5.49627e-05 0.00754213 42
1.51934e-05 5.4652e-05 0.00755405 42
1.53419e-05 5.65678e-05 0.00757504 42
1.52461e-05 5.80551e-05 0.00752306 42
1.50982e-05 5.56895e-05 0.00762916 42
1.49567e-05 5.46462e-05 0.00757194 42
1.52185e-05 5.49292e-05 0.00759602 42
1.51091e-05 5.42995e-05 0.00766301 42
1.50688e-05 5.53214e-05 0.00766683 42
1.50682e-05 5.47177e-05 0.0075841 42
1.50918e-05 5.74851e-05 0.00784993 42
1.52423e-05 5.84336e-05 0.00762606 42
1.5224e-05 5.59876e-05 0.00766301 42
1.50987e-05 5.58535e-05 0.00763893 42
1.51522e-05 5.62668e-05 0.00758791 42
1.53021e-05 5.55328e-05 0.0077641 42
1.52906e-05 5.55199e-05 0.0076201 42
1.50483e-05 5.53778e-05 0.00763988 42
1.51822e-05 5.42459e-05 0.00760698 42
1.50377e-05 5.92606e-05 0.00754905 42
