4.00699e-06 1.37699e-05 0.00522304
3.03462e-06 1.08767e-05 0.00523591
3.73132e-06 1.38503e-05 0.00521994
3.67648e-06 9.91468e-06 0.00525093
3.70657e-06 1.16138e-05 0.00522709
3.8036e-06 1.14109e-05 0.00525498
4.06103e-06 1.37038e-05 0.00522089
3.78668e-06 1.37217e-05 0.00521612
3.54427e-06 1.11711e-05 0.00521493
3.34069e-06 1.18527e-05 0.00521898
3.80031e-06 1.18854e-05 0.00521111
3.5823e-06 1.20544e-05 0.00524402
3.8641e-06 1.36592e-05 0.00525117
3.39274e-06 1.23301e-05 0.00522017
4.08119e-06 1.21347e-05 0.005229
4.07584e-06 1.46656e-05 0.00523686
4.1894e-06 1.23902e-05 0.00525093
4.33311e-06 1.41895e-05 0.00522304
3.74301e-06 1.24389e-05 0.00521708
3.92793e-06 1.10343e-05 0.00521398
3.99854e-06 1.32693e-05 0.00521517
3.45892e-06 1.13702e-05 0.00524211
4.07788e-06 1.41883e-05 0.0052371
3.20878e-06 1.09722e-05 0.00523686
3.73522e-06 1.21625e-05 0.00522113
3.14863e-06 9.63211e-06 0.00522709
3.97477e-06 1.24809e-05 0.0052321
3.90792e-06 1.33098e-05 0.00529003
3.80382e-06 1.33543e-05 0.00525093
4.066e-06 1.29357e-05 0.00523114
3.38903e-06 1.08677e-05 0.00524211
3.32414e-06 1.20058e-05 0.0052278
3.68544e-06 1.27909e-05 0.00524807
3.61276e-06 1.27159e-05 0.00524402
4.18406e-06 1.26607e-05 0.00522614
3.49342e-06 1.13572e-05 0.00522304
3.35415e-06 1.08413e-05 0.00529099
4.09497e-06 1.5542e-05 0.00524902
4.32351e-06 1.55623e-05 0.00525904
3.99175e-06 1.32502e-05 0.0052588
3.87195e-06 1.39977e-05 0.0052309
3.11422e-06 1.12903e-05 0.00523496
3.75483e-06 1.21303e-05 0.00522089
3.77827e-06 1.37996e-05 0.00524998
3.60237e-06 1.2117e-05 0.00522304
3.76693e-06 1.43347e-05 0.00523686
3.18529e-06 1.00845e-05 0.00523186
3.78634e-06 1.29347e-05 0.00523496
2.98101e-06 1.27436e-05 0.00526285
3.13212e-06 1.1166e-05 0.00528312
