5.56775e-06 2.86364e-05 0.00497794 806
5.00634e-06 2.70981e-05 0.00501299 806
5.53613e-06 3.07835e-05 0.00552511 806
5.36313e-06 2.844e-05 0.0065012 806
5.11063e-06 2.92395e-05 0.00599813 806
5.44573e-06 3.03566e-05 0.00596404 806
5.22161e-06 2.84929e-05 0.00497103 806
5.43062e-06 3.00274e-05 0.0049789 806
5.19712e-06 2.82823e-05 0.00496912 806
5.37609e-06 2.9895e-05 0.00498199 806
5.43593e-06 2.77726e-05 0.00498915 806
5.63952e-06 2.8042e-05 0.00499296 806
5.37951e-06 3.01608e-05 0.00497317 806
5.13744e-06 2.781e-05 0.00499511 806
4.83808e-06 2.80154e-05 0.00498605 806
5.66416e-06 2.98826e-05 0.00496817 806
5.63173e-06 3.46225e-05 0.00586605 806
5.28053e-06 3.04888e-05 0.00499105 806
5.7128e-06 2.96886e-05 0.00498605 806
5.36441e-06 2.91522e-05 0.00599003 806
5.53516e-06 2.92373e-05 0.00615501 806
5.28965e-06 2.92179e-05 0.00501299 806
5.46312e-06 2.87923e-05 0.00496578 806
4.95376e-06 2.86835e-05 0.00497007 806
5.8228e-06 3.24015e-05 0.00503206 806
5.42315e-06 3.05339e-05 0.00501084 806
5.86221e-06 3.15759e-05 0.00496793 806
5.41586e-06 2.99901e-05 0.00498891 806
5.43793e-06 3.14781e-05 0.00497103 806
5.51667e-06 3.14924e-05 0.005018 806
5.22855e-06 2.93661e-05 0.00497603 806
4.99507e-06 2.90368e-05 0.00498891 806
5.49489e-06 2.90634e-05 0.00498009 806
4.879e-06 2.67743e-05 0.00498104 806
5.49274e-06 3.04853e-05 0.00498891 806
5.73361e-06 3.17953e-05 0.00498986 806
5.28918e-06 3.05275e-05 0.00500822 806
5.32408e-06 2.99575e-05 0.00500107 806
5.23682e-06 2.89561e-05 0.00500202 806
5.21921e-06 2.83438e-05 0.00497103 806
5.94565e-06 3.225e-05 0.00499296 806
5.29976e-06 2.91332e-05 0.00511813 806
4.65179e-06 2.85048e-05 0.00497794 806
5.0403e-06 2.79871e-05 0.00508809 806
5.32706e-06 2.69877e-05 0.005018 806
5.31212e-06 3.09044e-05 0.00498199 806
5.25984e-06 2.80955e-05 0.00498796 806
5.03374e-06 2.85372e-05 0.0050211 806
5.11573e-06 2.89577e-05 0.00504184 806
5.36414e-06 3.15829e-05 0.00501204 806
