8.60367e-06 0.00014176 0.00573301
7.73415e-06 0.000130951 0.00579786
8.65238e-06 0.000147083 0.00624204
8.69307e-06 0.000143447 0.00588083
8.66583e-06 0.000144039 0.00584507
8.69911e-06 0.000143194 0.00580287
8.29645e-06 0.000137889 0.0064888
9.8444e-06 0.000167733 0.007797
8.32803e-06 0.000134898 0.00644493
8.47706e-06 0.00014118 0.00549102
8.67395e-06 0.000146832 0.00571108
9.47049e-06 0.000157846 0.00577998
8.11695e-06 0.000136617 0.00572109
9.09751e-06 0.000151552 0.00591087
8.03402e-06 0.000130823 0.00579095
8.5348e-06 0.000143446 0.00615716
8.71111e-06 0.000149754 0.00575209
8.76639e-06 0.000143053 0.00553179
8.70185e-06 0.000155214 0.00584507
8.56612e-06 0.000129065 0.00581789
8.15706e-06 0.000141476 0.00591397
8.37176e-06 0.000140588 0.00574279
8.87548e-06 0.000153327 0.0058651
9.29428e-06 0.000159661 0.00586891
9.23473e-06 0.000156334 0.00570488
8.82657e-06 0.000146041 0.00572109
8.53372e-06 0.000143479 0.00583911
8.48134e-06 0.000149737 0.00580716
9.26584e-06 0.000158664 0.00577688
9.64725e-06 0.000154382 0.00580096
8.45158e-06 0.000141454 0.00572896
9.53263e-06 0.000158191 0.00572681
8.49019e-06 0.000134099 0.00588799
8.95203e-06 0.00014472 0.00644708
9.22258e-06 0.000155584 0.00592303
8.49275e-06 0.000144064 0.0060041
8.75327e-06 0.000142445 0.00575399
8.58408e-06 0.000146922 0.00591493
8.81368e-06 0.00015503 0.00589395
8.90808e-06 0.000147992 0.00579214
8.9781e-06 0.000147613 0.00589299
8.87987e-06 0.000151748 0.00554299
9.3906e-06 0.000150858 0.00571895
8.33534e-06 0.000132484 0.00599599
9.27405e-06 0.000152855 0.00585794
8.66086e-06 0.000145049 0.00586319
8.16298e-06 0.000135705 0.00587106
9.10816e-06 0.000151003 0.00581694
8.83542e-06 0.000148687 0.00572991
8.51262e-06 0.000139223 0.00589585
