9.55961e-06 0.000172237 0.00684404
9.64049e-06 0.000179778 0.00674891
9.75117e-06 0.000169443 0.00703597
9.73198e-06 0.000183271 0.00708103
9.49146e-06 0.00016456 0.00688004
1.00688e-05 0.000172361 0.00686288
9.54861e-06 0.000175912 0.00713801
9.69668e-06 0.00017762 0.00678396
9.65327e-06 0.000177229 0.00685906
1.00468e-05 0.000177488 0.00703597
1.02105e-05 0.000178974 0.00680399
9.74481e-06 0.000177083 0.00685501
9.68734e-06 0.000175617 0.00703502
9.8635e-06 0.000174095 0.00683784
9.74231e-06 0.000164206 0.00689292
9.01826e-06 0.000160371 0.00698709
9.61086e-06 0.000169622 0.00711489
9.6191e-06 0.00016996 0.00679207
1.00993e-05 0.000170891 0.00682497
1.01044e-05 0.000179842 0.00679207
9.92046e-06 0.000161361 0.00692105
9.51377e-06 0.000163561 0.00684094
9.84759e-06 0.000187438 0.00693512
9.62092e-06 0.000173577 0.0082469
9.77059e-06 0.00018054 0.00904608
1.00795e-05 0.000187874 0.00774002
9.16308e-06 0.000165917 0.00658107
1.03737e-05 0.000189718 0.006567
9.98097e-06 0.000183494 0.00654387
9.29793e-06 0.000162815 0.00656009
1.01443e-05 0.00018003 0.00656104
9.88167e-06 0.00017969 0.00750184
1.03297e-05 0.000189648 0.00670099
1.00283e-05 0.00018464 0.00656295
9.49249e-06 0.000169272 0.00655603
9.81419e-06 0.000173023 0.00675797
9.41733e-06 0.000168986 0.00656319
9.83161e-06 0.000183658 0.00659204
9.61599e-06 0.000181731 0.00655508
9.20512e-06 0.000160088 0.00679684
9.84457e-06 0.000175743 0.00679302
9.69383e-06 0.000182537 0.00678492
9.61604e-06 0.000178772 0.00675297
9.86376e-06 0.000178287 0.00730991
1.0311e-05 0.000180068 0.00812292
9.30881e-06 0.000175437 0.00808501
1.01622e-05 0.000185276 0.00862098
9.59733e-06 0.00017118 0.00750613
1.043e-05 0.000175234 0.00669694
1.06475e-05 0.000191344 0.00684381
