4.77872e-06 1.772e-05 0.00361586 86
4.51806e-06 1.74661e-05 0.00368094 86
4.17554e-06 1.63565e-05 0.00370312 86
4.32117e-06 1.50612e-05 0.00382113 86
4.56152e-06 1.57187e-05 0.00372601 86
4.39867e-06 1.75354e-05 0.00370812 86
4.4216e-06 1.79712e-05 0.00430393 86
4.18433e-06 1.60494e-05 0.00417709 86
4.66456e-06 1.85397e-05 0.00360918 86
4.58685e-06 1.85053e-05 0.00370502 86
4.62197e-06 1.79863e-05 0.00370216 86
5.27151e-06 2.11015e-05 0.00368094 86
4.98972e-06 1.78136e-05 0.00374603 86
3.96791e-06 1.56218e-05 0.00366902 86
4.61778e-06 1.84694e-05 0.00367188 86
4.57756e-06 1.5125e-05 0.00369215 86
4.29412e-06 1.77563e-05 0.00369501 86
4.75512e-06 1.77935e-05 0.0037539 86
4.15549e-06 1.73437e-05 0.00373483 86
4.29561e-06 1.80005e-05 0.00390506 86
4.80538e-06 1.88668e-05 0.00380802 86
5.02483e-06 2.10882e-05 0.00366902 86
4.90701e-06 1.84488e-05 0.00379395 86
4.71378e-06 1.77048e-05 0.00376391 86
4.30931e-06 1.57547e-05 0.00374079 86
4.81707e-06 2.09145e-05 0.00374198 86
4.70094e-06 2.08194e-05 0.00381589 86
4.73372e-06 1.79292e-05 0.00374484 86
4.40083e-06 1.86508e-05 0.00375915 86
4.8004e-06 1.95743e-05 0.00370312 86
5.33789e-06 2.3502e-05 0.00370097 86
4.96604e-06 2.18539e-05 0.00373101 86
5.59242e-06 2.21217e-05 0.00367904 86
4.52361e-06 1.86266e-05 0.00371599 86
4.63435e-06 2.05981e-05 0.00378704 86
5.30431e-06 2.15386e-05 0.00372005 86
4.5875e-06 1.67324e-05 0.00370288 86
4.50063e-06 1.67192e-05 0.00370789 86
4.98985e-06 1.7963e-05 0.00368404 86
4.10171e-06 1.63515e-05 0.00376511 86
4.1138e-06 1.60706e-05 0.00371599 86
4.13143e-06 1.67073e-05 0.00371289 86
5.08417e-06 2.03319e-05 0.00373888 86
4.53518e-06 1.75656e-05 0.00370407 86
4.57239e-06 1.81149e-05 0.00372291 86
4.82928e-06 1.91583e-05 0.00371194 86
4.28175e-06 1.73782e-05 0.00374484 86
4.96853e-06 2.15423e-05 0.00376606 86
5.01419e-06 1.60404e-05 0.00371408 86
5.08226e-06 1.72715e-05 0.00366902 86
