7.96512e-06 0.000106331 0.00497198
7.31728e-06 0.000100807 0.00494385
7.35559e-06 0.000108058 0.00521588
7.85551e-06 0.000114572 0.00520492
7.61899e-06 0.000116677 0.00515604
7.57278e-06 0.000107637 0.00552583
6.89271e-06 9.78688e-05 0.00517511
7.17378e-06 9.88998e-05 0.00526595
6.89107e-06 9.72697e-05 0.00503993
7.47106e-06 0.000101876 0.00491691
7.56066e-06 0.000112825 0.00441313
7.0273e-06 9.76563e-05 0.00434017
6.99081e-06 9.99652e-05 0.00492311
7.07016e-06 0.000103848 0.00491405
7.00624e-06 9.97313e-05 0.00437093
7.02921e-06 0.000113039 0.00437021
7.48834e-06 0.000116257 0.00435996
7.43169e-06 0.000116157 0.00435591
7.79129e-06 0.000113221 0.00505805
6.92504e-06 9.68716e-05 0.00449514
7.56207e-06 0.000110293 0.00437117
7.94366e-06 0.000112754 0.00445986
7.62601e-06 0.000114699 0.00447106
7.47412e-06 0.000103559 0.00445294
8.39557e-06 0.000117922 0.00434589
7.26278e-06 9.58668e-05 0.00449896
7.49388e-06 0.000104912 0.00436282
7.52726e-06 0.000109454 0.00436902
7.18364e-06 0.000104056 0.00438309
7.68242e-06 0.000116062 0.00433707
7.58063e-06 0.000112797 0.00435805
7.40684e-06 0.000108326 0.00436091
6.8733e-06 0.000103011 0.004354
7.39366e-06 0.000107043 0.00435305
7.10701e-06 9.83901e-05 0.00434518
7.74129e-06 0.000111813 0.00435996
7.20801e-06 0.000117616 0.00434804
7.43231e-06 0.000102165 0.00435185
7.08546e-06 0.000105843 0.00434303
7.124e-06 0.000104216 0.00434709
7.62138e-06 0.000104108 0.00434899
7.44814e-06 0.000102686 0.00434899
7.61806e-06 0.000102112 0.00435305
7.73701e-06 0.000112566 0.00436711
7.73219e-06 0.00011062 0.00435305
7.12293e-06 9.88798e-05 0.00436115
6.83173e-06 0.000105246 0.00437307
7.67696e-06 0.000115241 0.00436115
7.38658e-06 0.000106536 0.00433803
7.38672e-06 0.000103727 0.00436401
