3.69383e-06 6.08793e-06 0.00340915
6.15593e-06 9.18287e-06 0.00348496
5.42133e-06 8.41727e-06 0.00345206
3.53887e-06 6.07415e-06 0.00347614
4.53739e-06 6.886e-06 0.00347018
4.01173e-06 6.64573e-06 0.00349283
3.55812e-06 6.65377e-06 0.00348401
6.19557e-06 8.62556e-06 0.00346613
8.42825e-06 1.13323e-05 0.00347996
3.798e-06 7.02617e-06 0.00346494
5.95929e-06 9.21157e-06 0.00348115
5.7117e-06 9.35534e-06 0.00351715
3.86127e-06 6.79079e-06 0.0034709
4.73684e-06 7.85719e-06 0.00350213
6.16735e-06 1.17509e-05 0.00347805
6.05003e-06 9.11426e-06 0.00347686
4.43402e-06 6.97009e-06 0.00348711
6.4232e-06 1.1748e-05 0.00348496
6.90152e-06 1.07411e-05 0.00346923
3.28588e-06 5.02778e-06 0.003479
6.89139e-06 1.0251e-05 0.00356197
4.71543e-06 7.31092e-06 0.00350499
5.56659e-06 8.35805e-06 0.00349712
6.0404e-06 9.38039e-06 0.00348806
3.18859e-06 4.83843e-06 0.00437522
5.37462e-06 8.27118e-06 0.00389385
3.76693e-06 5.83167e-06 0.00339818
5.5999e-06 8.20386e-06 0.00348902
5.76188e-06 9.66076e-06 0.00348592
4.08829e-06 6.42759e-06 0.00355291
4.70953e-06 1.03642e-05 0.0035429
5.31312e-06 7.73295e-06 0.00355911
7.6099e-06 1.08563e-05 0.00352287
6.53188e-06 1.00072e-05 0.00355697
6.16735e-06 8.54738e-06 0.00353193
4.95725e-06 7.58771e-06 0.00355291
4.80818e-06 8.16147e-06 0.00354099
4.94321e-06 8.36114e-06 0.00349188
5.06701e-06 9.36687e-06 0.00356078
4.49544e-06 6.10056e-06 0.00354385
5.13425e-06 6.98556e-06 0.00356507
8.06306e-06 1.07596e-05 0.00348616
4.75733e-06 6.96823e-06 0.00347805
6.79615e-06 9.99217e-06 0.00353098
3.47898e-06 5.06608e-06 0.00351214
5.93767e-06 1.01769e-05 0.00356007
6.10244e-06 7.76984e-06 0.00347495
6.82124e-06 1.05786e-05 0.00356603
4.25606e-06 6.08822e-06 0.0035789
3.19841e-06 5.47054e-06 0.00359297
