4.73664e-06 2.51527e-05 0.006464
5.0929e-06 2.51676e-05 0.00647497
4.14815e-06 1.84091e-05 0.00577593
4.67059e-06 2.28263e-05 0.00577593
4.61982e-06 2.20428e-05 0.00578594
4.67167e-06 2.25597e-05 0.00580096
5.06293e-06 2.2857e-05 0.005826
3.97427e-06 2.12778e-05 0.00577784
4.49883e-06 1.96749e-05 0.00576401
4.97195e-06 2.29229e-05 0.00591993
4.26592e-06 2.18492e-05 0.00579786
4.6347e-06 2.16761e-05 0.00580096
4.81999e-06 2.20123e-05 0.00577784
4.07321e-06 2.24131e-05 0.00577617
3.92863e-06 2.06529e-05 0.00578308
4.67271e-06 2.28575e-05 0.00576878
4.6056e-06 2.3477e-05 0.00578904
5.07498e-06 2.30992e-05 0.00582504
4.49244e-06 2.20849e-05 0.00579405
4.76229e-06 2.15036e-05 0.00580311
4.66376e-06 2.07792e-05 0.00578499
4.44171e-06 2.22876e-05 0.00578308
4.63536e-06 2.57855e-05 0.00580311
4.32782e-06 2.08256e-05 0.00578094
4.56845e-06 2.06913e-05 0.00580287
4.6343e-06 1.85243e-05 0.00578499
4.32426e-06 1.9945e-05 0.00577307
4.9581e-06 2.26056e-05 0.0058229
4.3315e-06 1.86018e-05 0.00578022
4.54957e-06 2.22271e-05 0.00578523
4.65221e-06 2.22468e-05 0.00576901
4.79712e-06 2.2203e-05 0.00578713
4.65775e-06 2.236e-05 0.00580287
5.0142e-06 2.24364e-05 0.00579214
4.55544e-06 2.29182e-05 0.00580311
4.42714e-06 2.04189e-05 0.0057919
5.06489e-06 2.57688e-05 0.00580287
4.4684e-06 1.81177e-05 0.00577903
5.11123e-06 2.24534e-05 0.00580907
4.26227e-06 2.03442e-05 0.006984
4.56885e-06 2.18252e-05 0.00580883
4.66366e-06 2.20982e-05 0.00580812
4.34794e-06 2.06307e-05 0.00578809
4.23665e-06 2.18197e-05 0.0057869
4.3049e-06 1.99937e-05 0.00578594
4.51511e-06 2.16022e-05 0.00578308
4.07889e-06 1.9844e-05 0.00587296
5.12918e-06 2.4925e-05 0.00644898
4.44386e-06 1.96902e-05 0.00580406
4.62051e-06 2.2955e-05 0.00579715
