9.90762e-06 0.000172596 0.00652289
9.27259e-06 0.000166142 0.00655603
1.04614e-05 0.000183869 0.00659823
1.03081e-05 0.000186171 0.00663495
1.02731e-05 0.000168464 0.00658202
1.03316e-05 0.000190806 0.00663996
9.84121e-06 0.000184787 0.00660896
1.02231e-05 0.000176786 0.00650501
9.93868e-06 0.000190605 0.00660586
1.09991e-05 0.000190862 0.00660419
9.31941e-06 0.000168691 0.0066452
1.01658e-05 0.000179228 0.006675
1.06118e-05 0.000193113 0.00675893
1.01673e-05 0.000194892 0.00866389
1.0354e-05 0.000190929 0.0107548
1.00467e-05 0.000188592 0.00667906
1.04852e-05 0.000184001 0.00667691
9.84617e-06 0.000181164 0.00661516
1.05845e-05 0.000181083 0.00664711
9.91665e-06 0.000181953 0.00659013
1.00822e-05 0.000182055 0.0066011
1.01807e-05 0.000182902 0.00655508
1.00391e-05 0.000180635 0.00664592
1.06984e-05 0.000191901 0.00651097
1.08861e-05 0.000209211 0.006603
1.03345e-05 0.000192713 0.00658894
9.90573e-06 0.000186568 0.00658917
9.50896e-06 0.000169674 0.00665092
1.00735e-05 0.000198149 0.00657892
9.85538e-06 0.000176585 0.00657201
1.02511e-05 0.000187792 0.00662398
1.01161e-05 0.000180719 0.00725198
1.03057e-05 0.000192653 0.00757194
9.6654e-06 0.00017453 0.00662684
1.0158e-05 0.000189151 0.00671101
1.02244e-05 0.000185217 0.00670195
9.95468e-06 0.00018905 0.00658202
1.01699e-05 0.000188507 0.00662303
9.37808e-06 0.000171165 0.00659394
1.01294e-05 0.000184131 0.00656509
9.70807e-06 0.000176443 0.00657797
1.03553e-05 0.000195201 0.00644207
9.92965e-06 0.000178293 0.00657797
1.02143e-05 0.000192355 0.00655317
9.78963e-06 0.000179483 0.00669289
1.00697e-05 0.000180532 0.00678515
9.85463e-06 0.000179983 0.00671792
9.4416e-06 0.000182259 0.00651503
1.02525e-05 0.000187156 0.00660396
9.48736e-06 0.000170596 0.00658107
