3.00701e-05 0.00511715 0.00570416 4006
3.02082e-05 0.00510595 0.00574803 4006
3.01803e-05 0.00513181 0.00571799 4006
3.03795e-05 0.00508333 0.00577593 4006
2.96944e-05 0.00501119 0.00580502 4006
3.00542e-05 0.00507974 0.00565696 4006
2.99276e-05 0.00500694 0.00575614 4006
2.94092e-05 0.00490404 0.0057261 4006
3.0127e-05 0.00525725 0.00574899 4006
2.95071e-05 0.00500094 0.00570083 4006
2.9639e-05 0.00506525 0.00573206 4006
3.06257e-05 0.00516727 0.00578618 4006
2.92896e-05 0.00489318 0.00577402 4006
2.96897e-05 0.00501746 0.00573421 4006
3.02049e-05 0.00514905 0.00576615 4006
2.952e-05 0.00502066 0.00573802 4006
2.9976e-05 0.00497985 0.00571513 4006
2.97752e-05 0.00502678 0.005723 4006
2.93211e-05 0.00493307 0.00578403 4006
3.03596e-05 0.00500348 0.00574803 4006
2.95918e-05 0.0049967 0.00575995 4006
2.9596e-05 0.00501129 0.00574684 4006
3.08133e-05 0.00514902 0.00574088 4006
3.0125e-05 0.00510322 0.00574398 4006
2.96374e-05 0.00501803 0.00576711 4006
3.01678e-05 0.00507223 0.00578308 4006
3.01722e-05 0.00508262 0.00568891 4006
2.97656e-05 0.00501971 0.00575018 4006
3.00005e-05 0.00506373 0.00580001 4006
2.98018e-05 0.0050097 0.00576305 4006
3.03583e-05 0.00501202 0.00572205 4006
2.9555e-05 0.0049482 0.00574708 4006
2.96157e-05 0.00493657 0.005867 4006
2.97124e-05 0.00500563 0.00571799 4006
3.01428e-05 0.00504071 0.00573492 4006
2.91101e-05 0.00489956 0.00569391 4006
3.00115e-05 0.00494862 0.00570393 4006
2.99762e-05 0.00496545 0.0058372 4006
3.00683e-05 0.00500541 0.00574088 4006
2.9561e-05 0.00495262 0.00573993 4006
2.98889e-05 0.00499009 0.00576496 4006
3.00339e-05 0.00495151 0.00568986 4006
3.06689e-05 0.00510471 0.00573587 4006
3.01379e-05 0.00503437 0.00567508 4006
2.97443e-05 0.00503684 0.0057168 4006
2.97927e-05 0.00501595 0.00567198 4006
3.0027e-05 0.00496542 0.00578713 4006
2.9215e-05 0.0049698 0.00526309 4006
2.95332e-05 0.00493581 0.00566721 4006
2.97641e-05 0.0050779 0.00568104 4006
