4.2807e-06 1.73316e-05 0.0036459 86
4.54791e-06 1.76976e-05 0.00365591 86
3.80879e-06 1.37675e-05 0.00363302 86
4.09799e-06 1.40368e-05 0.00357294 86
4.87165e-06 1.88424e-05 0.00369501 86
4.53227e-06 1.64882e-05 0.00367999 86
4.4211e-06 1.47387e-05 0.00371885 86
4.70379e-06 1.74385e-05 0.00366497 86
4.18257e-06 1.72917e-05 0.00418401 86
5.00894e-06 1.74957e-05 0.00378895 86
4.32935e-06 1.68561e-05 0.00380802 86
5.14548e-06 1.774e-05 0.00384188 86
4.75452e-06 1.70645e-05 0.00387096 86
5.17961e-06 1.8145e-05 0.00386 86
4.2583e-06 1.5197e-05 0.00379896 86
4.69739e-06 1.78861e-05 0.00377607 86
4.26868e-06 1.53355e-05 0.00376987 86
4.63532e-06 1.80706e-05 0.0038681 86
4.86223e-06 1.81185e-05 0.00386882 86
4.35379e-06 1.63341e-05 0.00387216 86
4.63605e-06 1.51452e-05 0.00387788 86
4.01884e-06 1.49294e-05 0.00388193 86
4.68982e-06 1.67318e-05 0.00387597 86
4.27265e-06 1.53588e-05 0.00384903 86
3.96558e-06 1.47343e-05 0.00377202 86
4.3913e-06 1.88983e-05 0.00387216 86
4.84892e-06 1.87982e-05 0.00384092 86
4.04216e-06 1.49346e-05 0.0038681 86
4.60125e-06 1.47092e-05 0.00389791 86
5.49614e-06 1.93764e-05 0.00387406 86
4.33473e-06 1.65037e-05 0.00385594 86
4.90333e-06 1.83682e-05 0.0038929 86
4.91077e-06 2.01298e-05 0.00388193 86
4.54691e-06 1.84396e-05 0.00390005 86
3.7264e-06 1.71765e-05 0.0038631 86
4.8581e-06 1.99575e-05 0.00389695 86
4.52385e-06 1.69722e-05 0.00387597 86
4.7229e-06 1.75157e-05 0.00387907 86
4.53828e-06 1.6449e-05 0.00388408 86
4.98756e-06 1.63436e-05 0.00416398 86
3.83274e-06 1.32957e-05 0.00358987 86
4.58942e-06 1.77324e-05 0.00360203 86
5.08271e-06 1.88764e-05 0.00358295 86
4.35286e-06 1.55251e-05 0.00359893 86
5.29017e-06 1.77917e-05 0.00359988 86
4.56489e-06 1.75346e-05 0.00361395 86
5.52477e-06 2.06544e-05 0.00367689 86
4.23389e-06 1.70872e-05 0.00359797 86
4.22608e-06 1.39376e-05 0.00358415 86
5.25066e-06 1.65934e-05 0.00363302 86
