4.2374e-06 1.48117e-05 0.00715899 86
3.88648e-06 1.17848e-05 0.00721502 86
3.74763e-06 1.14643e-05 0.006387 86
3.57158e-06 1.0485e-05 0.00638604 86
4.04519e-06 1.64431e-05 0.00642204 86
3.72401e-06 1.23211e-05 0.0063951 86
4.33866e-06 1.40649e-05 0.00636601 86
4.03999e-06 1.51469e-05 0.00640106 86
3.87635e-06 1.36059e-05 0.00636697 86
4.84433e-06 1.65372e-05 0.00640297 86
3.87126e-06 1.39446e-05 0.00637913 86
4.09981e-06 1.15419e-05 0.006387 86
3.7311e-06 1.13395e-05 0.00637388 86
3.8739e-06 1.32039e-05 0.00640893 86
4.27774e-06 1.26409e-05 0.00641513 86
3.80316e-06 1.36186e-05 0.00640392 86
4.43844e-06 1.52745e-05 0.00637984 86
3.85571e-06 1.34726e-05 0.00638795 86
4.11378e-06 1.277e-05 0.00640297 86
3.28789e-06 1.16363e-05 0.00640988 86
3.52081e-06 1.16445e-05 0.00637484 86
3.8272e-06 1.38145e-05 0.00646687 86
3.69467e-06 1.04839e-05 0.006387 86
4.90242e-06 1.48833e-05 0.00639009 86
4.17436e-06 1.27659e-05 0.00640392 86
4.26216e-06 1.53943e-05 0.006428 86
3.75616e-06 1.36803e-05 0.00638294 86
3.79744e-06 1.21631e-05 0.00637484 86
4.16091e-06 1.29498e-05 0.00638199 86
4.27701e-06 1.38192e-05 0.00642681 86
3.89663e-06 1.1553e-05 0.00637913 86
4.30468e-06 1.35253e-05 0.00639915 86
3.94096e-06 1.32917e-05 0.00637484 86
4.52912e-06 1.82781e-05 0.00637794 86
4.03836e-06 1.26309e-05 0.00639296 86
3.95358e-06 1.36751e-05 0.00639987 86
3.50082e-06 1.1459e-05 0.00691295 86
4.61692e-06 1.59611e-05 0.00777006 86
3.74439e-06 1.13869e-05 0.00762701 86
3.39673e-06 9.66945e-06 0.00785613 86
3.89997e-06 1.25845e-05 0.00643587 86
4.80931e-06 1.28036e-05 0.00653887 86
4.05496e-06 1.40771e-05 0.007581 86
4.12665e-06 1.3547e-05 0.00640297 86
4.19129e-06 1.45137e-05 0.00639987 86
4.30717e-06 1.32652e-05 0.00661016 86
3.88603e-06 1.0376e-05 0.00637603 86
3.92533e-06 1.36809e-05 0.0066669 86
4.2198e-06 1.23826e-05 0.00668907 86
3.77507e-06 1.02151e-05 0.00669694 86
