1.39524e-05 0.000539347 0.00336599 804
1.42738e-05 0.000563387 0.00325394 804
1.41507e-05 0.000543482 0.00298119 804
1.50424e-05 0.000552289 0.00303793 804
1.46487e-05 0.000554767 0.0030241 804
1.44221e-05 0.000555903 0.00302386 804
1.3977e-05 0.000542663 0.00306797 804
1.36805e-05 0.000507522 0.00304413 804
1.45706e-05 0.000553615 0.00303698 804
1.45504e-05 0.000544936 0.00298715 804
1.42072e-05 0.000523276 0.00305104 804
1.43695e-05 0.000534024 0.00306511 804
1.45334e-05 0.000520856 0.0030551 804
1.35791e-05 0.000510219 0.00306201 804
1.43433e-05 0.000542255 0.00302792 804
1.46374e-05 0.000546284 0.00307202 804
1.41822e-05 0.000519163 0.00307298 804
1.42697e-05 0.000522193 0.00314808 804
1.40616e-05 0.000533407 0.00303698 804
1.45086e-05 0.000536453 0.00306797 804
1.4539e-05 0.000536586 0.00302792 804
1.46454e-05 0.000568633 0.0030601 804
1.39723e-05 0.000515182 0.00311112 804
1.45475e-05 0.000551828 0.00301313 804
1.38679e-05 0.000537449 0.00305104 804
1.44291e-05 0.000544318 0.00316978 804
1.46378e-05 0.000536126 0.00338602 804
1.37908e-05 0.000514919 0.00300503 804
1.45086e-05 0.000544462 0.00308299 804
1.421e-05 0.000525666 0.00314379 804
1.43423e-05 0.00053143 0.003088 804
1.43811e-05 0.000562122 0.00307393 804
1.47162e-05 0.000543236 0.00310302 804
1.44886e-05 0.000548985 0.00310493 804
1.44066e-05 0.000557802 0.00306296 804
1.44722e-05 0.000556311 0.00306797 804
1.51245e-05 0.000563335 0.00307322 804
1.41784e-05 0.000514556 0.00307107 804
1.38986e-05 0.000532512 0.00307298 804
1.39972e-05 0.000529456 0.00308585 804
1.44871e-05 0.000520202 0.00308585 804
1.37644e-05 0.000533046 0.00308704 804
1.38739e-05 0.000535759 0.00305891 804
1.44004e-05 0.000558371 0.00306988 804
1.40441e-05 0.000527357 0.00307202 804
1.39859e-05 0.000547182 0.00307393 804
1.3644e-05 0.000528107 0.00307393 804
1.45894e-05 0.000554622 0.00305486 804
1.45881e-05 0.000557269 0.00308108 804
1.4488e-05 0.000539098 0.00307488 804
