8.47023e-06 0.000138246 0.00318003
8.30576e-06 0.000124594 0.00324297
8.94798e-06 0.000144823 0.00331712
8.70886e-06 0.000137512 0.00369883
8.01753e-06 0.00012969 0.00606108
8.83587e-06 0.000145265 0.00373316
8.83297e-06 0.00014549 0.00376201
8.46208e-06 0.000139419 0.00366783
8.63717e-06 0.000147497 0.00307512
8.10048e-06 0.00012784 0.00371313
8.09542e-06 0.000137164 0.00349903
8.74267e-06 0.0001437 0.00310802
8.74897e-06 0.000138611 0.00310397
8.56567e-06 0.000130846 0.00307393
8.65335e-06 0.000145377 0.00308299
8.10426e-06 0.000137265 0.00311399
8.48789e-06 0.000136358 0.00307703
8.26095e-06 0.000144155 0.00307512
8.68107e-06 0.000135448 0.003093
8.80404e-06 0.000144639 0.0030849
8.40011e-06 0.000143689 0.003093
8.84177e-06 0.000145827 0.00308323
8.69319e-06 0.000146278 0.00310683
9.01649e-06 0.000147993 0.00308204
8.91316e-06 0.000150649 0.00316596
8.37006e-06 0.000136657 0.00308895
8.71804e-06 0.000143724 0.00309181
8.26488e-06 0.000129123 0.00310206
8.34169e-06 0.000139841 0.00309896
8.01036e-06 0.00014 0.00308013
8.63035e-06 0.000137709 0.00311208
8.12523e-06 0.000133548 0.00312805
9.27974e-06 0.000157757 0.00308299
9.38167e-06 0.000155591 0.00308514
8.51166e-06 0.000133058 0.003196
9.15899e-06 0.00014901 0.00328612
9.09017e-06 0.000160629 0.00310302
8.86604e-06 0.000136033 0.003088
8.35157e-06 0.00012692 0.00309896
8.99378e-06 0.000150461 0.00308585
9.00092e-06 0.000137362 0.00308108
8.92441e-06 0.000152693 0.0030849
9.11834e-06 0.000158561 0.00310802
8.29261e-06 0.000140636 0.00307298
8.00342e-06 0.000130695 0.00308108
9.14724e-06 0.000148783 0.003088
7.80902e-06 0.000132343 0.00312996
8.21847e-06 0.000133524 0.00325298
8.15453e-06 0.00013251 0.00308299
8.62303e-06 0.000146109 0.00307298
