9.12513e-06 0.000147653 0.00548697
8.73015e-06 0.000137433 0.005512
8.83486e-06 0.000148843 0.00653601
9.26966e-06 0.00015178 0.00605106
8.7349e-06 0.000154426 0.00605011
9.05653e-06 0.000152606 0.00549483
8.91106e-06 0.000143727 0.00548887
8.79925e-06 0.000142728 0.00646305
9.19803e-06 0.000151634 0.0079
9.62839e-06 0.000157218 0.0058291
8.99311e-06 0.000139186 0.00612903
8.65132e-06 0.000136703 0.00606585
9.06604e-06 0.000151256 0.00612998
8.77338e-06 0.000144712 0.00620508
8.94668e-06 0.000152893 0.00618386
1.00576e-05 0.00016662 0.00616503
8.97568e-06 0.000141757 0.00619817
9.35542e-06 0.00015403 0.00616789
9.07462e-06 0.00015334 0.00616908
8.92758e-06 0.000149744 0.00621605
9.14832e-06 0.000153578 0.00614691
8.99803e-06 0.000155489 0.00613594
9.01514e-06 0.000148313 0.00625706
9.07055e-06 0.00014665 0.00617695
9.42311e-06 0.000149142 0.00620389
1.03011e-05 0.000178016 0.00620699
8.9073e-06 0.000158755 0.00623512
8.78282e-06 0.000151273 0.00629807
9.47082e-06 0.000166736 0.00619698
9.54642e-06 0.00015889 0.00624299
8.86614e-06 0.000151204 0.0062139
8.74877e-06 0.000146065 0.00606704
9.80193e-06 0.000169812 0.00621486
9.56352e-06 0.00015673 0.00611305
9.37948e-06 0.000152931 0.00615215
1.00328e-05 0.00016607 0.006109
9.26198e-06 0.000151218 0.00614285
9.2987e-06 0.000148759 0.00616407
8.5684e-06 0.000141414 0.00607991
8.97195e-06 0.00014355 0.00618792
9.71004e-06 0.000161294 0.00615406
9.29502e-06 0.000156359 0.00616002
9.26939e-06 0.000153992 0.00608706
9.25497e-06 0.000156117 0.00606585
8.96748e-06 0.00014596 0.00617599
9.07499e-06 0.000155708 0.00609708
9.17333e-06 0.000147366 0.00611591
8.77093e-06 0.000150064 0.00609803
8.93665e-06 0.000147147 0.00611711
9.13806e-06 0.000144972 0.0061202
