1.00954e-05 0.000183801 0.00324702
1.04309e-05 0.000204581 0.00318003
1.0231e-05 0.000186547 0.00317097
1.00457e-05 0.000189214 0.00337291
1.00753e-05 0.000199253 0.00318503
1.01766e-05 0.000200285 0.00309706
1.04227e-05 0.000188856 0.00297499
9.87044e-06 0.000184793 0.00325799
9.17068e-06 0.000168771 0.00325108
1.0408e-05 0.000193884 0.00323915
1.01376e-05 0.000190477 0.00325584
9.7046e-06 0.000176182 0.00500512
1.01072e-05 0.000187407 0.00342798
1.04967e-05 0.000205013 0.00345397
1.01461e-05 0.000194887 0.00290084
1.06906e-05 0.000204677 0.00318885
9.55842e-06 0.000174885 0.00317907
9.65899e-06 0.000187835 0.0031569
1.0166e-05 0.000195096 0.00314307
1.05295e-05 0.000192257 0.00319219
1.01426e-05 0.000194638 0.00319505
9.91971e-06 0.000184549 0.00317502
9.46821e-06 0.000185607 0.00317383
9.92323e-06 0.000188292 0.00318098
1.03962e-05 0.000177239 0.00317407
1.0507e-05 0.000191077 0.00318909
9.89769e-06 0.000186729 0.00316405
9.59826e-06 0.000177951 0.00319099
9.53213e-06 0.000169908 0.00321484
1.00808e-05 0.000190053 0.00316906
1.00941e-05 0.000181777 0.00318313
1.06298e-05 0.000200903 0.00318217
9.92492e-06 0.000186514 0.00318694
1.00505e-05 0.000189197 0.00321817
9.92351e-06 0.000189283 0.00318313
1.04857e-05 0.000194257 0.00318003
9.7114e-06 0.000181591 0.00329781
9.9341e-06 0.000188352 0.00315404
1.03104e-05 0.000199451 0.00316
1.04908e-05 0.000190331 0.003268
1.05365e-05 0.000202557 0.00328612
1.03235e-05 0.000190332 0.00314403
9.92463e-06 0.000179753 0.00316787
1.01174e-05 0.000182341 0.00316715
9.79793e-06 0.000196974 0.00328517
9.91366e-06 0.000190663 0.00322199
1.05123e-05 0.000195255 0.00326204
1.03676e-05 0.000198486 0.00328016
1.01177e-05 0.000199585 0.0032568
9.58251e-06 0.000168507 0.00325298
