9.74285e-06 0.00018626 0.00305796 404
1.00113e-05 0.000183047 0.00298786 404
1.06016e-05 0.000193251 0.00310302 404
1.04324e-05 0.000197818 0.00307989 404
9.23007e-06 0.000179759 0.00307798 404
9.87534e-06 0.000184644 0.00308108 404
9.48024e-06 0.000175519 0.00299716 404
9.79244e-06 0.000178394 0.00308204 404
9.78714e-06 0.000180005 0.00304914 404
9.62677e-06 0.000186579 0.00308108 404
9.93498e-06 0.000187176 0.00311589 404
1.00295e-05 0.000182838 0.0030911 404
1.01663e-05 0.000183822 0.00358295 404
1.02611e-05 0.000186412 0.00360799 404
9.59439e-06 0.000168666 0.00346708 404
9.70305e-06 0.000180544 0.00303006 404
1.04731e-05 0.00019136 0.00301695 404
1.01197e-05 0.000192107 0.00307298 404
1.00919e-05 0.000193419 0.00310111 404
9.3049e-06 0.000166852 0.00308108 404
9.77463e-06 0.000193287 0.00303602 404
9.68131e-06 0.000176643 0.00308704 404
1.02694e-05 0.000180581 0.00308299 404
1.02089e-05 0.000188684 0.00306702 404
1.02771e-05 0.000201959 0.00310802 404
1.05728e-05 0.000198041 0.00308585 404
1.04506e-05 0.000193863 0.00307989 404
1.02068e-05 0.00018778 0.00307584 404
9.81448e-06 0.000188234 0.00314903 404
1.0231e-05 0.000188353 0.00307298 404
1.0497e-05 0.000206926 0.0030601 404
1.04938e-05 0.000187268 0.00310802 404
1.07575e-05 0.000202662 0.00313306 404
9.54144e-06 0.000177421 0.00306702 404
9.51396e-06 0.000173967 0.0030899 404
1.03474e-05 0.000200262 0.00309896 404
9.55163e-06 0.000177383 0.00308299 404
1.01148e-05 0.000188934 0.00308108 404
9.70531e-06 0.000186718 0.00311589 404
1.00018e-05 0.000194173 0.00306296 404
1.01703e-05 0.000207862 0.00308204 404
1.02486e-05 0.000191425 0.00308585 404
9.95323e-06 0.000198141 0.00313807 404
1.0514e-05 0.000193938 0.00307298 404
9.90866e-06 0.000196945 0.0030601 404
9.96161e-06 0.000191019 0.00303912 404
1.01918e-05 0.000205432 0.00311685 404
1.00475e-05 0.00018075 0.00314713 404
1.02101e-05 0.000191635 0.00308609 404
1.02402e-05 0.000191988 0.00307703 404
