7.83671e-06 0.000105434 0.00678682
7.49018e-06 0.000111664 0.00678897
7.77947e-06 0.000109436 0.00680494
7.67331e-06 0.000112989 0.00661683
7.33439e-06 0.000108645 0.00647402
7.47033e-06 0.000111476 0.00661993
7.38305e-06 0.000106629 0.00643897
7.63504e-06 0.000111142 0.00570989
7.53178e-06 0.000105869 0.00570703
7.25161e-06 0.000102847 0.00568986
7.69932e-06 0.000111769 0.00572705
7.36615e-06 0.000115743 0.00568509
7.78945e-06 0.000113486 0.00570798
7.3564e-06 0.000102299 0.00570083
7.38951e-06 0.00010378 0.00573111
7.65287e-06 0.000115247 0.00569296
7.30107e-06 0.000104204 0.00572705
7.54857e-06 0.000107049 0.00570989
7.43983e-06 0.000106409 0.00570917
7.23995e-06 0.000109094 0.00569987
7.00059e-06 9.8605e-05 0.0056951
7.32027e-06 0.000103148 0.00571084
6.99569e-06 9.79468e-05 0.00571585
7.80473e-06 0.000116725 0.00571299
7.72155e-06 0.000108427 0.00570703
7.05929e-06 0.00010281 0.00569701
7.00918e-06 0.00010052 0.00569797
6.94699e-06 0.000100752 0.00569606
7.23216e-06 0.0001041 0.00570011
7.33782e-06 0.00010018 0.00568891
7.69273e-06 0.000110489 0.00569296
7.47128e-06 0.000103995 0.00574899
7.42746e-06 0.000100659 0.00571394
7.84336e-06 0.000113182 0.00568509
7.63887e-06 0.000106412 0.0056982
7.469e-06 0.000106769 0.00571108
7.41404e-06 0.000100466 0.00570393
7.9263e-06 0.000111533 0.00571108
7.01894e-06 9.97166e-05 0.00571012
7.57387e-06 0.000113924 0.00571704
7.33291e-06 0.000104832 0.00570416
6.93893e-06 0.000103452 0.00570703
7.12022e-06 9.8073e-05 0.0057199
7.13525e-06 0.000104699 0.00570822
7.72628e-06 0.000104628 0.00569892
7.38342e-06 0.000110829 0.00571704
7.4037e-06 9.74439e-05 0.00571394
7.20743e-06 9.30938e-05 0.00570202
7.53732e-06 0.000115563 0.00572085
7.60983e-06 0.000108754 0.00576711
