4.27754e-06 2.73632e-05 0.00404096 804
4.6796e-06 3.63046e-05 0.00417185 804
5.00533e-06 4.11288e-05 0.00418687 804
4.99868e-06 4.90705e-05 0.00417089 804
4.45819e-06 5.22546e-05 0.00412798 804
4.78982e-06 3.03193e-05 0.00417399 804
5.03429e-06 3.89629e-05 0.00416803 804
4.265e-06 3.09671e-05 0.00418401 804
5.34959e-06 4.03848e-05 0.00414419 804
4.7043e-06 4.46737e-05 0.00417209 804
4.86052e-06 3.97776e-05 0.004179 804
4.35624e-06 2.21159e-05 0.00412893 804
4.22622e-06 4.1953e-05 0.00417805 804
4.54128e-06 3.07702e-05 0.00415611 804
4.75967e-06 5.12228e-05 0.0039649 804
4.5604e-06 2.83974e-05 0.00398183 804
4.79394e-06 3.20438e-05 0.00405788 804
5.2594e-06 4.25492e-05 0.00402594 804
4.89451e-06 3.26708e-05 0.00405312 804
4.66178e-06 4.45008e-05 0.00407314 804
5.03255e-06 3.61805e-05 0.00408006 804
5.3195e-06 3.98287e-05 0.00407004 804
4.57709e-06 2.86751e-05 0.00405788 804
4.27907e-06 4.11411e-05 0.00408506 804
4.57318e-06 3.88569e-05 0.00408792 804
4.94439e-06 3.10139e-05 0.0040729 804
5.19247e-06 4.65936e-05 0.0040741 804
4.80204e-06 3.99902e-05 0.00409293 804
4.66942e-06 2.74863e-05 0.00404787 804
4.77591e-06 3.95978e-05 0.00410104 804
4.32434e-06 3.17883e-05 0.00406098 804
4.11742e-06 2.76687e-05 0.00409102 804
4.76873e-06 5.83907e-05 0.00408506 804
4.56456e-06 3.93787e-05 0.00406599 804
4.83251e-06 3.13908e-05 0.00408602 804
4.37313e-06 4.09324e-05 0.00406098 804
4.54026e-06 4.34621e-05 0.00407386 804
5.15079e-06 3.48639e-05 0.00407887 804
4.93474e-06 8.00331e-05 0.00406504 804
4.35134e-06 3.06629e-05 0.0040729 804
4.20993e-06 4.49592e-05 0.0040729 804
4.39453e-06 3.69405e-05 0.00376701 804
4.92482e-06 5.56093e-05 0.00377297 804
4.11276e-06 3.14644e-05 0.00379491 804
5.31702e-06 4.78009e-05 0.00381804 804
4.76655e-06 4.52393e-05 0.00378203 804
4.85967e-06 2.70309e-05 0.00381589 804
4.82881e-06 3.45576e-05 0.00378489 804
4.8987e-06 3.11796e-05 0.00388193 804
4.85318e-06 4.70481e-05 0.00385189 804
