4.74418e-06 2.63432e-05 0.0113561 4006
5.16629e-06 2.65083e-05 0.0102191 4006
5.91876e-06 3.28273e-05 0.00977683 4006
5.30946e-06 2.97926e-05 0.00974798 4006
5.45935e-06 3.02068e-05 0.00978613 4006
4.69433e-06 2.70372e-05 0.00977302 4006
5.40496e-06 2.76342e-05 0.00977898 4006
4.99744e-06 2.82829e-05 0.00978208 4006
5.20388e-06 2.75042e-05 0.0099721 4006
4.55562e-06 2.65932e-05 0.00987196 4006
4.87602e-06 2.96939e-05 0.00982094 4006
5.20676e-06 2.94577e-05 0.0127611 4006
4.91365e-06 2.80543e-05 0.0100658 4006
5.36985e-06 2.8707e-05 0.0097549 4006
5.474e-06 3.02002e-05 0.00976491 4006
5.94709e-06 3.20892e-05 0.0101631 4006
5.74703e-06 3.36258e-05 0.00976896 4006
5.00641e-06 2.88204e-05 0.00993013 4006
5.74702e-06 2.88104e-05 0.00988603 4006
5.28585e-06 2.72245e-05 0.00998592 4006
5.1403e-06 2.77086e-05 0.00981808 4006
6.17675e-06 3.32702e-05 0.0101299 4006
5.77814e-06 3.06989e-05 0.010334 4006
5.72806e-06 3.45234e-05 0.010313 4006
5.46446e-06 2.94428e-05 0.0103941 4006
5.15956e-06 2.88864e-05 0.0101662 4006
5.43664e-06 2.89593e-05 0.010247 4006
5.66657e-06 3.04934e-05 0.0101681 4006
4.94031e-06 2.74779e-05 0.0101948 4006
5.8525e-06 3.05752e-05 0.0103052 4006
5.04438e-06 3.05158e-05 0.0104589 4006
5.41937e-06 2.98798e-05 0.0104129 4006
5.42683e-06 2.86992e-05 0.010443 4006
5.35193e-06 3.12414e-05 0.0102952 4006
5.66e-06 2.96176e-05 0.01033 4006
5.25259e-06 2.89193e-05 0.010391 4006
5.68153e-06 3.21045e-05 0.010294 4006
5.31928e-06 3.03911e-05 0.0103431 4006
5.30588e-06 2.93952e-05 0.01038 4006
5.94452e-06 3.29635e-05 0.00969577 4006
5.68036e-06 3.00996e-05 0.00971413 4006
5.52965e-06 3.03555e-05 0.0097158 4006
5.76656e-06 3.28906e-05 0.00978208 4006
5.77763e-06 3.18389e-05 0.0101259 4006
5.75143e-06 3.1727e-05 0.00972509 4006
4.9367e-06 2.81912e-05 0.00968885 4006
5.39337e-06 2.84905e-05 0.00969219 4006
5.29369e-06 2.98215e-05 0.00972605 4006
5.15011e-06 2.87779e-05 0.00971699 4006
4.9169e-06 2.87499e-05 0.00968504 4006
