4.96916e-06 2.86536e-05 0.00483704 406
5.70389e-06 3.12916e-05 0.00501299 406
5.73658e-06 3.17843e-05 0.00497508 406
6.11873e-06 3.1191e-05 0.00487399 406
5.98718e-06 3.32272e-05 0.00428891 406
5.73076e-06 3.08754e-05 0.00514889 406
4.91374e-06 2.73958e-05 0.00498319 406
5.2261e-06 3.04565e-05 0.00429702 406
4.72305e-06 2.85366e-05 0.00427985 406
5.48398e-06 2.91764e-05 0.00444007 406
4.47107e-06 2.54246e-05 0.00442791 406
5.71362e-06 3.12278e-05 0.00431991 406
5.55685e-06 3.081e-05 0.00429296 406
5.36972e-06 2.92488e-05 0.00432014 406
5.61538e-06 3.05306e-05 0.004282 406
5.07839e-06 2.97655e-05 0.00429606 406
5.36286e-06 2.88216e-05 0.00429583 406
5.53641e-06 3.03373e-05 0.00431108 406
5.48077e-06 2.99655e-05 0.00428915 406
5.49577e-06 2.88525e-05 0.0043149 406
4.83563e-06 2.72569e-05 0.00430584 406
5.2794e-06 2.84614e-05 0.00430799 406
5.14339e-06 2.77089e-05 0.00430298 406
5.36887e-06 2.89893e-05 0.00429797 406
5.66839e-06 3.14687e-05 0.00441718 406
5.002e-06 3.03049e-05 0.00457501 406
5.51058e-06 3.03309e-05 0.00431705 406
5.85293e-06 3.20688e-05 0.004287 406
5.17671e-06 2.73924e-05 0.00428987 406
5.50075e-06 3.09308e-05 0.00429106 406
5.48656e-06 3.00193e-05 0.00430512 406
5.04023e-06 2.9085e-05 0.00441194 406
5.23933e-06 2.89603e-05 0.00429606 406
5.31322e-06 2.75315e-05 0.00429916 406
5.18338e-06 2.99276e-05 0.00428081 406
4.92523e-06 2.6873e-05 0.00434899 406
5.22318e-06 2.64711e-05 0.004287 406
5.15527e-06 3.03884e-05 0.00429893 406
5.29936e-06 2.76982e-05 0.00432777 406
5.21473e-06 3.03278e-05 0.00429392 406
5.21584e-06 3.14701e-05 0.00429702 406
5.09782e-06 2.8855e-05 0.00430322 406
4.87491e-06 2.67945e-05 0.00429893 406
5.5378e-06 2.81525e-05 0.00433087 406
5.86915e-06 3.32063e-05 0.0042851 406
5.90752e-06 3.01131e-05 0.00429201 406
4.74341e-06 2.74552e-05 0.004287 406
5.39796e-06 3.0079e-05 0.00430799 406
5.35028e-06 2.9171e-05 0.00438809 406
4.6654e-06 2.71255e-05 0.00432515 406
