8.99589e-06 0.00016597 0.00721598
8.57283e-06 0.000161585 0.00718808
8.09934e-06 0.00014406 0.00732398
8.80112e-06 0.000156953 0.00781393
8.48706e-06 0.000150022 0.00792503
8.35636e-06 0.000149473 0.00801706
8.68576e-06 0.000158819 0.007833
9.24609e-06 0.000164027 0.00689006
8.10604e-06 0.00015128 0.00713491
8.87329e-06 0.000156865 0.00906205
8.3107e-06 0.000148713 0.00805807
8.90193e-06 0.000159176 0.00781703
8.83624e-06 0.000162359 0.00802994
8.20163e-06 0.000139314 0.00720787
8.6158e-06 0.000144297 0.00811696
9.4154e-06 0.000165781 0.00811911
8.82218e-06 0.000155162 0.00792789
8.63385e-06 0.000154466 0.00762105
8.38562e-06 0.000149338 0.00780106
8.35965e-06 0.000155903 0.00758505
8.81206e-06 0.000150568 0.00693202
9.28685e-06 0.000169011 0.00692821
9.03225e-06 0.000159467 0.0069561
8.61838e-06 0.000150714 0.00692606
8.62743e-06 0.000160961 0.00692081
9.0036e-06 0.000155767 0.006953
8.52254e-06 0.000148075 0.00692797
8.88575e-06 0.000152957 0.00699091
9.01992e-06 0.000177716 0.00693202
9.17902e-06 0.000168822 0.00694394
8.81671e-06 0.000148096 0.00692201
8.23741e-06 0.000138917 0.00694895
8.58608e-06 0.000143136 0.00690293
9.11583e-06 0.000153683 0.00693488
9.23542e-06 0.000160961 0.00996804
8.58061e-06 0.00014071 0.00827289
8.3679e-06 0.000149636 0.00785685
9.11552e-06 0.000156375 0.00753593
8.50295e-06 0.000149218 0.00792599
8.77467e-06 0.000154799 0.00778604
9.0388e-06 0.000157785 0.00693798
9.02304e-06 0.000155358 0.00701594
9.21668e-06 0.000166504 0.00690508
8.61613e-06 0.00015246 0.00696898
8.51744e-06 0.00016466 0.00799322
8.11116e-06 0.000139647 0.00694704
8.78975e-06 0.000151788 0.00691199
8.65161e-06 0.000149859 0.00696492
9.26686e-06 0.000161182 0.00692701
8.68395e-06 0.00015166 0.00692797
