2.56211e-06 4.7509e-06 0.00334907
2.61339e-06 4.97753e-06 0.0033381
3.46252e-06 6.84732e-06 0.00334311
3.18358e-06 5.09613e-06 0.00342798
3.17378e-06 5.52912e-06 0.00337195
3.2471e-06 5.37617e-06 0.00335693
2.30081e-06 3.96373e-06 0.00333405
2.20825e-06 3.74075e-06 0.00334311
3.85996e-06 5.73108e-06 0.00335002
2.80886e-06 6.34308e-06 0.00335503
2.50036e-06 4.54561e-06 0.00337887
2.81354e-06 4.61435e-06 0.00336099
2.86968e-06 5.45963e-06 0.00335002
2.76419e-06 5.37209e-06 0.00334096
2.78295e-06 5.47458e-06 0.003371
2.82328e-06 5.66452e-06 0.00334406
3.08e-06 5.07111e-06 0.00335002
2.66654e-06 4.70467e-06 0.00335193
2.93703e-06 6.01885e-06 0.00337195
3.23059e-06 5.19459e-06 0.00336695
2.44122e-06 4.73861e-06 0.00334883
3.1303e-06 4.98228e-06 0.003371
2.75248e-06 5.65536e-06 0.00336599
2.80559e-06 4.66093e-06 0.00340104
2.62105e-06 4.8082e-06 0.00341606
2.25225e-06 4.26846e-06 0.00335598
2.81747e-06 5.99521e-06 0.00336194
2.65393e-06 4.59491e-06 0.00335503
3.20784e-06 7.01693e-06 0.00334907
3.07037e-06 6.06556e-06 0.00336599
3.00613e-06 6.5513e-06 0.00334001
2.59298e-06 6.07129e-06 0.00352001
2.88339e-06 5.28876e-06 0.0033772
2.89471e-06 5.49306e-06 0.00336599
2.79161e-06 5.15013e-06 0.00334287
3.05723e-06 6.55499e-06 0.00340605
3.03974e-06 5.77628e-06 0.00337005
3.07824e-06 6.03567e-06 0.003371
2.91927e-06 6.12346e-06 0.00338697
2.57536e-06 5.36641e-06 0.00338101
3.26495e-06 6.64298e-06 0.00334382
2.48343e-06 5.54681e-06 0.00336599
3.07134e-06 4.65011e-06 0.00336409
3.2006e-06 5.58149e-06 0.00340581
3.05489e-06 5.26052e-06 0.00336003
3.15885e-06 5.5145e-06 0.00338101
3.03742e-06 4.6416e-06 0.00334787
3.12216e-06 6.29548e-06 0.00335693
2.63241e-06 4.89917e-06 0.00337386
2.7623e-06 5.08169e-06 0.00336099
