4.73376e-06 1.93784e-05 0.00293899 84
4.65207e-06 1.91664e-05 0.00294805 84
5.34457e-06 1.94845e-05 0.00295687 84
4.11133e-06 1.6449e-05 0.00298095 84
4.62979e-06 1.74117e-05 0.00298595 84
3.7212e-06 1.26515e-05 0.00293994 84
4.76419e-06 1.70664e-05 0.00299096 84
4.41924e-06 1.5369e-05 0.00298405 84
4.25865e-06 1.54091e-05 0.00289011 84
3.94797e-06 1.24417e-05 0.00292706 84
4.39869e-06 1.80301e-05 0.00290608 84
4.62241e-06 1.88971e-05 0.00290704 84
5.27285e-06 1.91326e-05 0.00296903 84
4.39623e-06 1.73584e-05 0.00297189 84
4.69486e-06 1.91468e-05 0.00292802 84
4.7966e-06 1.74537e-05 0.0029242 84
5.02037e-06 1.86e-05 0.00301218 84
4.81055e-06 2.00274e-05 0.00293398 84
4.59002e-06 1.79177e-05 0.00297618 84
4.54861e-06 1.43855e-05 0.00294089 84
4.36208e-06 1.64027e-05 0.00295305 84
4.85107e-06 1.86236e-05 0.00320005 84
4.45468e-06 1.63845e-05 0.00323391 84
4.7073e-06 1.86137e-05 0.00299501 84
4.73047e-06 2.00764e-05 0.00295305 84
4.32621e-06 1.43477e-05 0.00294805 84
4.58737e-06 1.63537e-05 0.0029552 84
4.25899e-06 1.74082e-05 0.00297403 84
4.52765e-06 1.65961e-05 0.00297308 84
5.28884e-06 1.99387e-05 0.00297403 84
4.44627e-06 1.81657e-05 0.00300407 84
4.57202e-06 1.64986e-05 0.00297999 84
4.53129e-06 1.6723e-05 0.00296378 84
4.83112e-06 1.60838e-05 0.00296593 84
4.28151e-06 1.73568e-05 0.00295806 84
4.78981e-06 1.69475e-05 0.00296187 84
4.83179e-06 1.88499e-05 0.00295806 84
5.20519e-06 2.11383e-05 0.00297093 84
4.97066e-06 1.95053e-05 0.00298691 84
4.50834e-06 1.73107e-05 0.00297904 84
5.12374e-06 1.92672e-05 0.00295281 84
4.72679e-06 1.98074e-05 0.00302315 84
4.845e-06 1.8638e-05 0.00300288 84
4.55713e-06 1.7234e-05 0.00301194 84
4.62222e-06 1.67572e-05 0.0029819 84
4.20846e-06 1.38146e-05 0.00296497 84
4.08551e-06 1.51766e-05 0.00298905 84
4.86379e-06 1.98456e-05 0.00304008 84
4.95745e-06 1.90203e-05 0.00297403 84
5.38347e-06 2.2103e-05 0.00298095 84
