7.25366e-06 9.88988e-05 0.00670886
7.07191e-06 0.000105274 0.00681496
7.22097e-06 9.65738e-05 0.00691104
7.80126e-06 0.000106133 0.00703692
7.76594e-06 0.000112678 0.00682306
7.39285e-06 9.69972e-05 0.00687099
7.75889e-06 0.000103417 0.007195
7.54294e-06 0.000102026 0.00687885
7.52492e-06 0.000108594 0.00725198
7.32136e-06 9.63568e-05 0.00688601
7.18966e-06 9.72176e-05 0.00691509
7.77131e-06 0.00011225 0.00696206
7.47091e-06 0.000100484 0.00702906
7.16929e-06 9.40847e-05 0.00823903
7.5783e-06 9.47135e-05 0.00674391
6.86864e-06 8.69446e-05 0.00631881
7.19683e-06 0.000100628 0.00634313
7.15507e-06 0.000104808 0.00638485
7.53272e-06 9.89621e-05 0.00634003
7.02203e-06 9.76839e-05 0.00650406
7.27511e-06 0.000106716 0.00639296
7.09459e-06 0.000103146 0.00643802
7.40392e-06 9.5847e-05 0.00638413
6.96685e-06 9.53908e-05 0.006217
7.11461e-06 9.84084e-05 0.00691605
7.64277e-06 0.000111153 0.00706291
7.29327e-06 9.88349e-05 0.00720787
7.40531e-06 0.000101016 0.00708318
7.78378e-06 0.000107051 0.00707698
7.56829e-06 0.000104657 0.00712681
7.48514e-06 0.000109834 0.00725603
7.21413e-06 9.84079e-05 0.00701499
6.74329e-06 8.65968e-05 0.00719714
6.83763e-06 9.39989e-05 0.00708508
7.53772e-06 0.000104981 0.00703907
7.7217e-06 0.000106029 0.00711513
7.80081e-06 0.000109519 0.00718188
7.53518e-06 0.000117089 0.00711489
7.10739e-06 9.81327e-05 0.00739479
7.44156e-06 9.81719e-05 0.00716496
8.21343e-06 0.000101595 0.00715995
7.37706e-06 0.000108295 0.00708795
7.33754e-06 9.72913e-05 0.00705194
7.20588e-06 9.30029e-05 0.00711513
7.05632e-06 9.43569e-05 0.00713491
6.85147e-06 9.9477e-05 0.00706005
7.00987e-06 0.000100058 0.00700998
7.31163e-06 0.000102328 0.00705791
7.56533e-06 9.40575e-05 0.00705504
8.10456e-06 0.000110761 0.00709701
