7.83842e-06 0.000109329 0.0056479
7.70605e-06 0.000106612 0.00564098
7.67335e-06 0.000100689 0.00566506
7.25719e-06 0.000102698 0.0056262
7.44382e-06 0.000103824 0.00563502
8.11035e-06 0.000113475 0.00563908
7.02403e-06 9.8948e-05 0.00671697
7.2576e-06 9.73568e-05 0.00620294
7.24967e-06 0.000107185 0.00620794
7.88319e-06 0.000107469 0.00565195
7.96439e-06 0.000109244 0.005862
7.43414e-06 0.000100848 0.00660491
7.32254e-06 0.000108537 0.00651693
7.97719e-06 0.00010718 0.00564003
7.40972e-06 0.000101505 0.00564408
7.27526e-06 0.0001036 0.00564003
7.18573e-06 0.000112064 0.00562692
7.7968e-06 0.000112342 0.005651
7.39526e-06 0.000103091 0.00563192
8.03745e-06 0.000105478 0.00563002
7.38223e-06 0.00010626 0.00567198
7.77823e-06 0.000113083 0.00565386
7.22239e-06 0.000102564 0.00565815
7.17992e-06 9.4725e-05 0.00564384
7.41234e-06 9.87479e-05 0.005656
7.40675e-06 9.67941e-05 0.00562978
7.54433e-06 0.000105038 0.00563598
7.42813e-06 0.000109306 0.00569201
7.11602e-06 9.86159e-05 0.00565696
7.57974e-06 0.000109648 0.00563383
6.96807e-06 0.000106352 0.00564408
8.21073e-06 0.000124315 0.00566006
6.74214e-06 9.84837e-05 0.00564814
7.22111e-06 0.000100723 0.00580311
6.99073e-06 9.95555e-05 0.0056169
7.66406e-06 0.000100686 0.00571203
7.60055e-06 9.89211e-05 0.00566387
7.42478e-06 0.000110029 0.0057199
7.28442e-06 0.000103904 0.00564003
7.92833e-06 0.000109403 0.00564504
7.84586e-06 0.000109246 0.00563216
6.83148e-06 0.000101334 0.00563622
7.13031e-06 0.00010436 0.0056181
8.41879e-06 0.000118907 0.005651
7.82991e-06 0.000105432 0.005651
6.8303e-06 9.28573e-05 0.00565791
6.87343e-06 0.000100712 0.00561595
7.33291e-06 0.000101324 0.00562692
7.67576e-06 0.000103349 0.00564504
6.94784e-06 9.0331e-05 0.00565982
