3.65632e-05 0.000196672 0.00269079 44
3.66476e-05 0.000196773 0.00265312 44
3.65491e-05 0.000196653 0.00267696 44
3.66052e-05 0.000196632 0.00273085 44
3.66121e-05 0.000196959 0.00273108 44
3.66189e-05 0.000196766 0.00265694 44
3.66285e-05 0.00019668 0.00274992 44
3.66255e-05 0.000196523 0.0027349 44
3.65168e-05 0.000196596 0.00269008 44
3.65108e-05 0.00019644 0.0027318 44
3.65795e-05 0.000196767 0.00275397 44
3.65369e-05 0.000196559 0.00269794 44
3.65678e-05 0.000196904 0.00270414 44
3.66607e-05 0.000196815 0.00273609 44
3.65635e-05 0.000196604 0.00272417 44
3.65729e-05 0.000196634 0.00274611 44
3.66195e-05 0.000196896 0.00274706 44
3.65568e-05 0.000196694 0.00273204 44
3.65625e-05 0.000197096 0.00273919 44
3.65656e-05 0.000196724 0.00272799 44
3.65866e-05 0.000196641 0.00274706 44
3.66061e-05 0.000196923 0.00271297 44
3.6561e-05 0.000196758 0.00269294 44
3.65709e-05 0.000196559 0.00273299 44
3.65621e-05 0.000196741 0.00272489 44
3.65663e-05 0.000196788 0.00267386 44
3.65334e-05 0.000196572 0.00270891 44
3.66125e-05 0.000196571 0.002738 44
3.65555e-05 0.000196725 0.00274396 44
3.65848e-05 0.000196557 0.00274396 44
3.66017e-05 0.000196788 0.00272083 44
3.6558e-05 0.000196705 0.00273609 44
3.64941e-05 0.000196529 0.00274086 44
3.65558e-05 0.000196724 0.00273609 44
3.65961e-05 0.000196745 0.00274801 44
3.65437e-05 0.000196285 0.00275111 44
3.66107e-05 0.000196813 0.00276589 44
3.65663e-05 0.000196654 0.00277019 44
3.65563e-05 0.000196748 0.00275612 44
3.6546e-05 0.000196532 0.00268006 44
3.66572e-05 0.000197002 0.00273705 44
3.66088e-05 0.00019671 0.00274491 44
3.65554e-05 0.000196917 0.00274801 44
3.65742e-05 0.000196755 0.00276494 44
3.65284e-05 0.00019662 0.00279188 44
3.66045e-05 0.000196895 0.002738 44
3.66252e-05 0.000196887 0.00276399 44
3.65123e-05 0.000196394 0.00289202 44
3.6574e-05 0.000196824 0.00292516 44
3.65896e-05 0.000196915 0.00296092 44
