3.10836e-05 0.0053029 0.00806093 4010
3.09842e-05 0.00520923 0.00812411 4010
3.04541e-05 0.0052275 0.00883198 4010
3.08987e-05 0.0052963 0.00982714 4010
3.05432e-05 0.00512797 0.00969601 4010
3.10857e-05 0.00536294 0.00980306 4010
3.03649e-05 0.00522077 0.00813198 4010
3.07971e-05 0.00522957 0.00814891 4010
3.05395e-05 0.00514896 0.00814199 4010
3.01901e-05 0.0052133 0.00814199 4010
3.02594e-05 0.00526361 0.00819492 4010
3.0241e-05 0.00518708 0.00814295 4010
3.03095e-05 0.00519489 0.00815511 4010
3.06064e-05 0.00525616 0.00813317 4010
3.07569e-05 0.00521088 0.00818706 4010
3.1101e-05 0.00535091 0.00815105 4010
3.07257e-05 0.00521746 0.00817394 4010
3.05856e-05 0.00514683 0.00814199 4010
3.08542e-05 0.00533727 0.00831294 4010
3.07289e-05 0.00529981 0.008147 4010
3.15119e-05 0.00537779 0.00820684 4010
3.06524e-05 0.00524422 0.00815082 4010
3.05182e-05 0.00520786 0.00813699 4010
3.08264e-05 0.00527004 0.00814819 4010
3.03161e-05 0.00523804 0.00815487 4010
3.0352e-05 0.00510018 0.00814509 4010
3.07515e-05 0.00526905 0.00818205 4010
3.06349e-05 0.0052066 0.00820589 4010
3.05947e-05 0.00521732 0.00811815 4010
3.07798e-05 0.00528894 0.00823903 4010
3.06965e-05 0.00525079 0.00816393 4010
3.05561e-05 0.00528827 0.0081811 4010
3.03395e-05 0.00533223 0.00823903 4010
2.9802e-05 0.00507105 0.00830889 4010
3.08649e-05 0.00524994 0.00815201 4010
3.06092e-05 0.00516335 0.00820494 4010
3.11767e-05 0.00530123 0.00816393 4010
3.03673e-05 0.00517636 0.00818086 4010
3.04445e-05 0.00527857 0.00815392 4010
3.08226e-05 0.00523058 0.0081439 4010
3.10371e-05 0.0052968 0.00807095 4010
3.05527e-05 0.00521394 0.0081768 4010
3.09061e-05 0.00530166 0.00828195 4010
3.08367e-05 0.00519845 0.00832319 4010
3.07183e-05 0.00522939 0.00815892 4010
3.09474e-05 0.00521787 0.00827312 4010
3.00141e-05 0.00516061 0.00820518 4010
3.08e-05 0.00534547 0.00816917 4010
3.05339e-05 0.00522413 0.00820303 4010
3.03468e-05 0.00523495 0.00812984 4010
