9.64383e-06 0.000172009 0.00639582
9.63024e-06 0.000181124 0.00644398
1.05657e-05 0.000193977 0.00640607
9.92535e-06 0.000186116 0.00641108
1.03054e-05 0.00019278 0.00644612
1.00378e-05 0.00018157 0.00641298
1.01753e-05 0.00018687 0.006428
1.0188e-05 0.000188715 0.00644493
1.05571e-05 0.000198524 0.00707603
1.0106e-05 0.000193676 0.00760484
1.03239e-05 0.000177026 0.00747108
9.68922e-06 0.000183428 0.00726295
1.03933e-05 0.00018389 0.00725508
9.62395e-06 0.000171395 0.00643897
1.0389e-05 0.000194947 0.00648403
1.02444e-05 0.000186201 0.0072
9.79948e-06 0.000181193 0.00643921
1.06484e-05 0.000183467 0.00692081
1.06768e-05 0.000206716 0.00639892
9.6567e-06 0.000178783 0.00622892
1.01942e-05 0.000191986 0.00688982
1.06647e-05 0.000202215 0.00624895
9.74068e-06 0.000178632 0.00635004
1.00763e-05 0.000189971 0.00626016
1.0575e-05 0.000195655 0.00627303
9.94159e-06 0.000181576 0.006392
9.65204e-06 0.000184448 0.00633502
9.66849e-06 0.000169568 0.00634193
1.01905e-05 0.000179681 0.00639892
1.07966e-05 0.000203273 0.00626397
1.0503e-05 0.000183792 0.0062449
1.03263e-05 0.000191204 0.00626302
1.03267e-05 0.000178194 0.00643086
9.96777e-06 0.000175738 0.00646996
9.87964e-06 0.000171871 0.00625801
1.01945e-05 0.000184018 0.0062499
9.98945e-06 0.000189034 0.00624394
9.58264e-06 0.000178671 0.00634003
1.03627e-05 0.000194483 0.0064249
1.06446e-05 0.000187124 0.00627089
9.73578e-06 0.000176391 0.00648093
9.84337e-06 0.000182724 0.00627017
1.00062e-05 0.000180536 0.00627804
9.71737e-06 0.000174308 0.00626397
9.77726e-06 0.000175027 0.00640607
9.81096e-06 0.000179614 0.00640202
1.02265e-05 0.000185916 0.00641394
1.03953e-05 0.00018694 0.00643706
1.03765e-05 0.000195103 0.00749207
9.43488e-06 0.000174139 0.00728607
