1.42798e-05 0.000538313 0.00410295 806
1.43105e-05 0.000504806 0.00413418 806
1.40683e-05 0.000518658 0.00416708 806
1.43043e-05 0.000523848 0.00416493 806
1.42435e-05 0.000522415 0.00411296 806
1.38674e-05 0.00051614 0.00416589 806
1.44697e-05 0.000534053 0.00415897 806
1.42175e-05 0.000527182 0.00420499 806
1.44953e-05 0.000533378 0.0043509 806
1.42332e-05 0.000540385 0.0048871 806
1.43887e-05 0.000537253 0.00532985 806
1.43028e-05 0.000542566 0.00410104 806
1.42606e-05 0.000528202 0.00421691 806
1.44986e-05 0.000564882 0.00416803 806
1.44733e-05 0.000546379 0.00417709 806
1.47375e-05 0.000536858 0.00416112 806
1.39752e-05 0.00050031 0.00428796 806
1.42778e-05 0.000535622 0.00419497 806
1.40542e-05 0.000520322 0.00416803 806
1.45455e-05 0.000520506 0.00416708 806
1.4047e-05 0.000517628 0.00422502 806
1.3874e-05 0.00050304 0.00418305 806
1.44044e-05 0.000538212 0.004107 806
1.4315e-05 0.000533904 0.00411987 806
1.35427e-05 0.000512083 0.00423002 806
1.46258e-05 0.000533506 0.00480819 806
1.37244e-05 0.00050075 0.00413394 806
1.41091e-05 0.000531033 0.00413513 806
1.40863e-05 0.000559921 0.00415111 806
1.48295e-05 0.000549382 0.00412989 806
1.42443e-05 0.000513727 0.00422692 806
1.40284e-05 0.00050121 0.00412011 806
1.39738e-05 0.000522625 0.00416493 806
1.43964e-05 0.000528038 0.00415015 806
1.42103e-05 0.000513005 0.00412488 806
1.46921e-05 0.000537176 0.0041151 806
1.41512e-05 0.000553577 0.0041101 806
1.43068e-05 0.000534705 0.00410795 806
1.38415e-05 0.000495302 0.00418091 806
1.4137e-05 0.000535047 0.00417805 806
1.34699e-05 0.000483859 0.00420213 806
1.41406e-05 0.000526324 0.00410104 806
1.46345e-05 0.000543477 0.00416398 806
1.46791e-05 0.000536059 0.00416803 806
1.47664e-05 0.000538531 0.00422597 806
1.42434e-05 0.00052211 0.00410199 806
1.45182e-05 0.000545224 0.00420213 806
1.4068e-05 0.000520635 0.00411916 806
1.42906e-05 0.000516364 0.00415802 806
1.38729e-05 0.000520055 0.00410604 806
