9.46505e-06 4.64043e-05 0.00368094 46
9.29402e-06 4.6017e-05 0.00370908 46
9.28093e-06 4.60111e-05 0.00369716 46
9.47963e-06 4.63061e-05 0.00381994 46
9.5193e-06 4.6096e-05 0.00445795 46
9.48403e-06 4.60269e-05 0.00438595 46
9.53706e-06 4.62662e-05 0.00443292 46
9.51051e-06 4.6285e-05 0.00366688 46
9.68198e-06 4.63828e-05 0.00369596 46
9.72995e-06 4.62811e-05 0.0042479 46
9.54949e-06 4.6565e-05 0.00370193 46
9.40999e-06 4.62684e-05 0.00371003 46
9.42071e-06 4.64235e-05 0.00367498 46
9.52838e-06 4.5998e-05 0.00366902 46
9.33554e-06 4.57983e-05 0.00367308 46
9.52949e-06 4.64097e-05 0.00368285 46
9.36084e-06 4.60194e-05 0.00367117 46
9.41896e-06 4.58222e-05 0.00367498 46
9.87455e-06 4.61074e-05 0.00369 46
9.33759e-06 4.62901e-05 0.00368094 46
9.26539e-06 4.58531e-05 0.00367808 46
9.43897e-06 4.62018e-05 0.00367188 46
9.56012e-06 4.62085e-05 0.00369906 46
9.41532e-06 4.6206e-05 0.0037868 46
9.6499e-06 4.61641e-05 0.00453591 46
9.35041e-06 4.59887e-05 0.00368404 46
9.2254e-06 4.57385e-05 0.00369 46
9.52848e-06 4.57993e-05 0.00376201 46
9.48497e-06 4.62955e-05 0.00371408 46
9.27752e-06 4.57598e-05 0.00375509 46
9.46541e-06 4.61288e-05 0.00367999 46
9.55881e-06 4.63288e-05 0.00375295 46
9.63311e-06 4.60495e-05 0.00371194 46
9.50291e-06 4.62991e-05 0.00368786 46
9.26678e-06 4.58484e-05 0.00368381 46
9.14459e-06 4.59496e-05 0.00371695 46
9.3927e-06 4.62891e-05 0.00369 46
9.33472e-06 4.62431e-05 0.00371599 46
9.28087e-06 4.58954e-05 0.00377107 46
9.27039e-06 4.60471e-05 0.00372696 46
9.24834e-06 4.58938e-05 0.00380898 46
9.43846e-06 4.63778e-05 0.00368905 46
9.35398e-06 4.59886e-05 0.00381899 46
9.37386e-06 4.59216e-05 0.00370312 46
9.38818e-06 4.59692e-05 0.00369 46
9.45451e-06 4.59155e-05 0.00380898 46
9.53561e-06 4.62352e-05 0.00376892 46
9.31902e-06 4.62191e-05 0.00374699 46
9.38027e-06 4.6274e-05 0.00370502 46
9.2097e-06 4.588e-05 0.00370598 46
