0.000372153 0.000725786 0.00358105 26
0.000372213 0.000725895 0.003582 26
0.000372216 0.000725888 0.00379801 26
0.000372207 0.000725772 0.00359797 26
0.000372183 0.00072618 0.00359583 26
0.000372283 0.000725371 0.00358701 26
0.00037216 0.00072581 0.00361013 26
0.000372136 0.000725978 0.00357819 26
0.000372188 0.000725728 0.00360203 26
0.000372153 0.000726276 0.00359511 26
0.000372163 0.000725987 0.00357103 26
0.000372166 0.000725864 0.00359988 26
0.000372228 0.000726013 0.00359511 26
0.000372176 0.000725904 0.00426888 26
0.000372194 0.000725785 0.0045979 26
0.00037215 0.000726127 0.00367403 26
0.000372199 0.000725975 0.003618 26
0.000372182 0.000725687 0.00358009 26
0.000372176 0.000725633 0.0035851 26
0.000372199 0.000725894 0.00359583 26
0.000372124 0.000725788 0.00361109 26
0.000372107 0.000725849 0.003685 26
0.000372247 0.000725903 0.003685 26
0.000372168 0.000725745 0.00359511 26
0.000372267 0.000725767 0.00360799 26
0.000372144 0.000726076 0.00359392 26
0.000372137 0.00072612 0.00361991 26
0.000372162 0.000725395 0.00359893 26
0.000372129 0.000726015 0.00360179 26
0.000372142 0.000725749 0.00360203 26
0.000372158 0.000725866 0.00359583 26
0.000372186 0.000725795 0.00361109 26
0.000372225 0.000725878 0.00360298 26
0.000372085 0.00072609 0.0035789 26
0.00037213 0.000726224 0.00361586 26
0.000372149 0.000725853 0.00359201 26
0.000372156 0.000725932 0.00368404 26
0.000372189 0.000726066 0.00359488 26
0.000372261 0.00072568 0.00359488 26
0.000372168 0.000726106 0.00364518 26
0.00037214 0.000726058 0.0036869 26
0.000372128 0.000725985 0.00361705 26
0.00037221 0.000725871 0.00360894 26
0.000372115 0.000725895 0.00359416 26
0.000372174 0.000725925 0.00361013 26
0.00037211 0.000726115 0.00368214 26
0.000372125 0.000725834 0.00550199 26
0.000372149 0.000726175 0.00359201 26
0.000372245 0.000725853 0.00375509 26
0.000372287 0.000725749 0.00359607 26
