4.77637e-06 3.27176e-05 0.00710011 808
4.32295e-06 2.30108e-05 0.007056 808
5.13854e-06 2.62809e-05 0.00709391 808
4.5975e-06 2.51217e-05 0.00708389 808
4.60338e-06 2.01633e-05 0.00705886 808
4.9325e-06 2.78881e-05 0.00708199 808
4.1509e-06 3.03134e-05 0.00711799 808
4.26285e-06 2.60888e-05 0.00705791 808
4.72249e-06 2.50764e-05 0.00732303 808
5.12843e-06 2.80029e-05 0.00688004 808
4.62216e-06 2.4715e-05 0.00705814 808
4.75334e-06 2.22977e-05 0.00708103 808
4.45991e-06 2.33488e-05 0.00703406 808
4.45453e-06 2.31855e-05 0.00703883 808
3.86761e-06 2.05776e-05 0.00706601 808
4.8595e-06 2.80247e-05 0.00718808 808
5.1765e-06 3.24232e-05 0.00703716 808
4.94385e-06 2.58461e-05 0.0070889 808
3.95964e-06 2.35553e-05 0.00707889 808
4.38567e-06 2.86045e-05 0.00712895 808
4.17821e-06 2.17738e-05 0.00709796 808
4.54906e-06 2.18937e-05 0.00708485 808
4.9428e-06 2.41985e-05 0.00716615 808
4.50269e-06 2.43735e-05 0.00749493 808
4.40821e-06 3.03754e-05 0.00706911 808
4.64136e-06 2.23554e-05 0.00713491 808
4.86285e-06 2.9846e-05 0.00715899 808
5.19029e-06 2.47286e-05 0.00670099 808
4.55894e-06 2.65214e-05 0.00672293 808
5.08057e-06 3.21192e-05 0.00683093 808
5.17318e-06 2.49799e-05 0.00679493 808
4.3842e-06 2.71011e-05 0.00676203 808
4.37577e-06 2.24593e-05 0.0068059 808
4.88375e-06 2.8767e-05 0.00682211 808
4.48027e-06 2.14191e-05 0.00679016 808
5.16699e-06 2.74436e-05 0.00681901 808
4.10469e-06 3.30087e-05 0.00674105 808
4.62474e-06 2.47385e-05 0.00675488 808
4.29829e-06 2.46019e-05 0.00685501 808
3.8107e-06 1.91993e-05 0.00687599 808
4.79913e-06 2.43131e-05 0.00673985 808
4.5453e-06 2.23221e-05 0.00670004 808
5.05572e-06 3.11208e-05 0.00679302 808
4.43971e-06 2.42558e-05 0.00681686 808
5.20794e-06 2.76793e-05 0.00678897 808
4.63626e-06 2.299e-05 0.00687289 808
4.99259e-06 2.95076e-05 0.00673604 808
4.68444e-06 2.48115e-05 0.00666714 808
4.42756e-06 2.84834e-05 0.00680399 808
4.76042e-06 3.01041e-05 0.00692892 808
