7.68101e-06 0.000109739 0.00542808
7.86214e-06 0.000112676 0.00546098
8.3018e-06 0.000111386 0.00542617
8.06627e-06 0.000104647 0.00549006
7.80314e-06 0.000107809 0.00549197
6.78377e-06 9.55792e-05 0.00553489
7.14996e-06 0.000101243 0.00544286
7.66835e-06 0.000101734 0.00547791
6.59143e-06 8.73622e-05 0.00543904
7.76661e-06 0.000105213 0.00564599
7.10627e-06 9.83199e-05 0.005445
7.41563e-06 0.000103209 0.00550008
7.62188e-06 0.000108164 0.00553513
7.31304e-06 9.97251e-05 0.00808501
7.59588e-06 0.000104613 0.00573611
7.89005e-06 0.000101098 0.00550294
8.14354e-06 9.64775e-05 0.00545382
7.92474e-06 0.000111632 0.005548
7.81387e-06 9.77799e-05 0.00559521
7.0832e-06 0.000100972 0.0055759
7.73447e-06 0.000110775 0.00557089
7.7621e-06 0.000105127 0.00549817
7.92638e-06 0.000109078 0.005445
7.82602e-06 0.000107677 0.00559902
7.94757e-06 0.000111642 0.0054419
7.81383e-06 9.9238e-05 0.0054462
7.33303e-06 9.75055e-05 0.005481
7.83109e-06 0.000103053 0.00549603
8.0174e-06 0.000104035 0.00542998
7.65572e-06 0.00010425 0.00555515
6.86555e-06 9.20401e-05 0.00550389
7.60001e-06 0.000102118 0.00552988
8.08291e-06 0.000114092 0.0055089
7.4495e-06 0.00010147 0.00550795
7.69138e-06 0.000104638 0.00545907
7.34031e-06 0.000102395 0.00550008
8.26839e-06 0.000107667 0.00549793
7.81113e-06 0.000106393 0.00551701
8.17122e-06 0.000117205 0.00547695
7.54139e-06 0.000102633 0.00555992
7.5995e-06 9.99476e-05 0.00550008
7.59068e-06 0.000104782 0.005476
6.84879e-06 9.92243e-05 0.00549698
7.17032e-06 9.96079e-05 0.00563908
7.45481e-06 9.79905e-05 0.00626397
8.17688e-06 0.000117866 0.00552106
8.02103e-06 0.000111263 0.00548291
7.96154e-06 0.000107307 0.0055151
7.75713e-06 0.000112776 0.00654888
7.25011e-06 9.56417e-05 0.00550604
