5.07543e-06 2.23705e-05 0.00390983
4.41688e-06 2.20697e-05 0.00347495
3.96325e-06 1.96094e-05 0.00354886
4.25304e-06 1.79324e-05 0.00415397
3.92265e-06 1.79498e-05 0.00443888
4.27549e-06 1.86856e-05 0.00415206
4.49078e-06 2.13119e-05 0.00414681
4.7699e-06 2.02965e-05 0.00417399
5.25282e-06 2.32843e-05 0.0040319
4.22453e-06 2.01807e-05 0.00345802
4.01471e-06 1.68698e-05 0.00346112
4.58934e-06 2.24775e-05 0.00348401
4.66658e-06 2.21761e-05 0.00353694
4.61839e-06 1.81014e-05 0.00354409
5.01474e-06 1.8309e-05 0.00345993
4.16767e-06 2.15155e-05 0.00347185
3.88391e-06 1.51515e-05 0.00346804
4.32598e-06 2.07388e-05 0.00347614
4.32739e-06 2.0456e-05 0.00346303
4.87584e-06 2.01389e-05 0.00346303
4.22237e-06 2.06484e-05 0.00349092
4.77698e-06 1.96937e-05 0.00346303
4.08699e-06 1.83215e-05 0.00349808
4.46347e-06 2.16059e-05 0.00344682
5.03267e-06 2.10057e-05 0.00346589
4.29688e-06 1.67295e-05 0.00351501
4.56426e-06 1.94448e-05 0.00346589
4.76626e-06 2.01616e-05 0.00348401
3.89707e-06 1.65605e-05 0.00347018
4.44762e-06 2.19041e-05 0.003474
5.2018e-06 1.93762e-05 0.003474
4.65294e-06 2.06503e-05 0.00346994
4.60546e-06 1.91683e-05 0.00349617
4.89176e-06 1.80597e-05 0.00348783
4.76761e-06 1.96205e-05 0.0036099
4.45604e-06 1.93597e-05 0.0034802
5.20739e-06 2.46124e-05 0.00343609
4.97309e-06 2.09775e-05 0.003474
4.02003e-06 1.86625e-05 0.00348997
4.19057e-06 2.06934e-05 0.00348592
4.82554e-06 2.12244e-05 0.00346613
4.41835e-06 2.00221e-05 0.00346708
4.60138e-06 1.98558e-05 0.00346994
4.81208e-06 2.23253e-05 0.00347304
4.43668e-06 1.79517e-05 0.00349116
4.26353e-06 1.83732e-05 0.00346518
4.13633e-06 1.88012e-05 0.003479
4.45077e-06 1.97257e-05 0.00348401
5.39015e-06 2.37942e-05 0.0034678
4.44497e-06 2.05479e-05 0.00348377
