4.02336e-06 1.26471e-05 0.00419378
4.11321e-06 1.20817e-05 0.00423288
4.24162e-06 1.30931e-05 0.00420213
3.85157e-06 1.22452e-05 0.00444317
3.86004e-06 1.32963e-05 0.00424099
4.01356e-06 1.20047e-05 0.00399899
3.86108e-06 1.45019e-05 0.00397182
3.71473e-06 1.22008e-05 0.00398397
3.19807e-06 1.1208e-05 0.00445604
3.87522e-06 1.20653e-05 0.00370002
3.89396e-06 1.122e-05 0.00372005
4.1243e-06 1.29465e-05 0.00370812
3.93506e-06 1.25915e-05 0.00370789
3.73099e-06 1.27577e-05 0.00371194
3.63856e-06 1.25283e-05 0.00370193
3.89814e-06 1.22784e-05 0.00372887
4.28788e-06 1.21976e-05 0.00371003
3.96127e-06 1.318e-05 0.00371981
4.25895e-06 1.27227e-05 0.00366616
3.91887e-06 1.55412e-05 0.00368786
3.46152e-06 1.19865e-05 0.00370407
3.65427e-06 1.28719e-05 0.00368404
4.71002e-06 1.41349e-05 0.00368619
3.85872e-06 1.18397e-05 0.00373507
3.8248e-06 1.42662e-05 0.00369787
3.79236e-06 1.60335e-05 0.00368214
4.53328e-06 1.53343e-05 0.00370002
3.51921e-06 1.16849e-05 0.00368905
3.84113e-06 1.34963e-05 0.00368404
4.17458e-06 1.35436e-05 0.0036881
3.92728e-06 9.41896e-06 0.003685
3.40432e-06 1.1253e-05 0.00368714
4.27449e-06 1.37234e-05 0.00371504
3.51966e-06 1.18117e-05 0.00373101
4.23863e-06 1.33225e-05 0.00370216
3.54216e-06 1.11206e-05 0.00370789
3.38975e-06 1.227e-05 0.00396585
3.9445e-06 1.09012e-05 0.00372005
3.75787e-06 1.21545e-05 0.00370002
4.52459e-06 1.42165e-05 0.00368381
3.73216e-06 1.17168e-05 0.00369906
4.044e-06 1.37224e-05 0.00388002
4.07377e-06 1.36931e-05 0.00397992
4.04747e-06 1.3715e-05 0.00394797
3.93204e-06 1.23684e-05 0.00402498
3.77371e-06 1.28319e-05 0.00402308
4.13052e-06 1.36588e-05 0.00398493
3.66921e-06 1.22368e-05 0.00393581
3.69127e-06 1.26667e-05 0.00398803
4.20471e-06 1.34032e-05 0.00395608
