7.69712e-06 0.000104297 0.00415015
7.81624e-06 0.000107272 0.00424623
7.20751e-06 9.73495e-05 0.00478697
7.39942e-06 0.000102192 0.00474405
7.67215e-06 0.000104884 0.00438905
7.5118e-06 9.73806e-05 0.00515199
7.6025e-06 0.000102616 0.00415397
8.27725e-06 0.000105131 0.00414491
7.1356e-06 9.91073e-05 0.0042119
7.605e-06 9.39116e-05 0.00415611
7.6706e-06 0.000106674 0.00502896
7.19846e-06 9.58785e-05 0.00429177
7.52038e-06 0.000109541 0.00413108
8.0154e-06 0.000106158 0.00413108
7.9871e-06 0.000101998 0.00413609
8.04895e-06 0.000107081 0.004143
7.75807e-06 0.000106784 0.00494909
7.33477e-06 9.84427e-05 0.00413084
7.29642e-06 9.91072e-05 0.00417399
8.03334e-06 0.000112468 0.00414109
7.88873e-06 0.000107264 0.00415516
7.81777e-06 0.000106941 0.00413609
7.39633e-06 9.97613e-05 0.00413799
8.42038e-06 0.000122879 0.00414395
7.72522e-06 0.000104918 0.00413013
7.54223e-06 9.73338e-05 0.00415802
7.70093e-06 0.000103243 0.00415993
7.32587e-06 0.000104703 0.00412703
7.03142e-06 9.55137e-05 0.00412798
7.69668e-06 0.000102562 0.00415421
7.47974e-06 0.000109257 0.0041461
7.90462e-06 9.98569e-05 0.00416398
7.25524e-06 9.48506e-05 0.00414801
8.0324e-06 0.000104309 0.00470614
7.32846e-06 0.000101552 0.00414705
7.90597e-06 0.000106376 0.00419188
7.8461e-06 9.87424e-05 0.00434613
7.62586e-06 0.000104972 0.00417495
7.67586e-06 9.92698e-05 0.00416589
7.67827e-06 0.000104088 0.00411487
7.92186e-06 0.000104293 0.00412393
7.3441e-06 9.64515e-05 0.0041101
7.915e-06 0.000107494 0.00412488
7.49788e-06 8.73252e-05 0.00411701
8.17388e-06 0.000106046 0.00411701
7.05584e-06 9.35068e-05 0.00415397
7.17819e-06 9.93369e-05 0.00411892
7.7466e-06 0.00011147 0.00412512
7.69889e-06 0.000102924 0.00410414
6.8604e-06 8.958e-05 0.00412107
