9.66328e-06 0.000182003 0.00307322
9.44074e-06 0.000179488 0.00308704
1.01648e-05 0.000184267 0.00310421
1.00847e-05 0.000180838 0.00314689
1.06609e-05 0.000201009 0.0030899
9.418e-06 0.000181947 0.00308681
9.93962e-06 0.000185793 0.00337505
9.96284e-06 0.000185348 0.00351
1.06166e-05 0.000208539 0.00294399
9.62092e-06 0.000173867 0.00313616
9.35053e-06 0.000173303 0.0030899
9.98248e-06 0.00019198 0.00312281
9.76727e-06 0.000184868 0.00308108
9.97709e-06 0.000192402 0.00318599
9.88401e-06 0.00017943 0.00317502
9.72937e-06 0.000174162 0.00321603
1.00668e-05 0.000176803 0.00311494
1.0395e-05 0.00019398 0.00307202
1.00786e-05 0.000189441 0.00314021
9.61354e-06 0.000184763 0.00318503
9.94446e-06 0.000194056 0.00308204
9.97033e-06 0.000183206 0.00311208
1.02587e-05 0.000189829 0.00315094
1.01477e-05 0.000181595 0.0030849
9.86344e-06 0.000185063 0.00308895
9.69718e-06 0.000173241 0.00312591
9.58839e-06 0.000179041 0.00317502
9.73136e-06 0.000176867 0.00315189
1.03366e-05 0.000199293 0.00314403
1.05843e-05 0.000187286 0.00309491
1.00259e-05 0.000181267 0.00310493
9.9837e-06 0.000178925 0.00311494
9.36739e-06 0.000171117 0.00311804
9.84951e-06 0.000182023 0.00317383
1.00229e-05 0.000189468 0.00308204
1.01398e-05 0.000192414 0.00310993
1.01704e-05 0.000179111 0.00314403
9.68775e-06 0.000168107 0.00317287
1.06743e-05 0.000198246 0.00308394
1.05748e-05 0.000197397 0.00317311
1.02815e-05 0.000195696 0.00316501
9.98759e-06 0.000177041 0.00313807
9.95233e-06 0.000184543 0.00314903
9.34197e-06 0.000165332 0.00311899
9.97112e-06 0.000180843 0.00309587
1.05572e-05 0.000194106 0.0030961
9.88518e-06 0.000181248 0.00317121
1.00625e-05 0.000178815 0.00314212
9.33065e-06 0.000177837 0.00311708
9.51578e-06 0.00017736 0.00311613
