1.43022e-05 0.000533879 0.00731587 810
1.38737e-05 0.00050336 0.00692105 810
1.43469e-05 0.000521911 0.00702596 810
1.44886e-05 0.000537976 0.00752521 810
1.39856e-05 0.000508894 0.00695205 810
1.42336e-05 0.000513654 0.00693417 810
1.41764e-05 0.000509545 0.00643206 810
1.47419e-05 0.000557821 0.00640798 810
1.3751e-05 0.000501909 0.00627589 810
1.44052e-05 0.000518809 0.00745797 810
1.44404e-05 0.000531526 0.00683498 810
1.41433e-05 0.000508324 0.00677395 810
1.45819e-05 0.000536029 0.006778 810
1.4929e-05 0.000538129 0.00689006 810
1.41878e-05 0.000515686 0.00676894 810
1.44608e-05 0.000520958 0.00686908 810
1.44994e-05 0.000527055 0.00683188 810
1.40138e-05 0.000523784 0.00682282 810
1.45787e-05 0.000520945 0.00683904 810
1.47553e-05 0.000533546 0.00703692 810
1.36188e-05 0.000497324 0.00684881 810
1.374e-05 0.000488108 0.00687504 810
1.42581e-05 0.000534385 0.00682402 810
1.38727e-05 0.000500379 0.00682902 810
1.36428e-05 0.000485428 0.00760198 810
1.43079e-05 0.000522555 0.00692201 810
1.42471e-05 0.000493489 0.00688696 810
1.45267e-05 0.000546021 0.00693703 810
1.45834e-05 0.000526734 0.00690508 810
1.47389e-05 0.000538191 0.00686908 810
1.42833e-05 0.000501726 0.00688481 810
1.4305e-05 0.000540502 0.00684905 810
1.43918e-05 0.000516996 0.00688601 810
1.4533e-05 0.000523828 0.0068419 810
1.40067e-05 0.000524869 0.00688386 810
1.44732e-05 0.000534773 0.00689602 810
1.47212e-05 0.000544991 0.00687099 810
1.42399e-05 0.000509999 0.00682688 810
1.40961e-05 0.000502253 0.00690889 810
1.43021e-05 0.000527365 0.00680208 810
1.4095e-05 0.000512835 0.00682592 810
1.43401e-05 0.000527928 0.00689316 810
1.40475e-05 0.000522009 0.00680113 810
1.41343e-05 0.000507353 0.00685692 810
1.45282e-05 0.000527591 0.00687504 810
1.40586e-05 0.000508655 0.00682807 810
1.38985e-05 0.00050284 0.00695395 810
1.4124e-05 0.000518888 0.00623298 810
1.41443e-05 0.000511947 0.0062201 810
1.44289e-05 0.000521292 0.00630879 810
