6.99285e-06 8.79318e-05 0.00344491
7.09641e-06 9.11229e-05 0.0034411
7.14691e-06 9.8731e-05 0.00348496
6.90184e-06 9.42496e-05 0.00353694
6.0638e-06 8.01144e-05 0.00351906
7.11726e-06 9.44006e-05 0.00348496
7.33761e-06 9.02645e-05 0.00352001
6.78464e-06 8.65102e-05 0.00351095
7.15399e-06 9.49582e-05 0.00353217
6.83176e-06 9.9417e-05 0.00351214
6.65799e-06 8.33384e-05 0.00352192
6.99133e-06 9.45412e-05 0.00353789
7.01681e-06 8.93574e-05 0.00348902
6.42941e-06 9.15477e-05 0.00350499
6.11965e-06 7.68559e-05 0.0035131
6.84186e-06 8.57287e-05 0.00351787
7.1136e-06 9.22384e-05 0.00351405
6.46222e-06 7.9469e-05 0.00353098
6.92471e-06 8.56785e-05 0.00353408
7.14718e-06 9.20926e-05 0.00351501
6.41731e-06 8.39309e-05 0.00352287
6.22963e-06 7.3034e-05 0.00351882
6.52811e-06 8.34897e-05 0.00351787
6.19017e-06 7.82018e-05 0.00352192
6.70804e-06 8.37223e-05 0.00353909
6.70138e-06 9.43469e-05 0.00352716
6.70321e-06 8.20287e-05 0.0035181
6.28403e-06 8.19717e-05 0.00354385
7.04458e-06 9.25111e-05 0.00352907
7.01046e-06 8.55037e-05 0.00368285
7.08769e-06 9.01952e-05 0.00352192
6.61008e-06 7.95194e-05 0.00351691
6.61667e-06 8.91847e-05 0.00355196
6.89923e-06 8.4849e-05 0.00353599
6.80683e-06 9.30119e-05 0.00357199
6.85633e-06 8.76915e-05 0.00352502
6.32533e-06 7.7476e-05 0.00349379
6.88859e-06 8.97432e-05 0.00354815
6.48794e-06 9.15612e-05 0.00352311
6.60979e-06 7.78662e-05 0.00352812
6.75178e-06 8.72255e-05 0.00355315
6.95971e-06 9.40859e-05 0.00352597
7.41269e-06 9.66001e-05 0.00353289
7.61399e-06 9.78191e-05 0.00354505
5.95754e-06 7.10747e-05 0.00351906
5.8961e-06 7.66001e-05 0.00352693
6.97884e-06 9.3837e-05 0.0035429
6.62363e-06 9.03746e-05 0.0037291
6.85344e-06 8.88981e-05 0.00361204
6.59858e-06 8.52481e-05 0.00351882
