4.16425e-06 1.45348e-05 0.00317597 84
4.50618e-06 1.51391e-05 0.003268 84
3.82308e-06 1.04485e-05 0.00328708 84
4.30268e-06 1.53861e-05 0.00314999 84
3.59464e-06 1.27684e-05 0.00309706 84
4.19024e-06 1.48805e-05 0.00302219 84
4.14085e-06 1.35309e-05 0.00282407 84
3.99522e-06 1.47812e-05 0.00280905 84
4.38415e-06 1.62063e-05 0.00278711 84
4.1915e-06 1.4956e-05 0.00274801 84
3.77441e-06 1.26132e-05 0.00274801 84
4.10502e-06 1.3003e-05 0.00328803 84
4.21453e-06 1.56856e-05 0.00315094 84
4.10765e-06 1.50075e-05 0.00274491 84
4.0582e-06 1.65745e-05 0.00274897 84
4.17462e-06 1.22426e-05 0.00275183 84
4.48842e-06 1.48124e-05 0.0028131 84
4.32639e-06 1.35186e-05 0.00281096 84
3.7786e-06 1.15627e-05 0.00274897 84
4.40034e-06 1.40119e-05 0.0030849 84
3.84339e-06 1.363e-05 0.00277591 84
4.24488e-06 1.5565e-05 0.00275588 84
3.78468e-06 1.24964e-05 0.00274587 84
3.96611e-06 1.36669e-05 0.00281501 84
4.53765e-06 1.42568e-05 0.00279403 84
3.89908e-06 1.24951e-05 0.00278187 84
3.99016e-06 1.50269e-05 0.00274801 84
4.61954e-06 1.54567e-05 0.00277114 84
4.36608e-06 1.42911e-05 0.00276399 84
4.46069e-06 1.41256e-05 0.00275993 84
4.28015e-06 1.11302e-05 0.00275898 84
4.29429e-06 1.38138e-05 0.00277495 84
4.4775e-06 1.47336e-05 0.00277185 84
4.49721e-06 1.4621e-05 0.00276184 84
4.01628e-06 1.50978e-05 0.00277495 84
3.63572e-06 1.13091e-05 0.00282907 84
3.70496e-06 1.26284e-05 0.00283718 84
3.22803e-06 1.20654e-05 0.00277305 84
3.99299e-06 1.27521e-05 0.00276804 84
4.48416e-06 1.22244e-05 0.0027771 84
3.80055e-06 1.40153e-05 0.0027678 84
4.0073e-06 1.35948e-05 0.00277305 84
4.3726e-06 1.21404e-05 0.00278306 84
4.59405e-06 1.50798e-05 0.00276494 84
4.85526e-06 1.63674e-05 0.00278497 84
3.41533e-06 1.27574e-05 0.00278592 84
3.84901e-06 1.41089e-05 0.0027678 84
4.09058e-06 1.4652e-05 0.00283098 84
3.77897e-06 1.41441e-05 0.00279307 84
4.72207e-06 1.35859e-05 0.00276804 84
