4.71614e-06 2.35073e-05 0.00465298 406
4.97321e-06 2.36114e-05 0.00456619 406
5.22966e-06 2.51464e-05 0.00458789 406
4.57141e-06 2.05527e-05 0.00462317 406
4.22097e-06 2.08122e-05 0.0046649 406
4.43522e-06 2.08708e-05 0.00458908 406
4.71425e-06 2.17502e-05 0.00470185 406
4.86324e-06 2.09878e-05 0.00460505 406
4.65145e-06 2.37306e-05 0.00463104 406
4.64307e-06 2.15164e-05 0.00463605 406
4.82809e-06 2.33269e-05 0.00459599 406
4.96288e-06 2.24247e-05 0.00458312 406
4.15106e-06 1.85575e-05 0.00511599 406
4.38096e-06 2.0926e-05 0.00463605 406
4.51359e-06 2.12471e-05 0.00459599 406
4.06639e-06 1.86812e-05 0.00459599 406
4.95639e-06 2.28708e-05 0.00465298 406
5.61139e-06 2.45774e-05 0.00455189 406
4.42811e-06 2.06081e-05 0.00458312 406
4.3755e-06 2.08856e-05 0.00460196 406
4.50876e-06 2.19829e-05 0.00463796 406
4.69688e-06 2.10537e-05 0.00459599 406
4.66344e-06 2.22931e-05 0.004637 406
4.70273e-06 2.27117e-05 0.00462413 406
4.5437e-06 2.01237e-05 0.00458884 406
4.41355e-06 2.29575e-05 0.00464416 406
4.21362e-06 2.04084e-05 0.00458002 406
4.66084e-06 2.10579e-05 0.00461888 406
4.41408e-06 2.47263e-05 0.00460315 406
5.01167e-06 2.41184e-05 0.00458908 406
4.47176e-06 2.14836e-05 0.00490808 406
4.78437e-06 2.08873e-05 0.00464797 406
3.83453e-06 1.8561e-05 0.004632 406
3.86024e-06 1.82159e-05 0.00462294 406
5.19878e-06 2.37316e-05 0.00459385 406
4.70166e-06 2.29524e-05 0.00463915 406
4.20998e-06 1.95388e-05 0.00457501 406
4.58424e-06 2.17745e-05 0.00466108 406
4.11381e-06 2.16381e-05 0.00456882 406
4.82553e-06 2.0826e-05 0.00464606 406
4.55006e-06 2.24607e-05 0.00469494 406
3.93702e-06 1.79096e-05 0.00470901 406
4.8412e-06 2.52296e-05 0.00473118 406
4.43359e-06 2.27269e-05 0.00474787 406
4.74046e-06 2.42953e-05 0.00467587 406
4.76684e-06 2.18676e-05 0.00467396 406
4.92062e-06 2.52099e-05 0.00468612 406
4.93828e-06 2.49294e-05 0.00472689 406
4.78072e-06 1.91069e-05 0.0046382 406
4.66459e-06 2.21483e-05 0.00468493 406
