1.00221e-05 0.000182487 0.00338888
9.26676e-06 0.000169277 0.00343299
1.01097e-05 0.00017745 0.00353312
1.03425e-05 0.000198222 0.00347614
9.61263e-06 0.000168991 0.00340509
9.90188e-06 0.000180949 0.0033741
9.0982e-06 0.00016388 0.00391293
1.02834e-05 0.000184207 0.00371504
9.89631e-06 0.000179049 0.00332308
9.12874e-06 0.000177818 0.00340199
1.00015e-05 0.000185238 0.00344419
9.41105e-06 0.000172743 0.00342298
9.53116e-06 0.000168071 0.00340009
1.07247e-05 0.000191078 0.00334597
9.89181e-06 0.00018472 0.00342298
9.87971e-06 0.000178151 0.003438
1.0426e-05 0.000196925 0.00344205
9.79112e-06 0.000183526 0.00342607
9.24405e-06 0.000174783 0.00343084
1.02418e-05 0.000184864 0.00340199
1.0251e-05 0.000191138 0.00341105
1.0143e-05 0.000184914 0.00330806
1.04736e-05 0.000189944 0.00341606
9.79899e-06 0.000177413 0.00338912
9.96908e-06 0.00017285 0.00340199
9.69775e-06 0.000171664 0.00341201
9.76286e-06 0.000183657 0.00342512
1.02042e-05 0.000186216 0.00340605
9.47578e-06 0.000171878 0.00349307
9.85491e-06 0.000174082 0.00349212
9.55853e-06 0.000178597 0.00350595
9.99099e-06 0.000175793 0.00359797
9.81452e-06 0.000178153 0.0034132
1.01763e-05 0.000178123 0.00350595
8.83267e-06 0.00016612 0.00339317
9.83284e-06 0.000174854 0.00342107
1.02634e-05 0.00018484 0.0034101
9.49582e-06 0.00016829 0.00336504
1.00574e-05 0.000184982 0.00340295
9.72991e-06 0.000167619 0.00343204
9.82256e-06 0.000187536 0.00339603
1.01173e-05 0.00019066 0.00337815
1.02506e-05 0.00018341 0.00338912
9.6076e-06 0.000187084 0.00336099
1.02744e-05 0.00018503 0.00342107
9.95893e-06 0.000190048 0.00338006
1.02931e-05 0.000181458 0.00340605
1.03254e-05 0.00018357 0.00342298
9.73256e-06 0.000181373 0.00340915
1.0677e-05 0.000177889 0.00342011
