0.000372186 0.000725956 0.00363398 26
0.000372095 0.000725789 0.00370097 26
0.000372225 0.000725733 0.00374889 26
0.000372173 0.000726009 0.00373411 26
0.00037222 0.000725772 0.00374007 26
0.00037223 0.000725688 0.00372791 26
0.000372246 0.00072597 0.00379014 26
0.000372215 0.000725789 0.00373101 26
0.000372153 0.000725774 0.00377107 26
0.000372164 0.00072564 0.00374293 26
0.000372202 0.0007256 0.00375795 26
0.000372205 0.000725937 0.00372601 26
0.000372191 0.000725878 0.00395894 26
0.000372149 0.000726035 0.00418305 26
0.000372165 0.000725809 0.00368309 26
0.000372167 0.000725907 0.00383902 26
0.000372177 0.000725827 0.00390506 26
0.000372131 0.000726007 0.00385785 26
0.000372229 0.000726001 0.00379896 26
0.000372141 0.000725913 0.00380898 26
0.000372241 0.0007259 0.00383115 26
0.000372149 0.000726057 0.00378895 26
0.000372171 0.000725716 0.00380802 26
0.000372162 0.000726101 0.0038321 26
0.000372192 0.000725767 0.00384784 26
0.000372205 0.000726116 0.00390792 26
0.000372168 0.000725909 0.00397587 26
0.0003721 0.000725953 0.00390291 26
0.000372183 0.000725661 0.00391483 26
0.000372112 0.000726291 0.00389791 26
0.000372183 0.0007257 0.00380707 26
0.000372182 0.000726002 0.00376296 26
0.000372078 0.000726124 0.00373697 26
0.000372174 0.000725893 0.00373816 26
0.000372135 0.000725873 0.00380611 26
0.00037209 0.000726303 0.00380898 26
0.000372113 0.000726211 0.00404096 26
0.000372085 0.000726276 0.00386882 26
0.000372157 0.000725966 0.00374389 26
0.000372183 0.000725881 0.00376201 26
0.000372155 0.000726301 0.00372481 26
0.000372172 0.000726168 0.00378489 26
0.000372132 0.000725766 0.00374317 26
0.000372146 0.000725973 0.00374293 26
0.000372302 0.000725805 0.00387406 26
0.000372263 0.000725963 0.00385404 26
0.000372149 0.000726 0.00393581 26
0.000372199 0.000725906 0.00378203 26
0.0003722 0.00072593 0.00384784 26
0.000372199 0.000726076 0.00477505 26
