4.20191e-06 1.40925e-05 0.00572896 88
4.46527e-06 1.82191e-05 0.00559497 88
4.88077e-06 1.4875e-05 0.0054481 88
4.0485e-06 1.54344e-05 0.0053339 88
4.29011e-06 1.47326e-05 0.00540709 88
4.37801e-06 1.71812e-05 0.00544906 88
5.05511e-06 1.65539e-05 0.00536394 88
4.09986e-06 1.40893e-05 0.00543094 88
4.2458e-06 1.53538e-05 0.00554204 88
4.2611e-06 1.55542e-05 0.00544286 88
4.09334e-06 1.62439e-05 0.00540304 88
3.72379e-06 1.29908e-05 0.00552988 88
4.51841e-06 1.52039e-05 0.00525093 88
4.47119e-06 1.50654e-05 0.00533509 88
4.24747e-06 1.41534e-05 0.00531983 88
5.18341e-06 1.66465e-05 0.00541687 88
3.74014e-06 1.31521e-05 0.00540304 88
4.1804e-06 1.34183e-05 0.00549006 88
4.98822e-06 1.53823e-05 0.00538993 88
4.59835e-06 1.47895e-05 0.00535512 88
4.14161e-06 1.45099e-05 0.00492597 88
3.99163e-06 1.41377e-05 0.00549197 88
3.92867e-06 1.58248e-05 0.00551009 88
3.8738e-06 1.44477e-05 0.00546718 88
4.00066e-06 1.59433e-05 0.00553799 88
4.52371e-06 1.45708e-05 0.00557303 88
4.78643e-06 1.71242e-05 0.005615 88
3.52875e-06 1.35688e-05 0.00551581 88
4.67195e-06 1.65159e-05 0.00551796 88
4.35262e-06 1.5784e-05 0.00553703 88
4.69088e-06 1.7436e-05 0.00554895 88
4.36002e-06 1.62479e-05 0.00552082 88
3.60435e-06 1.26736e-05 0.00569391 88
3.79589e-06 1.36892e-05 0.00554109 88
4.53262e-06 1.52118e-05 0.00673389 88
4.09498e-06 1.62416e-05 0.00559592 88
4.65584e-06 1.77507e-05 0.00562787 88
3.90886e-06 1.21873e-05 0.00562191 88
4.89738e-06 1.68458e-05 0.00557613 88
4.57198e-06 1.54282e-05 0.00553513 88
4.56411e-06 1.60979e-05 0.00550914 88
4.52085e-06 1.49752e-05 0.00554109 88
4.02195e-06 1.41997e-05 0.00553203 88
3.97357e-06 1.41151e-05 0.00642705 88
3.70393e-06 1.41331e-05 0.00562406 88
3.93216e-06 1.35649e-05 0.00567389 88
3.75655e-06 1.20092e-05 0.00665903 88
4.07389e-06 1.40038e-05 0.00607181 88
4.33255e-06 1.79476e-05 0.00587916 88
3.82908e-06 1.36253e-05 0.00542092 88
