4.44664e-06 9.05489e-06 0.00585294
3.50761e-06 6.55905e-06 0.00587296
3.14824e-06 6.83842e-06 0.00591302
3.10272e-06 5.1993e-06 0.00593305
3.19183e-06 7.24968e-06 0.00590801
3.44181e-06 7.66311e-06 0.00595307
3.91413e-06 6.84569e-06 0.00581598
3.38788e-06 6.50917e-06 0.00586581
3.49505e-06 8.09478e-06 0.00588918
3.48492e-06 8.22163e-06 0.00592709
3.77116e-06 7.88022e-06 0.00584102
3.76533e-06 7.50316e-06 0.00587797
3.45156e-06 6.51032e-06 0.00584197
3.00001e-06 6.73077e-06 0.00593996
3.45379e-06 7.71582e-06 0.00595093
3.20528e-06 7.03543e-06 0.0062089
3.3534e-06 6.71864e-06 0.00624108
3.25517e-06 7.1123e-06 0.00594687
3.36605e-06 6.42653e-06 0.00595403
3.19484e-06 6.17909e-06 0.00584197
2.75554e-06 6.33993e-06 0.00598717
3.7233e-06 7.03509e-06 0.00594521
2.97245e-06 5.56831e-06 0.00599504
3.18687e-06 6.3065e-06 0.00588989
3.31439e-06 5.67292e-06 0.00595188
3.54606e-06 6.84066e-06 0.00593305
3.24322e-06 6.67656e-06 0.005898
3.97677e-06 8.41505e-06 0.00598407
3.09229e-06 5.48558e-06 0.00613213
2.65002e-06 5.65203e-06 0.00601602
3.58249e-06 7.63809e-06 0.00613379
3.29224e-06 7.75039e-06 0.00605702
3.0326e-06 5.44241e-06 0.006042
3.2504e-06 6.40792e-06 0.00607681
3.23409e-06 6.85453e-06 0.00591803
3.09632e-06 5.78759e-06 0.00595689
3.40486e-06 7.44472e-06 0.00596309
3.65596e-06 5.71202e-06 0.00594187
3.77701e-06 7.09385e-06 0.00595784
3.40739e-06 8.15413e-06 0.00595617
3.73704e-06 8.04844e-06 0.0059731
2.974e-06 7.54572e-06 0.00596094
3.13906e-06 6.47576e-06 0.00596285
2.93164e-06 5.58112e-06 0.00594306
4.08755e-06 7.8391e-06 0.00596499
3.03528e-06 5.99956e-06 0.00599217
2.64548e-06 6.68933e-06 0.00598097
2.96051e-06 5.86428e-06 0.0059669
3.44307e-06 6.64084e-06 0.0060339
2.47879e-06 5.44165e-06 0.00595593
