3.09347e-06 5.10024e-06 0.00548482 28
2.98406e-06 4.79106e-06 0.00543594 28
2.57557e-06 4.40077e-06 0.00483894 28
2.67544e-06 4.5863e-06 0.00491905 28
3.42282e-06 5.69676e-06 0.00481105 28
2.46206e-06 4.90497e-06 0.00481915 28
2.72961e-06 5.51665e-06 0.00518703 28
2.66912e-06 4.51843e-06 0.00483203 28
3.48103e-06 6.15553e-06 0.00482106 28
2.82025e-06 4.54642e-06 0.00484204 28
2.94828e-06 5.11969e-06 0.00580001 28
3.01243e-06 4.13834e-06 0.00556493 28
2.95033e-06 4.98373e-06 0.00493979 28
2.5756e-06 3.88851e-06 0.00486493 28
2.99722e-06 4.93819e-06 0.00482488 28
3.01008e-06 4.67147e-06 0.0050981 28
2.57335e-06 4.59036e-06 0.00482607 28
3.42347e-06 5.40156e-06 0.00498891 28
2.5749e-06 3.55224e-06 0.00543594 28
3.72628e-06 6.51938e-06 0.00554109 28
2.86672e-06 4.65267e-06 0.00534701 28
2.62119e-06 4.22122e-06 0.00535393 28
2.76361e-06 4.82213e-06 0.00536513 28
3.59103e-06 6.62581e-06 0.005337 28
2.97214e-06 5.55937e-06 0.00522804 28
2.96678e-06 5.32076e-06 0.00531197 28
2.35144e-06 3.91179e-06 0.00531197 28
2.82147e-06 5.53341e-06 0.00535011 28
3.08888e-06 6.26945e-06 0.00530601 28
2.47991e-06 5.65525e-06 0.00530791 28
2.40802e-06 3.80803e-06 0.00526094 28
2.66527e-06 5.06576e-06 0.00528908 28
2.5695e-06 5.29908e-06 0.00525713 28
3.2277e-06 5.13947e-06 0.00530314 28
3.77328e-06 6.71171e-06 0.00527 28
3.25742e-06 5.88597e-06 0.00524402 28
2.49302e-06 3.74658e-06 0.00529599 28
3.28169e-06 5.7372e-06 0.00533986 28
2.93791e-06 4.14779e-06 0.00530601 28
3.41219e-06 5.00626e-06 0.00538993 28
2.66729e-06 4.42539e-06 0.00525308 28
2.59514e-06 4.01782e-06 0.00529289 28
3.33209e-06 5.59769e-06 0.00523615 28
2.94495e-06 4.10884e-06 0.0053339 28
2.96874e-06 5.07178e-06 0.00535488 28
2.6556e-06 4.19836e-06 0.00528812 28
3.80721e-06 6.18549e-06 0.00533295 28
2.73536e-06 4.54159e-06 0.00537109 28
2.65572e-06 4.45372e-06 0.00532985 28
2.9782e-06 4.86739e-06 0.00528598 28
