0.0021337 0.00280979 0.0028379 12
0.00213368 0.00280984 0.00291705 12
0.00213375 0.00280965 0.00291991 12
0.00213381 0.00280962 0.00291705 12
0.00213378 0.00280965 0.002913 12
0.00213378 0.00280962 0.00291491 12
0.0021337 0.00280973 0.00291109 12
0.00213377 0.00280977 0.00291896 12
0.00213377 0.0028097 0.00296402 12
0.00213369 0.0028098 0.00296783 12
0.00213376 0.00280967 0.00292706 12
0.0021337 0.00280972 0.00294614 12
0.00213375 0.00280962 0.00291419 12
0.00213365 0.00280984 0.00292587 12
0.0021337 0.00280977 0.00296092 12
0.00213373 0.00280979 0.00294185 12
0.00213375 0.00280976 0.00292802 12
0.00213379 0.00280962 0.002949 12
0.00213372 0.0028097 0.00292015 12
0.00213378 0.00280965 0.00293112 12
0.00213368 0.00280975 0.00294089 12
0.00213372 0.00280974 0.00300193 12
0.00213375 0.00280969 0.00293803 12
0.00213373 0.0028097 0.00293088 12
0.00213379 0.00280958 0.002913 12
0.00213376 0.00280967 0.00293612 12
0.00213366 0.00280981 0.00294304 12
0.0021337 0.00280976 0.00300097 12
0.00213376 0.00280961 0.00295901 12
0.00213369 0.00280979 0.00293899 12
0.00213372 0.00280969 0.00298095 12
0.0021337 0.00280974 0.00296092 12
0.00213372 0.00280972 0.00301409 12
0.00213367 0.00280981 0.00293779 12
0.00213373 0.00280973 0.00293994 12
0.0021337 0.00280975 0.00301194 12
0.00213381 0.00280961 0.00297594 12
0.00213369 0.00280972 0.00290012 12
0.00213362 0.00280986 0.00300384 12
0.00213375 0.0028097 0.00302196 12
0.00213374 0.00280969 0.00300884 12
0.00213376 0.00280963 0.00303292 12
0.00213373 0.00280969 0.00300694 12
0.00213382 0.00280961 0.00296187 12
0.0021337 0.00280979 0.00295305 12
0.00213377 0.00280973 0.00295591 12
0.00213373 0.00280972 0.00290513 12
0.00213375 0.0028096 0.00297785 12
0.0021337 0.00280975 0.00292802 12
0.00213371 0.00280978 0.00298977 12
