5.35814e-06 2.88918e-05 0.00867295 810
5.40308e-06 2.93415e-05 0.00885892 810
5.25322e-06 2.72135e-05 0.008816 810
5.58977e-06 2.95714e-05 0.00868416 810
5.16849e-06 2.74021e-05 0.00877905 810
5.69081e-06 3.18308e-05 0.00879288 810
5.41772e-06 2.99873e-05 0.00866294 810
5.22999e-06 2.99673e-05 0.00852203 810
5.4086e-06 2.85121e-05 0.00861907 810
5.47852e-06 3.24344e-05 0.0087409 810
5.57761e-06 2.95307e-05 0.00856018 810
5.67523e-06 2.73196e-05 0.00865817 810
5.3474e-06 3.14953e-05 0.00857091 810
5.59823e-06 3.33996e-05 0.00859499 810
5.92234e-06 3.1118e-05 0.00787902 810
5.40556e-06 3.13343e-05 0.00785184 810
5.16399e-06 2.82485e-05 0.00784087 810
5.05777e-06 2.85509e-05 0.00786614 810
5.44501e-06 2.89694e-05 0.00785899 810
5.39433e-06 3.09341e-05 0.00784898 810
5.46324e-06 3.25323e-05 0.00782084 810
5.89122e-06 3.13e-05 0.00803781 810
5.65382e-06 3.1506e-05 0.00784397 810
5.90002e-06 3.1507e-05 0.007864 810
5.58285e-06 2.84949e-05 0.00784492 810
5.51636e-06 2.92891e-05 0.00787091 810
5.4053e-06 2.90467e-05 0.00784206 810
5.07542e-06 2.85811e-05 0.00792885 810
5.36424e-06 2.90993e-05 0.00785899 810
5.07695e-06 2.91593e-05 0.0078609 810
5.53725e-06 2.82989e-05 0.00787306 810
5.28732e-06 2.95981e-05 0.00788403 810
5.53906e-06 3.06809e-05 0.00785899 810
5.00945e-06 2.79715e-05 0.00783896 810
5.61427e-06 3.16712e-05 0.00787401 810
4.37688e-06 2.49162e-05 0.00784588 810
5.01047e-06 2.6089e-05 0.00801802 810
5.54222e-06 3.09147e-05 0.00802922 810
5.73189e-06 2.89886e-05 0.00786591 810
4.85072e-06 2.75632e-05 0.00786805 810
5.32753e-06 2.852e-05 0.00784206 810
4.95724e-06 3.01577e-05 0.00783181 810
5.16807e-06 2.99397e-05 0.00783396 810
4.97036e-06 2.76512e-05 0.00783896 810
5.09574e-06 3.18675e-05 0.00784707 810
5.3357e-06 2.90338e-05 0.00790381 810
6.13742e-06 2.95731e-05 0.00786996 810
5.58546e-06 3.23507e-05 0.00795388 810
5.51746e-06 2.91524e-05 0.00789785 810
4.94735e-06 2.68765e-05 0.00786614 810
