4.50798e-06 1.4817e-05 0.00928283 88
3.76543e-06 1.28849e-05 0.00843215 88
4.07663e-06 1.49601e-05 0.00852299 88
4.35086e-06 1.2558e-05 0.0103261 88
4.42559e-06 1.40156e-05 0.00848699 88
4.12554e-06 1.44235e-05 0.00824904 88
3.59731e-06 1.27178e-05 0.00846314 88
3.85431e-06 1.23899e-05 0.0084331 88
3.82385e-06 1.20556e-05 0.00838494 88
3.60817e-06 1.11504e-05 0.00839496 88
3.87396e-06 1.42775e-05 0.00963712 88
4.11495e-06 1.49906e-05 0.0086 88
4.61152e-06 1.48025e-05 0.00853419 88
3.85042e-06 1.14099e-05 0.00836587 88
3.40686e-06 1.16471e-05 0.00844812 88
3.79566e-06 1.20942e-05 0.00832987 88
3.84326e-06 1.20943e-05 0.00825906 88
4.31458e-06 1.397e-05 0.00840497 88
3.73942e-06 1.12185e-05 0.00826716 88
4.75871e-06 1.4327e-05 0.00836205 88
4.51646e-06 1.52383e-05 0.00889111 88
4.50779e-06 1.40749e-05 0.00869298 88
4.15959e-06 1.4309e-05 0.00835395 88
4.25905e-06 1.4703e-05 0.00833488 88
4.14947e-06 1.35866e-05 0.00826883 88
4.90222e-06 1.43568e-05 0.008461 88
4.6806e-06 1.4002e-05 0.00836897 88
3.58396e-06 1.22843e-05 0.00838494 88
3.85693e-06 1.25253e-05 0.00836015 88
4.21623e-06 1.323e-05 0.01055 88
4.0022e-06 1.38104e-05 0.00998807 88
4.19268e-06 1.37977e-05 0.010469 88
4.01243e-06 1.27499e-05 0.00827622 88
4.09087e-06 1.4357e-05 0.00824904 88
3.79154e-06 1.33943e-05 0.00834799 88
4.43917e-06 1.36373e-05 0.00855398 88
4.00247e-06 1.13843e-05 0.00858617 88
3.49647e-06 1.25189e-05 0.00848413 88
4.34552e-06 1.38123e-05 0.00864005 88
4.05691e-06 1.26064e-05 0.00847697 88
3.46822e-06 1.27865e-05 0.00850606 88
4.01694e-06 1.59921e-05 0.00850511 88
4.23913e-06 1.45899e-05 0.00851011 88
3.81466e-06 1.23632e-05 0.00852108 88
3.66149e-06 1.17324e-05 0.00855184 88
3.51881e-06 1.15155e-05 0.00851202 88
4.45242e-06 1.35457e-05 0.00852489 88
3.88415e-06 1.31841e-05 0.00852799 88
3.8994e-06 1.2518e-05 0.00853705 88
3.97558e-06 1.45523e-05 0.00854111 88
