9.86029e-06 0.000182768 0.00660396 410
1.06544e-05 0.000197456 0.00670385 410
9.41406e-06 0.000174774 0.00735021 410
9.81863e-06 0.000174014 0.00730395 410
9.86661e-06 0.000173497 0.00731087 410
1.04963e-05 0.000200001 0.00623298 410
9.80864e-06 0.00017541 0.00676703 410
1.03693e-05 0.000187536 0.00732803 410
1.04539e-05 0.000197524 0.00656104 410
9.81611e-06 0.000177232 0.00665498 410
1.06288e-05 0.000194372 0.00672102 410
9.91453e-06 0.000175768 0.00671101 410
1.06778e-05 0.000195666 0.0066669 410
9.58243e-06 0.000170009 0.0067451 410
1.04476e-05 0.000195311 0.00882101 410
1.00314e-05 0.000181879 0.0067389 410
9.49524e-06 0.000172084 0.00674105 410
9.92951e-06 0.000188103 0.00669408 410
1.01307e-05 0.000191132 0.00673795 410
1.01522e-05 0.000177662 0.00670505 410
9.71702e-06 0.000180886 0.00676107 410
1.0074e-05 0.000186233 0.0067029 410
1.00982e-05 0.000183189 0.00671792 410
9.82776e-06 0.000176398 0.00670791 410
1.01633e-05 0.000187199 0.00679111 410
1.03013e-05 0.000188617 0.00664783 410
1.00452e-05 0.000180894 0.00664306 410
9.75023e-06 0.000178996 0.00672698 410
1.05979e-05 0.000190596 0.0067029 410
9.48957e-06 0.000177911 0.00670409 410
1.05622e-05 0.000182136 0.00676203 410
1.01404e-05 0.000188638 0.00611997 410
1.02214e-05 0.000192597 0.00620604 410
1.01514e-05 0.000176189 0.00612092 410
1.04985e-05 0.000193486 0.00616097 410
9.58372e-06 0.00017053 0.00612092 410
1.07873e-05 0.00019364 0.00611401 410
9.91845e-06 0.000184518 0.00614905 410
1.05797e-05 0.00019479 0.00621986 410
1.00956e-05 0.000187507 0.00620818 410
1.05661e-05 0.000197208 0.00613022 410
1.04111e-05 0.000185451 0.00612187 410
1.02216e-05 0.000178898 0.00612903 410
9.98342e-06 0.00018071 0.00611591 410
1.04352e-05 0.000195242 0.00613999 410
9.58613e-06 0.000171199 0.00630593 410
1.09627e-05 0.000209242 0.00620985 410
9.84451e-06 0.00018566 0.00612378 410
1.01316e-05 0.000185452 0.00616598 410
9.70041e-06 0.00017809 0.00611901 410
