2.60962e-06 4.60519e-06 0.00622582 30
2.28176e-06 4.31037e-06 0.00628686 30
3.7569e-06 6.78471e-06 0.00624299 30
3.0141e-06 5.73103e-06 0.00730205 30
2.78207e-06 3.8607e-06 0.0063529 30
3.33235e-06 7.58984e-06 0.00629902 30
2.77582e-06 4.92902e-06 0.00630116 30
3.36007e-06 5.16123e-06 0.00624323 30
2.64153e-06 4.18747e-06 0.00630188 30
2.38525e-06 4.25051e-06 0.00621891 30
2.95901e-06 5.49552e-06 0.00625396 30
3.22158e-06 4.07047e-06 0.0065279 30
3.63718e-06 6.2908e-06 0.00736403 30
2.36218e-06 4.26325e-06 0.00615501 30
2.88518e-06 4.79977e-06 0.00631094 30
2.80638e-06 4.02442e-06 0.00630403 30
2.64873e-06 4.10535e-06 0.00632501 30
2.45761e-06 4.89732e-06 0.00632215 30
2.68318e-06 5.10193e-06 0.00641108 30
2.98386e-06 4.26786e-06 0.00626612 30
2.60426e-06 4.2822e-06 0.00642705 30
2.02675e-06 4.16622e-06 0.00629091 30
3.19368e-06 6.33001e-06 0.00637889 30
3.19966e-06 5.60954e-06 0.00636601 30
2.30585e-06 3.74118e-06 0.00636816 30
2.40988e-06 5.01854e-06 0.00636101 30
3.10847e-06 5.09471e-06 0.00639105 30
2.52098e-06 4.92721e-06 0.00651193 30
2.76043e-06 5.33516e-06 0.00637102 30
2.93678e-06 5.18424e-06 0.00635791 30
2.81279e-06 4.37141e-06 0.00634503 30
2.88962e-06 4.25649e-06 0.00627995 30
3.61206e-06 5.9146e-06 0.00631285 30
2.29614e-06 3.94049e-06 0.006459 30
2.91155e-06 5.22395e-06 0.00673604 30
3.32332e-06 5.13071e-06 0.00738907 30
3.11793e-06 4.79865e-06 0.00691104 30
2.65796e-06 3.83754e-06 0.00686097 30
3.47131e-06 7.11374e-06 0.00700808 30
3.50623e-06 5.93728e-06 0.00688887 30
2.22783e-06 3.43872e-06 0.00698519 30
2.74891e-06 4.90066e-06 0.00796103 30
3.07252e-06 5.80465e-06 0.00704598 30
3.44513e-06 5.45571e-06 0.00711918 30
2.48753e-06 4.67316e-06 0.00709295 30
3.79565e-06 6.94893e-06 0.0069561 30
2.81474e-06 5.15547e-06 0.00694895 30
3.62802e-06 6.73148e-06 0.00686193 30
2.88069e-06 5.75627e-06 0.00698495 30
3.02462e-06 5.23427e-06 0.006953 30
