1.97707e-06 4.11074e-06 0.00648808 50
3.28202e-06 7.91341e-06 0.0067389 50
3.47295e-06 7.27582e-06 0.0066278 50
3.75236e-06 6.60111e-06 0.00652599 50
3.45881e-06 8.06399e-06 0.0065608 50
3.35126e-06 8.0419e-06 0.0066278 50
2.98356e-06 6.128e-06 0.006531 50
3.2006e-06 7.4683e-06 0.00659204 50
2.93796e-06 6.52969e-06 0.00655317 50
3.46607e-06 6.47954e-06 0.00658798 50
3.60201e-06 8.62945e-06 0.00677705 50
3.57569e-06 6.02e-06 0.00735998 50
3.08845e-06 7.75186e-06 0.00656891 50
3.16374e-06 6.72745e-06 0.00657606 50
3.37885e-06 8.63012e-06 0.00654197 50
2.97021e-06 7.28826e-06 0.00651717 50
4.09389e-06 1.03407e-05 0.00657582 50
2.49363e-06 6.01871e-06 0.00662088 50
3.65813e-06 9.05534e-06 0.00660992 50
3.49282e-06 7.48345e-06 0.00653195 50
3.54392e-06 5.92338e-06 0.0065279 50
3.46074e-06 8.98154e-06 0.00681591 50
3.41646e-06 8.14118e-06 0.00685811 50
3.27747e-06 7.54382e-06 0.00660801 50
3.09293e-06 5.99579e-06 0.00658107 50
3.16071e-06 8.23013e-06 0.00660014 50
3.09299e-06 5.18053e-06 0.00654411 50
4.12816e-06 8.81723e-06 0.00659204 50
3.18273e-06 7.64924e-06 0.00658894 50
3.05306e-06 6.37412e-06 0.00658607 50
3.23522e-06 7.36385e-06 0.00652695 50
3.60561e-06 7.63759e-06 0.00653601 50
3.3472e-06 6.83637e-06 0.00655699 50
3.397e-06 7.85609e-06 0.00659108 50
3.39114e-06 7.10519e-06 0.00657201 50
2.75271e-06 5.42567e-06 0.00655508 50
3.18943e-06 6.65933e-06 0.00655103 50
2.95443e-06 7.43113e-06 0.00680709 50
3.08336e-06 6.6955e-06 0.00661206 50
3.55658e-06 7.70416e-06 0.00662303 50
3.08787e-06 7.63758e-06 0.00660992 50
3.94052e-06 8.56368e-06 0.00659299 50
3.22965e-06 7.00966e-06 0.00674391 50
3.24081e-06 7.04559e-06 0.00663805 50
3.31644e-06 6.78686e-06 0.00654984 50
3.98121e-06 7.27358e-06 0.00661087 50
2.6321e-06 5.12509e-06 0.00704908 50
3.02684e-06 5.85457e-06 0.00676608 50
3.23604e-06 8.55586e-06 0.00669813 50
2.75011e-06 5.30042e-06 0.00661898 50
