3.01736e-06 5.45654e-06 0.00294995 24
3.02876e-06 5.00447e-06 0.00295591 24
3.42807e-06 4.26359e-06 0.00297713 24
2.90598e-06 5.37307e-06 0.00295687 24
2.94256e-06 5.45162e-06 0.00299001 24
2.70744e-06 4.76118e-06 0.00295091 24
3.38324e-06 5.30851e-06 0.00296903 24
2.81999e-06 4.67168e-06 0.00294304 24
3.65433e-06 7.47252e-06 0.00296807 24
3.19287e-06 5.91811e-06 0.00295496 24
4.47402e-06 7.36234e-06 0.00297499 24
3.81234e-06 5.6711e-06 0.00299096 24
2.46312e-06 4.24719e-06 0.00295997 24
3.65195e-06 5.81654e-06 0.00296187 24
2.25019e-06 3.46522e-06 0.00299692 24
2.89454e-06 5.392e-06 0.00303912 24
2.90533e-06 5.53757e-06 0.00295782 24
3.42534e-06 4.86866e-06 0.00304317 24
2.29217e-06 4.42351e-06 0.0029521 24
2.6428e-06 4.73008e-06 0.00297403 24
2.74378e-06 5.25249e-06 0.00296402 24
3.55185e-06 6.01667e-06 0.00303102 24
2.80171e-06 4.66163e-06 0.00299001 24
3.37054e-06 6.13217e-06 0.00295401 24
3.86604e-06 5.91515e-06 0.00296903 24
3.47177e-06 6.02638e-06 0.003263 24
3.29535e-06 4.65291e-06 0.00326204 24
3.06475e-06 5.2799e-06 0.00333714 24
2.91408e-06 4.55982e-06 0.0032239 24
3.2187e-06 5.17915e-06 0.00300598 24
3.09418e-06 5.26346e-06 0.00296402 24
3.37754e-06 5.10715e-06 0.00303793 24
3.4258e-06 5.23865e-06 0.00301385 24
2.72505e-06 5.03763e-06 0.00298095 24
3.35117e-06 5.27243e-06 0.003021 24
3.40263e-06 5.39248e-06 0.00304508 24
2.17585e-06 3.65068e-06 0.00301909 24
2.64591e-06 4.15406e-06 0.00299501 24
3.62154e-06 6.1148e-06 0.00308299 24
2.93486e-06 4.08853e-06 0.00539804 24
3.56381e-06 6.34746e-06 0.0030632 24
2.84185e-06 5.27969e-06 0.0032239 24
2.60208e-06 4.64596e-06 0.00359607 24
3.75556e-06 5.68047e-06 0.00271916 24
3.38769e-06 5.85868e-06 0.00276303 24
3.12252e-06 4.34196e-06 0.00280595 24
2.56367e-06 4.8894e-06 0.00282598 24
3.60272e-06 6.28422e-06 0.00322485 24
3.46267e-06 6.40726e-06 0.00322509 24
3.11141e-06 5.20981e-06 0.00329089 24
