4.56908e-06 2.74562e-05 0.00359893 404
4.63737e-06 3.46728e-05 0.00359583 404
4.70633e-06 3.04641e-05 0.00356793 404
5.21218e-06 3.02477e-05 0.00362301 404
4.75361e-06 2.69296e-05 0.0035851 404
4.54999e-06 3.49385e-05 0.00359201 404
4.72629e-06 2.56231e-05 0.00360107 404
4.93741e-06 3.29694e-05 0.00370383 404
4.65233e-06 3.34316e-05 0.00355506 404
5.39921e-06 3.20302e-05 0.00384212 404
3.82821e-06 2.24597e-05 0.0036099 404
4.37002e-06 2.17022e-05 0.00360489 404
4.54708e-06 2.93258e-05 0.00371099 404
4.5506e-06 3.08653e-05 0.00362587 404
4.4827e-06 2.88633e-05 0.00369501 404
4.89881e-06 3.08218e-05 0.00357294 404
4.14523e-06 3.30678e-05 0.00366712 404
5.09055e-06 2.90753e-05 0.003582 404
4.8772e-06 2.88215e-05 0.00360298 404
3.98839e-06 2.32769e-05 0.00357103 404
3.89989e-06 3.14658e-05 0.00358796 404
4.31478e-06 2.60184e-05 0.00372887 404
4.02271e-06 2.57115e-05 0.00362015 404
4.68335e-06 3.07389e-05 0.00358915 404
4.68883e-06 3.0191e-05 0.00360584 404
4.93923e-06 2.74795e-05 0.00366187 404
4.48199e-06 2.89216e-05 0.00361109 404
4.75283e-06 2.84388e-05 0.00364304 404
4.88117e-06 3.31348e-05 0.00362611 404
4.39943e-06 3.0704e-05 0.00359106 404
4.48404e-06 3.30214e-05 0.00359201 404
5.19982e-06 2.6394e-05 0.00359416 404
4.3773e-06 2.84093e-05 0.003896 404
4.07866e-06 2.9282e-05 0.00357914 404
4.59908e-06 2.66323e-05 0.00370121 404
4.77061e-06 2.93737e-05 0.00360107 404
4.42919e-06 2.59658e-05 0.00364399 404
4.31235e-06 2.52593e-05 0.00360298 404
5.11097e-06 4.09744e-05 0.00361705 404
4.66713e-06 3.22628e-05 0.00367117 404
4.52742e-06 2.2472e-05 0.00358891 404
5.18892e-06 2.75857e-05 0.00334501 404
4.33716e-06 2.65733e-05 0.00337791 404
4.64324e-06 2.61342e-05 0.00325608 404
5.15712e-06 3.15766e-05 0.00333619 404
4.64417e-06 2.90597e-05 0.00327587 404
4.66593e-06 2.74238e-05 0.00332499 404
5.15323e-06 2.59945e-05 0.00329614 404
4.2275e-06 2.10377e-05 0.00333691 404
5.5271e-06 3.16349e-05 0.00331712 404
