1.00515e-05 0.000171603 0.00579214
1.00815e-05 0.000175151 0.00588799
1.01285e-05 0.000183818 0.00601602
9.60715e-06 0.000170573 0.00595093
1.05512e-05 0.000184092 0.00594902
1.04701e-05 0.000186662 0.00598192
9.6826e-06 0.000171877 0.00981498
9.99941e-06 0.000179714 0.006001
1.02549e-05 0.000195683 0.00633311
9.91351e-06 0.000185921 0.00605392
1.04839e-05 0.000178412 0.00591302
1.03223e-05 0.000186127 0.00587296
9.34377e-06 0.000161392 0.00597596
9.6947e-06 0.00016956 0.00588894
1.02832e-05 0.000181176 0.00583887
9.75199e-06 0.000180036 0.00601411
9.80503e-06 0.000176576 0.00589204
9.79222e-06 0.000160029 0.00585198
9.46924e-06 0.000169862 0.00591612
9.6694e-06 0.00017148 0.0059011
1.01457e-05 0.000181733 0.00612712
1.07952e-05 0.000202398 0.00581598
1.00179e-05 0.00017809 0.00587106
1.00797e-05 0.000176191 0.00590301
9.50256e-06 0.000166757 0.00598192
1.01751e-05 0.000184091 0.00593305
9.94067e-06 0.000179723 0.00616002
1.01491e-05 0.00018327 0.00605297
9.45756e-06 0.000167425 0.00599813
9.52464e-06 0.000178679 0.00604582
1.00152e-05 0.000176008 0.00591898
1.02283e-05 0.000184262 0.00590515
1.05312e-05 0.00018671 0.00591898
9.84101e-06 0.000171587 0.00586891
9.56411e-06 0.000164285 0.00590801
1.0019e-05 0.000176059 0.00591207
9.95886e-06 0.000179896 0.00592184
1.01659e-05 0.00018445 0.00588799
9.19993e-06 0.000165357 0.00586081
9.75067e-06 0.000171816 0.00590611
9.46246e-06 0.000174648 0.00591707
9.84504e-06 0.000173543 0.00595784
1.02666e-05 0.000165997 0.00591207
1.01334e-05 0.000172682 0.00595188
9.45419e-06 0.000176991 0.00589085
1.03672e-05 0.000185599 0.0059309
1.01809e-05 0.000188256 0.00590801
9.49487e-06 0.000162809 0.00588608
9.46034e-06 0.000170682 0.00588918
1.02288e-05 0.000177022 0.00594687
