3.2574e-06 8.10674e-06 0.00618196 50
3.73416e-06 9.86258e-06 0.00625682 50
3.50322e-06 9.90759e-06 0.00623417 50
3.45713e-06 1.04346e-05 0.00623298 50
2.97881e-06 8.93124e-06 0.00625706 50
3.10852e-06 7.92296e-06 0.0067451 50
3.13147e-06 6.96181e-06 0.00778222 50
3.09159e-06 6.22595e-06 0.00731301 50
3.1365e-06 7.3238e-06 0.00615001 50
3.89353e-06 8.28983e-06 0.00636601 50
3.17972e-06 7.25745e-06 0.00628495 50
2.89188e-06 8.13006e-06 0.00622201 50
2.98255e-06 7.56374e-06 0.00654411 50
3.92654e-06 9.10025e-06 0.00613284 50
3.36319e-06 6.82841e-06 0.006217 50
3.38726e-06 8.58134e-06 0.0062561 50
3.75378e-06 8.30854e-06 0.00627708 50
3.33711e-06 8.91066e-06 0.00626111 50
3.85209e-06 9.93435e-06 0.00632191 50
3.0665e-06 9.86533e-06 0.00624919 50
3.26245e-06 7.73634e-06 0.00624394 50
3.47213e-06 1.00629e-05 0.00626802 50
3.12343e-06 7.22599e-06 0.00644112 50
3.88543e-06 8.76394e-06 0.00620484 50
3.1949e-06 7.11371e-06 0.00625706 50
3.91752e-06 8.14177e-06 0.00628495 50
3.08907e-06 8.62091e-06 0.0062511 50
3.73352e-06 8.78826e-06 0.00619817 50
3.00797e-06 6.56345e-06 0.00619912 50
3.23935e-06 8.01936e-06 0.00622201 50
3.57654e-06 9.67643e-06 0.00661397 50
3.77313e-06 9.65825e-06 0.00620794 50
3.5726e-06 7.78823e-06 0.00627899 50
3.55928e-06 7.46572e-06 0.00625396 50
3.33227e-06 7.9993e-06 0.00644898 50
3.76214e-06 8.4648e-06 0.00620818 50
3.33288e-06 7.4075e-06 0.00626183 50
3.7108e-06 8.39689e-06 0.00623393 50
3.58347e-06 8.85116e-06 0.00626302 50
3.34543e-06 8.27603e-06 0.00643086 50
3.52397e-06 1.13084e-05 0.00619698 50
3.33803e-06 7.06937e-06 0.00625205 50
3.35516e-06 8.3115e-06 0.00623488 50
3.43287e-06 7.84946e-06 0.00639701 50
3.92974e-06 8.67305e-06 0.00616693 50
3.29672e-06 6.89932e-06 0.00625396 50
3.08321e-06 7.54843e-06 0.00631404 50
3.67919e-06 8.30229e-06 0.00620794 50
3.68615e-06 8.2208e-06 0.00625801 50
3.15466e-06 7.84361e-06 0.00619984 50
