0.000360843 0.113766 0.00430012 4004
0.00032596 0.102687 0.00426698 4004
0.000512047 0.161693 0.00433111 4004
0.000647926 0.204709 0.00434089 4004
0.000460094 0.145242 0.00434399 4004
0.000523406 0.165274 0.00431299 4004
0.000426625 0.13463 0.00435495 4004
0.000548721 0.173312 0.00429487 4004
0.00041018 0.129426 0.00435996 4004
0.000383757 0.121016 0.00440216 4004
0.000218081 0.0683531 0.00439692 4004
0.000548157 0.173128 0.00434709 4004
0.000392235 0.123722 0.00436902 4004
0.000425154 0.13416 0.00437307 4004
0.00033925 0.106903 0.00430799 4004
0.000411257 0.129749 0.00436807 4004
0.000336468 0.106023 0.00439095 4004
0.000420208 0.132578 0.00435209 4004
0.000361216 0.11387 0.00433898 4004
0.000418841 0.132141 0.00435519 4004
0.000439378 0.138659 0.00436497 4004
0.000518159 0.163605 0.00433016 4004
0.000505708 0.159689 0.00438905 4004
0.000241424 0.0758256 0.00437593 4004
0.00074949 0.236867 0.00433803 4004
0.00047022 0.148433 0.00434184 4004
0.000421727 0.133063 0.00437498 4004
0.000372559 0.117484 0.00434089 4004
0.000404891 0.12774 0.00436902 4004
0.000491325 0.155132 0.00439191 4004
0.00047194 0.148985 0.00435901 4004
0.00058542 0.184934 0.00434899 4004
0.000430536 0.135858 0.00439882 4004
0.000513779 0.162232 0.00434494 4004
0.000544033 0.171828 0.00433016 4004
0.000304709 0.0959334 0.00437808 4004
0.000606174 0.191505 0.00432801 4004
0.000476094 0.150309 0.00436711 4004
0.000488886 0.154354 0.00435495 4004
0.000325558 0.102565 0.004354 4004
0.000318315 0.100286 0.00438285 4004
0.000355399 0.112051 0.00442195 4004
0.000274377 0.0863011 0.00439596 4004
0.000345901 0.10901 0.00435686 4004
0.000305221 0.0961065 0.00438809 4004
0.000546585 0.172628 0.00437713 4004
0.000720733 0.227771 0.00439191 4004
0.000260681 0.0819312 0.00437999 4004
0.000457635 0.144436 0.00438619 4004
0.000446931 0.141055 0.00436902 4004
