3.07459e-06 6.42787e-06 0.00525594 48
3.21193e-06 7.31693e-06 0.00520611 48
2.43933e-06 5.4271e-06 0.00532699 48
3.34863e-06 6.98291e-06 0.00533199 48
2.81526e-06 5.65791e-06 0.00531006 48
3.11563e-06 5.07345e-06 0.00532913 48
3.57367e-06 7.70383e-06 0.00531721 48
3.9858e-06 6.92868e-06 0.00533009 48
2.66082e-06 6.07683e-06 0.00534511 48
2.62929e-06 5.45624e-06 0.00524497 48
2.81688e-06 5.84857e-06 0.00541496 48
3.59025e-06 7.13661e-06 0.00523591 48
3.27477e-06 6.19163e-06 0.00546122 48
3.24238e-06 7.90221e-06 0.00536203 48
3.00474e-06 6.6313e-06 0.00532985 48
3.41623e-06 7.3651e-06 0.00529194 48
3.13823e-06 7.25664e-06 0.00535393 48
3.01876e-06 5.8279e-06 0.00588012 48
3.44011e-06 7.72549e-06 0.00534797 48
3.28579e-06 7.29403e-06 0.00527191 48
3.25007e-06 6.5076e-06 0.00532818 48
2.86564e-06 6.23869e-06 0.0052731 48
2.62391e-06 4.33524e-06 0.00538111 48
2.68112e-06 5.45288e-06 0.00537801 48
4.14348e-06 9.70048e-06 0.00534105 48
3.39452e-06 5.88822e-06 0.00537515 48
2.72608e-06 6.33606e-06 0.00531578 48
2.98375e-06 6.25752e-06 0.00543499 48
3.3642e-06 7.39701e-06 0.00555801 48
2.9693e-06 6.77324e-06 0.00581002 48
3.33191e-06 6.84771e-06 0.00531387 48
3.97736e-06 9.29784e-06 0.00563407 48
2.81996e-06 5.66334e-06 0.00531816 48
3.70822e-06 7.79253e-06 0.00544 48
2.81871e-06 6.14115e-06 0.00531793 48
3.32189e-06 6.5732e-06 0.00532103 48
3.83891e-06 7.79289e-06 0.00528383 48
2.97434e-06 7.27374e-06 0.00535178 48
3.11941e-06 6.95757e-06 0.00538921 48
3.43122e-06 8.05849e-06 0.00538898 48
4.06062e-06 7.32977e-06 0.00531816 48
2.94905e-06 6.40311e-06 0.00530791 48
3.77388e-06 7.30482e-06 0.00521398 48
3.17455e-06 7.40766e-06 0.00537086 48
3.01685e-06 6.28123e-06 0.00535512 48
3.20324e-06 6.71614e-06 0.00544906 48
3.29795e-06 5.98063e-06 0.00533104 48
3.07041e-06 6.17342e-06 0.00532889 48
3.46899e-06 7.35979e-06 0.00533104 48
2.64967e-06 5.4719e-06 0.00532603 48
