4.86222e-06 1.9944e-05 0.00792313
4.22988e-06 2.14532e-05 0.00792408
4.39926e-06 2.21685e-05 0.00788999
4.54562e-06 2.11234e-05 0.00790882
4.16831e-06 2.27312e-05 0.00789595
4.4747e-06 2.1414e-05 0.00788903
4.50681e-06 2.06784e-05 0.00790501
4.13086e-06 2.07818e-05 0.00987816
5.11119e-06 2.23332e-05 0.00792789
4.73394e-06 2.01907e-05 0.00800991
4.90813e-06 2.42149e-05 0.00801611
4.25813e-06 2.24545e-05 0.00796103
4.34538e-06 1.97235e-05 0.00797009
4.36348e-06 2.06098e-05 0.00798106
4.63225e-06 2.01762e-05 0.00797796
4.64866e-06 2.11665e-05 0.00794888
3.95084e-06 1.933e-05 0.00795889
4.62651e-06 1.83639e-05 0.00798893
4.03007e-06 2.01145e-05 0.00791693
4.39896e-06 2.00131e-05 0.00788999
3.73264e-06 1.65184e-05 0.00797009
4.83967e-06 2.23159e-05 0.00789309
4.12132e-06 2.10421e-05 0.00797486
4.37555e-06 2.12456e-05 0.00791502
4.87076e-06 2.27003e-05 0.00791812
4.35841e-06 2.37189e-05 0.00791812
4.22372e-06 2.03392e-05 0.00792408
4.9889e-06 2.17334e-05 0.00792217
4.47999e-06 2.1277e-05 0.00794005
4.84016e-06 2.62041e-05 0.00790405
4.81297e-06 2.16195e-05 0.00794888
4.57775e-06 2.29855e-05 0.00789309
4.59415e-06 2.16516e-05 0.00791192
4.53498e-06 2.01791e-05 0.00787497
4.96418e-06 2.28632e-05 0.00794911
4.65976e-06 2.27838e-05 0.00791001
4.03735e-06 1.84259e-05 0.00799918
5.0675e-06 2.26368e-05 0.00795507
4.55995e-06 2.17964e-05 0.00793004
4.45021e-06 1.99141e-05 0.007864
4.18613e-06 2.19347e-05 0.00794506
5.24048e-06 2.38442e-05 0.00794983
5.33894e-06 2.38941e-05 0.00795388
3.874e-06 1.56145e-05 0.00798106
4.11785e-06 1.97271e-05 0.00789094
4.82478e-06 2.10844e-05 0.00799298
4.6472e-06 2.0009e-05 0.00851083
5.19151e-06 2.54668e-05 0.00788283
4.39042e-06 1.87098e-05 0.00904202
4.35751e-06 2.03927e-05 0.00840592
