4.55305e-06 2.19295e-05 0.0190041
4.59248e-06 1.88396e-05 0.018976
4.81805e-06 2.30891e-05 0.0189471
4.81822e-06 2.18684e-05 0.01932
4.47733e-06 2.2257e-05 0.0199111
4.60967e-06 2.15087e-05 0.023119
4.69595e-06 2.40669e-05 0.0230861
4.48072e-06 2.20268e-05 0.0191321
4.69602e-06 2.12208e-05 0.0203459
4.65275e-06 2.42036e-05 0.019583
4.81083e-06 2.30796e-05 0.019007
4.40496e-06 2.18896e-05 0.0190151
4.90495e-06 2.2645e-05 0.019043
4.64555e-06 2.30032e-05 0.018857
4.83877e-06 2.14647e-05 0.0189261
4.19115e-06 1.9585e-05 0.0188971
4.63943e-06 2.11006e-05 0.019258
4.84593e-06 2.47622e-05 0.0189948
4.49807e-06 2.01827e-05 0.0188689
4.41786e-06 2.08071e-05 0.0188498
4.44167e-06 2.14285e-05 0.018846
4.28281e-06 1.93081e-05 0.018832
4.98127e-06 2.2061e-05 0.019026
4.65829e-06 2.17146e-05 0.0188968
4.69162e-06 2.58156e-05 0.0188298
4.66967e-06 2.2e-05 0.020226
4.40714e-06 2.1459e-05 0.02038
4.24849e-06 1.99701e-05 0.020884
4.34544e-06 2.16056e-05 0.02053
4.06834e-06 1.85357e-05 0.0209301
5.02566e-06 1.98498e-05 0.020853
4.63589e-06 2.30504e-05 0.02055
4.65985e-06 2.3145e-05 0.020545
5.00385e-06 2.42971e-05 0.0210941
4.3269e-06 2.16604e-05 0.022974
4.7576e-06 2.20427e-05 0.020936
4.64221e-06 2.00055e-05 0.020858
4.64808e-06 2.01638e-05 0.0209939
4.42539e-06 2.09027e-05 0.020678
4.07758e-06 1.78002e-05 0.0207591
4.49753e-06 2.07871e-05 0.0216389
4.86023e-06 2.41266e-05 0.0209422
4.40354e-06 1.75898e-05 0.020766
4.424e-06 2.19501e-05 0.020535
4.68188e-06 2.21355e-05 0.0206301
4.54143e-06 2.3565e-05 0.020587
4.68403e-06 2.04979e-05 0.0208769
4.8812e-06 2.47137e-05 0.0206051
4.70183e-06 2.39116e-05 0.020745
5.0026e-06 2.26674e-05 0.020478
