3.28223e-06 6.92799e-06 0.00287199 44
3.34408e-06 6.97855e-06 0.00290203 44
3.48509e-06 6.82955e-06 0.00288105 44
3.33112e-06 7.77667e-06 0.00288582 44
3.43465e-06 7.9706e-06 0.00312901 44
3.44347e-06 6.50016e-06 0.00290203 44
3.33187e-06 7.28286e-06 0.00295901 44
3.05209e-06 6.34544e-06 0.00294685 44
3.12014e-06 6.50614e-06 0.002949 44
3.09011e-06 6.99453e-06 0.00284505 44
3.53789e-06 7.09574e-06 0.00294304 44
3.07175e-06 6.71639e-06 0.0028739 44
3.28351e-06 5.59797e-06 0.00293922 44
3.17355e-06 6.96258e-06 0.00323081 44
3.28917e-06 5.36565e-06 0.00322199 44
2.98197e-06 4.96897e-06 0.00272799 44
3.3108e-06 6.49443e-06 0.00296092 44
3.37484e-06 6.43502e-06 0.00296497 44
3.31209e-06 7.12171e-06 0.00296187 44
3.28078e-06 6.33021e-06 0.00293303 44
3.67116e-06 7.60984e-06 0.00296402 44
3.6047e-06 7.40216e-06 0.00300598 44
3.09662e-06 6.43533e-06 0.00296497 44
3.20354e-06 5.59133e-06 0.00295091 44
3.66034e-06 6.37881e-06 0.00299096 44
3.17841e-06 6.3474e-06 0.00293684 44
2.72754e-06 6.04802e-06 0.00296497 44
2.52051e-06 6.33894e-06 0.00301099 44
2.86337e-06 4.95581e-06 0.00289989 44
2.75504e-06 6.08464e-06 0.00296116 44
3.42277e-06 7.53422e-06 0.00297117 44
3.56427e-06 8.57851e-06 0.00297713 44
3.91473e-06 8.44923e-06 0.00297689 44
4.38508e-06 9.42583e-06 0.00297713 44
3.8628e-06 6.11922e-06 0.002949 44
3.24487e-06 6.61489e-06 0.002985 44
2.72189e-06 5.74015e-06 0.00297999 44
2.93161e-06 5.43848e-06 0.00297117 44
2.78857e-06 5.53135e-06 0.00296283 44
3.3406e-06 6.00134e-06 0.00295615 44
3.15667e-06 6.7971e-06 0.00298095 44
2.79036e-06 5.957e-06 0.00299788 44
2.82925e-06 6.81423e-06 0.00299811 44
2.98834e-06 5.4214e-06 0.00299096 44
3.33346e-06 6.62316e-06 0.00302196 44
3.16346e-06 6.70737e-06 0.00296092 44
3.24989e-06 6.72467e-06 0.00303221 44
3.32868e-06 7.16107e-06 0.00299191 44
3.10991e-06 5.94328e-06 0.00299001 44
3.21966e-06 6.28581e-06 0.00301099 44
