3.3702e-06 6.57709e-06 0.00315905 44
3.5923e-06 8.30544e-06 0.00314808 44
3.01001e-06 5.02007e-06 0.00298214 44
2.7738e-06 6.61073e-06 0.00270605 44
3.50939e-06 6.4786e-06 0.00270891 44
3.19085e-06 6.75153e-06 0.00271583 44
3.14005e-06 6.5775e-06 0.00271583 44
3.49698e-06 7.01625e-06 0.00272417 44
3.35902e-06 6.76054e-06 0.00272584 44
2.98704e-06 5.00971e-06 0.00271893 44
3.51285e-06 7.65163e-06 0.00271416 44
3.19549e-06 6.72587e-06 0.00271201 44
3.42896e-06 6.58347e-06 0.00282502 44
3.43021e-06 7.19106e-06 0.00308299 44
3.46077e-06 6.2508e-06 0.00271511 44
2.91172e-06 5.23257e-06 0.00269985 44
3.01148e-06 6.67522e-06 0.00270605 44
2.89826e-06 6.32736e-06 0.0027492 44
3.05324e-06 6.67538e-06 0.00272202 44
3.26413e-06 5.41706e-06 0.00270391 44
3.48446e-06 7.26498e-06 0.002774 44
3.18308e-06 6.5566e-06 0.00272894 44
2.82751e-06 6.53317e-06 0.00271916 44
3.92127e-06 7.32142e-06 0.003299 44
2.85451e-06 5.40914e-06 0.00314498 44
3.32701e-06 6.31123e-06 0.00272107 44
2.56023e-06 6.23316e-06 0.00270796 44
2.81811e-06 6.48013e-06 0.00272393 44
3.33708e-06 6.35384e-06 0.00274587 44
3.68603e-06 7.08329e-06 0.00273299 44
3.48295e-06 7.86914e-06 0.00271392 44
2.828e-06 5.40756e-06 0.00272489 44
3.25548e-06 5.34122e-06 0.00271201 44
3.35109e-06 6.62457e-06 0.00273991 44
3.91431e-06 7.73718e-06 0.00274992 44
3.00784e-06 6.67203e-06 0.0029521 44
3.12927e-06 6.8126e-06 0.00281906 44
2.93104e-06 6.02646e-06 0.00273108 44
3.19346e-06 6.84646e-06 0.00272799 44
2.53035e-06 4.95863e-06 0.00280309 44
2.68595e-06 5.45677e-06 0.00272298 44
3.20701e-06 7.61062e-06 0.00274277 44
3.69786e-06 7.27293e-06 0.00272584 44
3.16865e-06 7.59042e-06 0.00279284 44
3.63318e-06 7.6532e-06 0.00280905 44
3.11749e-06 6.4243e-06 0.00272608 44
3.12965e-06 5.16497e-06 0.00272608 44
3.14056e-06 7.12253e-06 0.00274992 44
2.70679e-06 5.80781e-06 0.00273299 44
2.37284e-06 5.09829e-06 0.00273395 44
