7.65296e-06 0.000121298 0.00837803
8.25953e-06 0.000137489 0.00836992
8.01298e-06 0.000133386 0.00837994
7.8782e-06 0.000126338 0.00813484
8.04292e-06 0.000126788 0.00816798
7.66278e-06 0.000116994 0.00718307
8.07728e-06 0.000116817 0.00718403
7.35106e-06 0.00013182 0.00702095
7.87401e-06 0.000121552 0.00705099
7.67525e-06 0.000116175 0.0070169
8.08475e-06 0.000141892 0.0070262
7.06126e-06 0.00012016 0.0070281
7.64309e-06 0.000117988 0.00704789
8.59795e-06 0.000146462 0.00702
8.07029e-06 0.000136049 0.00710392
8.03868e-06 0.000130957 0.00703192
7.15492e-06 0.000115323 0.00703311
8.01553e-06 0.000123768 0.00703287
7.93587e-06 0.000123787 0.0070231
7.91546e-06 0.00012323 0.00702405
8.25758e-06 0.000141918 0.00718999
7.56533e-06 0.000121619 0.0070219
7.85419e-06 0.000130498 0.00701809
7.47944e-06 0.00012514 0.00702691
7.43439e-06 0.000120647 0.00702882
7.44156e-06 0.000125292 0.00701404
7.40147e-06 0.000113612 0.00702786
7.59549e-06 0.000112053 0.00702286
7.57711e-06 0.000119098 0.00700808
7.76907e-06 0.000120926 0.00704694
7.38297e-06 0.000109059 0.00701404
7.92646e-06 0.000118942 0.00705099
7.67319e-06 0.000127915 0.007056
8.2252e-06 0.000130363 0.00704312
7.79102e-06 0.000130706 0.00702095
7.22519e-06 0.000126271 0.007025
7.6696e-06 0.000120923 0.0070231
8.06358e-06 0.00012622 0.00702405
7.67339e-06 0.000124421 0.00701809
8.31621e-06 0.000134844 0.00700998
7.78239e-06 0.00012283 0.00705695
8.12477e-06 0.00012878 0.00704503
7.61485e-06 0.000121564 0.00703502
7.68668e-06 0.000112214 0.007025
7.69292e-06 0.000127221 0.00702405
7.75232e-06 0.000127874 0.00704598
7.53003e-06 0.000113892 0.00704384
8.41514e-06 0.000132107 0.00703001
7.74042e-06 0.000115603 0.0070219
7.55681e-06 0.000128928 0.00703502
