4.84271e-06 1.92943e-05 0.00808501
4.25945e-06 2.05601e-05 0.00819898
4.55896e-06 2.26183e-05 0.00716114
4.91653e-06 2.57512e-05 0.00735188
4.26261e-06 2.1039e-05 0.0071702
5.06841e-06 2.00173e-05 0.0071609
4.08327e-06 2.09664e-05 0.00884914
4.64528e-06 2.39372e-05 0.00861001
4.12989e-06 2.07373e-05 0.00714898
4.74664e-06 2.27214e-05 0.0071671
4.04619e-06 1.98371e-05 0.00718808
4.72841e-06 2.32479e-05 0.00715184
4.53335e-06 2.1445e-05 0.0071528
4.98752e-06 2.47681e-05 0.00715303
4.17997e-06 2.17427e-05 0.00716305
4.383e-06 1.90304e-05 0.00717306
4.11894e-06 1.89664e-05 0.00715709
4.70658e-06 2.10393e-05 0.00717402
4.63619e-06 2.32053e-05 0.00717902
4.32646e-06 1.90351e-05 0.00715208
4.71088e-06 2.25541e-05 0.00716496
4.17558e-06 1.90251e-05 0.00715494
4.13828e-06 2.15576e-05 0.00715494
4.34997e-06 2.17375e-05 0.0071981
4.80647e-06 2.2616e-05 0.00717783
4.82645e-06 2.34471e-05 0.00717497
4.70684e-06 2.14733e-05 0.007164
4.3965e-06 2.1592e-05 0.00715613
4.38236e-06 2.37401e-05 0.00716305
4.42079e-06 2.11556e-05 0.00715494
4.98558e-06 2.4223e-05 0.00717497
4.91797e-06 2.36165e-05 0.00716686
4.57387e-06 1.97161e-05 0.00717902
3.92792e-06 2.01573e-05 0.00720906
4.54944e-06 2.14625e-05 0.00717115
4.95078e-06 2.37965e-05 0.00714779
4.25218e-06 2.34242e-05 0.00717902
5.17737e-06 2.48345e-05 0.00716686
4.67415e-06 2.09412e-05 0.00714993
5.16819e-06 2.13559e-05 0.00715899
4.37093e-06 2.29994e-05 0.00716305
5.09356e-06 2.35165e-05 0.007195
4.86968e-06 2.2845e-05 0.00717497
4.08291e-06 2.07798e-05 0.00716782
4.62935e-06 2.2666e-05 0.00717306
3.95515e-06 1.90422e-05 0.00716305
4.62318e-06 2.16361e-05 0.00715899
5.02633e-06 2.23424e-05 0.00715709
4.58844e-06 2.11685e-05 0.00718212
4.86651e-06 2.2898e-05 0.00718307
