6.77025e-06 9.53294e-05 0.00994587
6.96128e-06 9.55006e-05 0.0100188
7.31465e-06 0.000105278 0.00994802
7.40505e-06 9.87042e-05 0.00999188
7.43967e-06 0.000102239 0.00993109
7.37868e-06 0.000105446 0.00997901
7.42188e-06 0.000105144 0.00993896
7.26253e-06 0.000109055 0.00994897
6.88517e-06 9.38066e-05 0.00993299
7.20432e-06 9.71703e-05 0.00994301
7.11151e-06 9.65483e-05 0.00999403
7.44927e-06 0.000102892 0.00995803
7.80915e-06 0.000109809 0.00993109
6.8495e-06 9.26519e-05 0.00980496
7.63785e-06 0.000103415 0.00995588
7.11215e-06 0.000101368 0.009938
6.92896e-06 9.74707e-05 0.00998306
6.97225e-06 0.000101649 0.00997019
7.45872e-06 0.00010711 0.00995493
7.15387e-06 9.24413e-05 0.00994802
7.01182e-06 0.00010244 0.00973392
7.05478e-06 9.27617e-05 0.00993896
7.63536e-06 0.000104824 0.00993109
6.70064e-06 9.09889e-05 0.0099349
7.54326e-06 0.000104612 0.00996399
6.89965e-06 8.48276e-05 0.00994802
7.58867e-06 9.95954e-05 0.00996804
6.86273e-06 8.84022e-05 0.00993896
7.47357e-06 0.000104742 0.00994992
7.61675e-06 0.000106273 0.010087
7.45234e-06 0.000100625 0.00993609
7.23136e-06 9.80272e-05 0.0099771
7.381e-06 9.68222e-05 0.00994897
7.00464e-06 9.9316e-05 0.00995398
6.89786e-06 9.61481e-05 0.009727
7.30861e-06 0.000102513 0.00995803
7.28175e-06 9.84605e-05 0.00973296
7.10746e-06 0.000105583 0.00996494
7.92313e-06 0.000112617 0.00999093
7.81176e-06 9.65484e-05 0.00994205
7.49999e-06 0.000105416 0.010226
7.33173e-06 9.81521e-05 0.00995398
7.38962e-06 9.89829e-05 0.0101669
7.50705e-06 0.000107755 0.0101762
7.59539e-06 0.000104263 0.00992799
6.85048e-06 8.983e-05 0.010087
7.64694e-06 0.000100555 0.00997114
8.26497e-06 9.95468e-05 0.0100219
7.06936e-06 9.96909e-05 0.0101011
7.10332e-06 0.000102218 0.009938
