3.46141e-06 7.76892e-06 0.00989199
3.37588e-06 7.87144e-06 0.0104489
2.75162e-06 6.47587e-06 0.010035
2.80933e-06 7.13427e-06 0.00999284
2.99613e-06 6.72021e-06 0.0100379
3.37173e-06 6.94934e-06 0.00992203
3.12297e-06 6.97343e-06 0.010206
2.54423e-06 6.26611e-06 0.00989985
3.36925e-06 5.92298e-06 0.00992107
2.97092e-06 7.50166e-06 0.00989103
2.84453e-06 6.71839e-06 0.010438
3.02564e-06 7.57408e-06 0.010184
2.66677e-06 6.18336e-06 0.0099349
3.40033e-06 7.30731e-06 0.00987506
2.56192e-06 6.95097e-06 0.0110729
3.1926e-06 8.93375e-06 0.00986099
3.10836e-06 8.05836e-06 0.00991702
3.00809e-06 7.75328e-06 0.00995111
3.00913e-06 6.17825e-06 0.00989985
3.16895e-06 7.45401e-06 0.00988197
3.09847e-06 6.52897e-06 0.00990486
2.86298e-06 7.97979e-06 0.0099659
3.20102e-06 7.32428e-06 0.00999498
3.47707e-06 8.69119e-06 0.010258
3.33727e-06 9.8553e-06 0.0103199
2.81573e-06 7.45499e-06 0.010035
3.12268e-06 6.73453e-06 0.00996399
3.28916e-06 7.96685e-06 0.0100319
2.55833e-06 6.40287e-06 0.00989008
3.04338e-06 8.57596e-06 0.00994802
3.07474e-06 7.00451e-06 0.010005
3.12652e-06 7.58179e-06 0.0100091
3.05692e-06 6.66348e-06 0.0100381
3.06829e-06 7.58899e-06 0.0112729
3.83174e-06 8.655e-06 0.0100439
3.11763e-06 7.65355e-06 0.00995588
4.27573e-06 9.24118e-06 0.00994301
3.0196e-06 6.57001e-06 0.00996804
3.06e-06 7.67395e-06 0.00991297
3.26307e-06 7.13857e-06 0.0100081
2.50427e-06 6.09328e-06 0.0098958
3.74034e-06 6.87178e-06 0.0100019
3.07776e-06 7.44844e-06 0.00991488
2.84021e-06 7.00979e-06 0.00996208
2.74775e-06 6.65609e-06 0.00991607
2.79467e-06 6.7542e-06 0.00994587
3.45323e-06 8.5446e-06 0.00989604
3.07863e-06 7.54756e-06 0.00991201
3.31067e-06 7.91847e-06 0.00990987
2.89121e-06 7.39155e-06 0.00988388
