0.012632 3.96875 0.00747299 4008
0.00073433 0.230541 0.00753284 4008
0.026789 8.41662 0.00751305 4008
0.011388 3.5779 0.00748491 4008
0.00807687 2.5376 0.00747895 4008
0.000358058 0.112166 0.00749803 4008
0.000715591 0.224662 0.00750804 4008
0.00837477 2.63119 0.00745201 4008
0.0107533 3.3785 0.00756788 4008
0.0216854 6.81317 0.00753212 4008
0.0118119 3.71108 0.00748491 4008
0.0184856 5.80784 0.00761199 4008
0.0072126 2.26606 0.00762105 4008
0.0101593 3.19185 0.00771499 4008
0.0120581 3.78845 0.00763106 4008
0.00378503 1.18916 0.00759101 4008
0.0212415 6.67369 0.00746679 4008
0.0128477 4.03651 0.00757813 4008
0.0032839 1.03171 0.00760484 4008
0.00378631 1.18956 0.00759888 4008
0.00241551 0.758869 0.00752091 4008
0.00836829 2.62916 0.00759792 4008
0.0034779 1.09266 0.007617 4008
0.000883594 0.27748 0.00760603 4008
0.00528044 1.659 0.00757313 4008
0.00665262 2.09012 0.00751901 4008
0.00985576 3.0965 0.00746894 4008
0.00530043 1.66528 0.00758982 4008
0.0163044 5.12256 0.00762415 4008
0.00533429 1.67592 0.00755882 4008
0.0133925 4.2077 0.00756192 4008
0.0133708 4.20085 0.00748801 4008
0.00544909 1.71198 0.00752306 4008
0.0166178 5.22101 0.00758886 4008
0.00116803 0.36687 0.00749111 4008
0.00687864 2.16113 0.00752306 4008
0.00675916 2.12359 0.00753593 4008
0.00630086 1.9796 0.00742698 4008
0.00902503 2.83549 0.00757003 4008
0.00351123 1.10313 0.00760794 4008
0.0177634 5.58095 0.00764203 4008
0.00496239 1.55907 0.00758815 4008
0.00437762 1.37534 0.00763798 4008
0.00394 1.23785 0.00763607 4008
0.0121656 3.8222 0.00753093 4008
0.000873154 0.274196 0.007586 4008
0.00912972 2.86838 0.00762892 4008
0.0188481 5.92173 0.00765896 4008
0.0163829 5.14721 0.00764203 4008
0.0207846 6.53016 0.00754404 4008
