4.21262e-06 2.30124e-05 0.00602508 408
4.43706e-06 2.44541e-05 0.00604391 408
4.55647e-06 2.69298e-05 0.00603104 408
4.7928e-06 2.72341e-05 0.00607014 408
4.81217e-06 2.97128e-05 0.00604296 408
4.46972e-06 2.37538e-05 0.00608087 408
5.40179e-06 3.05585e-05 0.00606513 408
4.72544e-06 2.51932e-05 0.00608206 408
4.52794e-06 2.40327e-05 0.00621605 408
4.74675e-06 2.33855e-05 0.00605822 408
4.18076e-06 2.22691e-05 0.00602198 408
4.43135e-06 2.1804e-05 0.0060041 408
5.12763e-06 2.23744e-05 0.00605989 408
4.34605e-06 2.32409e-05 0.0060401 408
4.98959e-06 2.71154e-05 0.00605488 408
4.96496e-06 2.6617e-05 0.00606298 408
5.16785e-06 3.18252e-05 0.00608587 408
4.39268e-06 2.67832e-05 0.00604296 408
4.66647e-06 2.30779e-05 0.00607896 408
4.39022e-06 2.41069e-05 0.00607204 408
4.36985e-06 2.75038e-05 0.00609398 408
5.64542e-06 2.82569e-05 0.00611782 408
5.06954e-06 3.02065e-05 0.00606012 408
4.82545e-06 2.80172e-05 0.00605893 408
4.53481e-06 2.5382e-05 0.00623608 408
4.41968e-06 2.82546e-05 0.00605607 408
3.94733e-06 2.40196e-05 0.00606394 408
4.47766e-06 2.5149e-05 0.00606298 408
4.5549e-06 2.16198e-05 0.00615692 408
4.85555e-06 2.5947e-05 0.00611091 408
4.89461e-06 2.83357e-05 0.00611091 408
4.78969e-06 2.43656e-05 0.006073 408
5.16683e-06 2.72357e-05 0.00623083 408
4.53113e-06 2.55062e-05 0.00620699 408
4.95605e-06 2.57007e-05 0.00624895 408
5.10569e-06 3.13115e-05 0.00606894 408
4.59741e-06 2.75413e-05 0.00715399 408
4.41689e-06 2.57164e-05 0.00662804 408
4.59977e-06 2.69631e-05 0.00630403 408
3.93023e-06 2.40852e-05 0.0060792 408
5.06149e-06 2.55577e-05 0.00607896 408
4.94614e-06 3.13147e-05 0.00609207 408
4.63687e-06 2.59978e-05 0.00608993 408
4.88276e-06 2.99153e-05 0.00608802 408
4.41065e-06 2.69345e-05 0.00608587 408
4.3413e-06 2.50181e-05 0.0061121 408
4.58995e-06 2.59281e-05 0.00605202 408
4.79001e-06 2.52302e-05 0.00611711 408
4.61836e-06 2.88238e-05 0.00608397 408
4.86278e-06 2.45591e-05 0.00606585 408
