1.44102e-05 0.000528448 0.00300097 804
1.47554e-05 0.000552668 0.002985 804
1.45869e-05 0.00054801 0.00297809 804
1.45588e-05 0.000515839 0.00299811 804
1.36889e-05 0.000525996 0.00328803 804
1.42092e-05 0.000549512 0.00298285 804
1.42233e-05 0.000536465 0.00299001 804
1.43089e-05 0.000537513 0.00297713 804
1.49922e-05 0.000555519 0.00511694 804
1.43899e-05 0.000529061 0.00300193 804
1.42486e-05 0.000550005 0.00299191 804
1.39552e-05 0.000525645 0.00306678 804
1.47204e-05 0.000566106 0.00301695 804
1.4175e-05 0.00054063 0.00299788 804
1.44928e-05 0.000526929 0.00300002 804
1.43045e-05 0.000535708 0.00300193 804
1.40717e-05 0.000548441 0.003016 804
1.4109e-05 0.000535773 0.00299311 804
1.40038e-05 0.000523931 0.00299001 804
1.38629e-05 0.000514097 0.00299692 804
1.42644e-05 0.000522573 0.00299501 804
1.43927e-05 0.000517957 0.00303888 804
1.47808e-05 0.000557841 0.00301313 804
1.37074e-05 0.000493486 0.00299907 804
1.44036e-05 0.000531265 0.00299001 804
1.40586e-05 0.000511461 0.00299501 804
1.46809e-05 0.000542506 0.00300288 804
1.41883e-05 0.000538655 0.003021 804
1.43615e-05 0.000536852 0.00300407 804
1.43771e-05 0.000529505 0.00303698 804
1.39595e-05 0.000518679 0.00302696 804
1.43721e-05 0.000527589 0.00301003 804
1.42828e-05 0.000535353 0.00300908 804
1.51623e-05 0.000570891 0.00301194 804
1.44106e-05 0.00055293 0.00300002 804
1.4732e-05 0.000531841 0.00300694 804
1.45046e-05 0.000574473 0.00299597 804
1.42445e-05 0.000541015 0.00300908 804
1.38705e-05 0.000499293 0.00301909 804
1.45798e-05 0.000548582 0.00305605 804
1.44647e-05 0.000554078 0.003016 804
1.42909e-05 0.000526739 0.00299501 804
1.44015e-05 0.000534268 0.00300097 804
1.40885e-05 0.000529794 0.00301385 804
1.38161e-05 0.000514574 0.003021 804
1.43027e-05 0.000533009 0.0030129 804
1.42122e-05 0.00053059 0.00300503 804
1.38783e-05 0.000514899 0.00301194 804
1.44142e-05 0.000534804 0.00300407 804
1.46919e-05 0.000555207 0.00300002 804
