2.39868e-06 3.6898e-06 0.00368118 26
2.55993e-06 4.2468e-06 0.00372696 26
3.35675e-06 5.26396e-06 0.0037322 26
3.09264e-06 4.16493e-06 0.00375605 26
3.01587e-06 5.20168e-06 0.00366998 26
2.76577e-06 4.09042e-06 0.00375199 26
3.32674e-06 5.08216e-06 0.00373006 26
2.7519e-06 3.81372e-06 0.00433087 26
3.05558e-06 4.27067e-06 0.00434089 26
2.49466e-06 4.33077e-06 0.00366211 26
2.47869e-06 4.25707e-06 0.00363612 26
2.12425e-06 3.4028e-06 0.00364804 26
3.40852e-06 4.85305e-06 0.00364304 26
2.72341e-06 4.0283e-06 0.00365686 26
3.02673e-06 5.06054e-06 0.00408697 26
2.99224e-06 4.82399e-06 0.00427318 26
2.72713e-06 3.42976e-06 0.00369382 26
2.98573e-06 4.72917e-06 0.00363803 26
2.32449e-06 4.25703e-06 0.00365186 26
2.77754e-06 3.77844e-06 0.00364685 26
2.90448e-06 5.17667e-06 0.003649 26
4.12128e-06 5.97595e-06 0.00363898 26
3.07285e-06 4.5356e-06 0.00366402 26
3.17032e-06 5.28642e-06 0.00369692 26
3.37026e-06 5.43486e-06 0.00370479 26
3.1175e-06 4.62953e-06 0.00362802 26
3.23751e-06 4.49305e-06 0.00374508 26
2.87655e-06 4.91773e-06 0.00366402 26
3.33161e-06 6.02391e-06 0.00370812 26
3.24513e-06 4.45956e-06 0.00369406 26
3.103e-06 4.37891e-06 0.003649 26
2.77963e-06 3.82958e-06 0.00372815 26
3.25169e-06 5.61127e-06 0.0037179 26
3.46406e-06 5.5356e-06 0.00368905 26
3.54487e-06 5.84496e-06 0.00366187 26
3.37971e-06 5.14894e-06 0.00376201 26
3.60113e-06 6.49947e-06 0.00366497 26
2.66247e-06 4.19767e-06 0.00362611 26
3.40283e-06 6.68116e-06 0.00364494 26
2.52507e-06 4.2845e-06 0.00390697 26
3.34928e-06 4.31101e-06 0.00373602 26
3.40456e-06 5.26991e-06 0.00366521 26
2.47919e-06 3.20897e-06 0.0037179 26
3.26623e-06 5.7736e-06 0.00367212 26
3.33117e-06 5.17787e-06 0.00422192 26
3.08781e-06 4.85566e-06 0.00391984 26
2.59928e-06 4.54836e-06 0.00370193 26
3.25104e-06 5.04668e-06 0.00364804 26
3.06263e-06 4.79464e-06 0.00364614 26
3.06244e-06 4.04349e-06 0.003649 26
