1.05772e-05 0.000197833 0.00389791
1.03926e-05 0.00019807 0.00391889
9.68322e-06 0.000183541 0.00392199
9.96794e-06 0.000191743 0.00443101
9.41667e-06 0.000170766 0.00437713
9.90557e-06 0.000181954 0.00432396
1.04131e-05 0.000199083 0.00435495
1.04576e-05 0.000187019 0.00454617
1.08693e-05 0.000197195 0.00456595
1.00966e-05 0.000188293 0.00455594
1.01432e-05 0.000175515 0.0041182
1.0022e-05 0.000190683 0.00391102
9.86071e-06 0.000181058 0.00461817
1.09859e-05 0.000205306 0.00385594
9.34984e-06 0.000167888 0.00390506
1.01915e-05 0.000193289 0.003932
1.00714e-05 0.000193438 0.00383401
1.04008e-05 0.000190296 0.00419211
9.37367e-06 0.000169218 0.00397491
9.92546e-06 0.000182763 0.00392079
1.07505e-05 0.000198639 0.00432706
1.00812e-05 0.000180012 0.00380397
1.03509e-05 0.00018775 0.00392914
1.00718e-05 0.000180366 0.00391889
1.02232e-05 0.000195655 0.00392103
1.00854e-05 0.000182718 0.00395608
1.01034e-05 0.000190856 0.00383306
1.01121e-05 0.000182564 0.00386405
9.81563e-06 0.00017707 0.00395298
1.00362e-05 0.000190609 0.00393105
1.01255e-05 0.000186795 0.00392604
1.02577e-05 0.000192911 0.00389791
1.01732e-05 0.000192878 0.00444102
1.04472e-05 0.000180156 0.00445509
1.02609e-05 0.000183269 0.00433683
1.06145e-05 0.000209441 0.00417399
1.04952e-05 0.000177824 0.00382686
1.13145e-05 0.000209299 0.00382113
1.01122e-05 0.000194044 0.00382996
9.9126e-06 0.000168296 0.00381994
1.05011e-05 0.000194032 0.00381708
1.0247e-05 0.000196015 0.00381494
1.05336e-05 0.000185037 0.00387621
1.01426e-05 0.000186294 0.00380802
9.93977e-06 0.000181521 0.00381684
1.06775e-05 0.00018469 0.00380397
1.05428e-05 0.00019205 0.00380516
1.01378e-05 0.000178356 0.00383806
1.08327e-05 0.000203544 0.00382805
1.01954e-05 0.000192 0.00383615
