9.53563e-06 0.000167771 0.00308704
8.83244e-06 0.000153661 0.00309205
9.63068e-06 0.000164891 0.0030849
9.30847e-06 0.000149563 0.00308204
8.96967e-06 0.00016181 0.00306511
9.61512e-06 0.000166425 0.00303006
9.33058e-06 0.000178859 0.0031569
9.12749e-06 0.000158013 0.00360703
8.72141e-06 0.000156223 0.00302911
9.21663e-06 0.000163617 0.00306201
9.27126e-06 0.000165444 0.00306606
9.43362e-06 0.000165207 0.00302792
9.25766e-06 0.000169637 0.00303507
9.51315e-06 0.000162645 0.00303102
9.20742e-06 0.000159622 0.00310016
9.05383e-06 0.000153542 0.00305486
9.35467e-06 0.000171613 0.00302315
8.84591e-06 0.000149361 0.00309896
8.95545e-06 0.000147841 0.00302219
8.90923e-06 0.000148933 0.00302005
9.38618e-06 0.000145531 0.00301099
9.05498e-06 0.000169249 0.00353003
8.79092e-06 0.000155824 0.00390983
9.24223e-06 0.000161856 0.00301695
9.47644e-06 0.000169875 0.00309896
8.80682e-06 0.00015229 0.00311399
8.83136e-06 0.000154754 0.00340891
9.29673e-06 0.000162258 0.00301909
9.73505e-06 0.000169345 0.00306606
8.91158e-06 0.000149666 0.00310016
8.67043e-06 0.000147476 0.00302601
9.17823e-06 0.000155117 0.00304484
8.83167e-06 0.000148436 0.00301719
9.3104e-06 0.00016755 0.00303602
9.34867e-06 0.000171837 0.00309992
8.83244e-06 0.000147109 0.00302792
9.12208e-06 0.000159176 0.00309801
9.55798e-06 0.000168303 0.00304389
9.46684e-06 0.000169145 0.00341988
9.44954e-06 0.000159235 0.00302696
9.5887e-06 0.000159122 0.00309801
9.0424e-06 0.000158506 0.00303912
9.37133e-06 0.000158065 0.00303698
9.43522e-06 0.000161398 0.00304484
9.28695e-06 0.000167264 0.00309992
9.19748e-06 0.000158201 0.00304294
8.8375e-06 0.000152253 0.00303507
8.94246e-06 0.000159916 0.00304604
9.63847e-06 0.000160979 0.00313091
9.43379e-06 0.000162665 0.00303507
