4.73816e-06 0.000111641 0.00955796 4004
4.13386e-06 9.37569e-05 0.00837708 4004
5.53226e-06 5.32322e-05 0.00862694 4004
4.56861e-06 8.42431e-05 0.00861788 4004
5.03694e-06 0.000112875 0.00855899 4004
4.59619e-06 0.000129456 0.00848007 4004
4.54269e-06 8.64526e-05 0.00848985 4004
4.43522e-06 3.81591e-05 0.008564 4004
4.45471e-06 0.000125258 0.00854588 4004
4.57891e-06 9.44996e-05 0.00855708 4004
4.53252e-06 8.4007e-05 0.010891 4004
4.45954e-06 4.85459e-05 0.00865102 4004
4.46953e-06 7.54874e-05 0.00870395 4004
4.14165e-06 0.000134203 0.00876379 4004
4.46941e-06 0.000174548 0.00853705 4004
4.68259e-06 0.000200804 0.0085659 4004
5.15924e-06 0.000104512 0.00875092 4004
4.5611e-06 0.000103069 0.00893688 4004
4.76662e-06 2.93532e-05 0.00861001 4004
4.39247e-06 3.31108e-05 0.00860095 4004
4.47112e-06 3.15386e-05 0.00997996 4004
5.49363e-06 9.92064e-05 0.00911188 4004
4.34763e-06 0.000140584 0.00858998 4004
4.57193e-06 6.01485e-05 0.00993896 4004
5.5542e-06 0.000223371 0.010427 4004
4.13212e-06 3.44966e-05 0.00900316 4004
4.10052e-06 6.04803e-05 0.00843501 4004
4.2245e-06 0.000154795 0.00871396 4004
4.66493e-06 0.000105059 0.00841784 4004
4.82118e-06 0.000142805 0.00842905 4004
4.28372e-06 0.000147415 0.00843 4004
4.69823e-06 3.903e-05 0.00883698 4004
4.71873e-06 8.04018e-05 0.00841904 4004
4.78534e-06 0.000147141 0.00871396 4004
4.26351e-06 3.80585e-05 0.00837612 4004
4.46769e-06 0.000187788 0.00844383 4004
4.29519e-06 3.28221e-05 0.00844812 4004
4.40218e-06 6.94631e-05 0.00903487 4004
3.94146e-06 4.28843e-05 0.00877094 4004
4.96837e-06 0.000133746 0.00850701 4004
4.52049e-06 0.000140645 0.00853086 4004
5.16779e-06 0.000240031 0.00845098 4004
4.43232e-06 0.000120913 0.00841284 4004
4.00576e-06 0.000126259 0.00857282 4004
4.90278e-06 6.51465e-05 0.00849795 4004
5.38231e-06 0.000203922 0.00864506 4004
4.50726e-06 8.46761e-05 0.00856304 4004
4.79863e-06 0.000180357 0.00847006 4004
4.28461e-06 7.9899e-05 0.00848389 4004
4.9952e-06 0.000117733 0.00850606 4004
