9.4349e-06 0.000168735 0.0052402
9.2928e-06 0.00015317 0.00627089
8.91122e-06 0.000151483 0.00596499
8.99317e-06 0.000160397 0.00529909
9.85744e-06 0.000160358 0.00542116
8.90285e-06 0.000154214 0.00529599
9.2322e-06 0.000155943 0.00528812
9.00731e-06 0.000155314 0.00550795
9.33793e-06 0.000155376 0.00576615
9.48339e-06 0.000151564 0.00532293
9.42297e-06 0.000149031 0.00527
9.10723e-06 0.000155759 0.00530791
9.22356e-06 0.000146157 0.00667596
8.59686e-06 0.000144389 0.00592399
9.30642e-06 0.000147986 0.00527406
9.06565e-06 0.000146242 0.00528789
8.85552e-06 0.000157161 0.00527596
9.01101e-06 0.000156812 0.00532889
8.81372e-06 0.000148454 0.00527716
8.8766e-06 0.000137461 0.00570798
9.14573e-06 0.000147257 0.00529003
9.029e-06 0.000143807 0.00527406
8.31159e-06 0.000142635 0.00528502
8.72044e-06 0.000149364 0.00528193
8.99179e-06 0.000151108 0.00601482
9.49568e-06 0.000168233 0.00546694
9.42102e-06 0.000159142 0.00543213
9.36502e-06 0.000156912 0.00541592
9.62927e-06 0.000164064 0.00541401
1.00864e-05 0.000161983 0.00527215
1.02682e-05 0.000154337 0.00527096
8.89064e-06 0.000154356 0.00530195
9.00751e-06 0.000143002 0.00529599
8.93219e-06 0.000151736 0.00532007
9.14525e-06 0.000142201 0.0053091
9.07228e-06 0.000139141 0.00527596
9.93316e-06 0.000161741 0.00532818
9.02227e-06 0.000146518 0.00527215
8.99173e-06 0.000150259 0.00531793
9.09954e-06 0.000155573 0.00528097
9.32683e-06 0.000156347 0.00528002
8.98689e-06 0.000151691 0.00529194
8.88955e-06 0.000141427 0.00529909
8.47756e-06 0.000148116 0.00527692
9.49433e-06 0.000157044 0.00532103
8.99221e-06 0.000145354 0.0052979
9.23093e-06 0.000151859 0.00528502
9.89796e-06 0.000156216 0.00528598
8.86068e-06 0.000144052 0.00529718
9.15946e-06 0.000148857 0.00533414
