4.75949e-06 2.31439e-05 0.00482106
4.63457e-06 2.18713e-05 0.00481391
4.80847e-06 2.31641e-05 0.004807
4.19689e-06 1.90889e-05 0.00482392
3.92102e-06 1.98427e-05 0.00490904
4.33046e-06 2.30377e-05 0.00479913
4.14033e-06 2.13943e-05 0.00479412
5.01034e-06 2.30593e-05 0.0049541
4.8732e-06 2.14357e-05 0.00506306
4.66905e-06 2.07664e-05 0.00516105
4.69066e-06 2.00654e-05 0.00482202
4.54927e-06 2.09492e-05 0.00500798
4.47288e-06 2.24315e-05 0.00492907
4.33735e-06 2.03907e-05 0.00490403
4.6265e-06 2.25586e-05 0.00497413
4.40514e-06 2.22524e-05 0.00489902
4.39717e-06 2.14292e-05 0.00480008
5.03784e-06 2.52212e-05 0.00483012
4.51328e-06 2.20463e-05 0.00483489
4.53268e-06 2.03581e-05 0.00481892
4.27912e-06 2.27374e-05 0.00489187
4.6796e-06 2.2889e-05 0.00494504
4.34812e-06 2.198e-05 0.00482702
4.7551e-06 2.08845e-05 0.00489807
5.0824e-06 2.11983e-05 0.00483704
4.66507e-06 2.24469e-05 0.00488901
4.4667e-06 2.27069e-05 0.00482893
4.65104e-06 2.37623e-05 0.00497293
5.33602e-06 2.35415e-05 0.00493717
5.01464e-06 2.2194e-05 0.00490403
5.0948e-06 2.32982e-05 0.00489902
4.86464e-06 2.14142e-05 0.00495505
3.97235e-06 1.7719e-05 0.00492287
4.48618e-06 2.19882e-05 0.00455594
4.54306e-06 1.90991e-05 0.00447512
5.00682e-06 2.51676e-05 0.00450397
4.59855e-06 2.10081e-05 0.00445509
4.70632e-06 2.17905e-05 0.00446606
4.39722e-06 2.12108e-05 0.00450706
4.43826e-06 2.30638e-05 0.00449109
5.009e-06 2.62513e-05 0.00455284
4.14332e-06 2.16263e-05 0.0044539
4.98973e-06 2.45607e-05 0.00450492
5.42026e-06 2.57266e-05 0.00450516
4.93747e-06 2.41497e-05 0.00447893
4.94873e-06 2.38047e-05 0.00448394
4.30625e-06 1.85789e-05 0.00450897
4.14727e-06 1.92613e-05 0.00447893
5.1633e-06 2.16983e-05 0.00451708
4.91383e-06 2.47499e-05 0.00449204
