4.23758e-06 1.72134e-05 0.003474
4.2497e-06 1.99082e-05 0.00346494
4.94032e-06 2.07854e-05 0.00393295
4.61648e-06 2.04497e-05 0.00346994
4.20289e-06 1.89991e-05 0.00356293
4.78983e-06 2.20294e-05 0.0035789
4.05251e-06 1.73229e-05 0.0035851
4.53606e-06 2.1338e-05 0.00646305
4.56482e-06 2.06699e-05 0.00343013
4.64849e-06 2.17333e-05 0.00349808
4.36638e-06 2.09864e-05 0.0034709
4.61254e-06 2.1883e-05 0.00352597
4.44343e-06 2.2265e-05 0.00355291
4.65624e-06 2.04872e-05 0.00354505
4.46923e-06 1.97144e-05 0.00353599
4.47854e-06 2.16509e-05 0.00353599
4.92539e-06 2.03207e-05 0.00357008
4.396e-06 2.0894e-05 0.00352812
4.32169e-06 1.82711e-05 0.00347304
4.80608e-06 2.04718e-05 0.003546
4.63499e-06 2.33762e-05 0.00357294
4.73992e-06 1.95727e-05 0.00355792
5.36643e-06 2.16446e-05 0.00351095
4.58473e-06 2.08559e-05 0.00353813
4.49762e-06 1.8777e-05 0.00356817
5.15241e-06 2.31007e-05 0.00349998
4.56822e-06 2.00585e-05 0.00356793
4.62764e-06 2.12751e-05 0.00356412
4.60842e-06 2.11941e-05 0.00355506
4.69098e-06 1.91985e-05 0.00384712
4.40496e-06 2.01374e-05 0.00339603
4.4149e-06 1.95006e-05 0.00352001
4.36974e-06 1.91305e-05 0.00362396
4.2047e-06 1.94583e-05 0.00356388
4.4429e-06 2.01403e-05 0.00353599
4.28243e-06 1.97122e-05 0.00363183
4.6728e-06 1.94727e-05 0.00357604
4.19588e-06 1.73655e-05 0.00357509
4.25031e-06 1.84665e-05 0.00380993
4.14042e-06 1.9627e-05 0.00379491
4.17068e-06 2.15064e-05 0.00372195
4.09634e-06 1.9418e-05 0.00369596
4.20015e-06 2.17702e-05 0.00370288
4.58716e-06 2.15341e-05 0.00368404
4.07236e-06 1.84941e-05 0.00371408
4.5671e-06 1.98283e-05 0.00376797
4.63247e-06 2.14617e-05 0.00371194
4.70161e-06 2.0644e-05 0.00368905
4.48364e-06 1.98381e-05 0.00370789
4.23511e-06 1.79419e-05 0.00366306
