6.83445e-06 9.87973e-05 0.00697184
7.13159e-06 0.00010399 0.00699496
7.40155e-06 0.000106649 0.00713801
7.49081e-06 0.000119224 0.00833392
7.40645e-06 0.000106432 0.00819516
7.24653e-06 8.96142e-05 0.00782084
7.21392e-06 0.000102854 0.007236
7.82875e-06 0.000106071 0.00721884
6.73195e-06 0.000100705 0.00697088
7.24296e-06 0.000104933 0.00697684
7.35833e-06 0.000103463 0.00716996
7.602e-06 0.000114741 0.00720692
7.83672e-06 0.000104646 0.00696492
7.43431e-06 0.000100551 0.00836492
7.1257e-06 0.00010115 0.00842404
6.82404e-06 9.52198e-05 0.00793004
7.5843e-06 9.98913e-05 0.00742888
7.28103e-06 0.000100865 0.00699997
7.44762e-06 0.000108516 0.00700998
7.8695e-06 0.000112356 0.006984
7.4225e-06 9.62041e-05 0.0069828
7.63157e-06 9.90858e-05 0.00700307
6.9355e-06 9.53226e-05 0.00698209
7.29366e-06 0.0001006 0.00699687
7.83173e-06 0.000107445 0.00697684
7.41241e-06 9.97126e-05 0.00698781
6.92028e-06 0.000100243 0.00697207
6.93068e-06 9.59608e-05 0.00700188
7.33983e-06 0.00010766 0.00696611
7.11228e-06 9.27097e-05 0.00727201
7.51968e-06 0.000113397 0.00697303
7.03212e-06 9.36885e-05 0.00696397
7.50552e-06 0.000100625 0.00697589
6.80256e-06 0.000113383 0.00700903
7.11984e-06 9.74935e-05 0.00736117
7.47838e-06 9.51487e-05 0.00699902
7.0181e-06 9.90009e-05 0.00697994
7.26257e-06 0.00010602 0.00698805
7.10868e-06 9.49481e-05 0.00716305
7.47553e-06 0.000104171 0.00697803
6.85371e-06 9.18454e-05 0.00701594
8.32457e-06 0.000116419 0.00698018
7.50127e-06 0.000106796 0.00698209
6.74045e-06 9.42469e-05 0.00700712
7.09557e-06 9.63976e-05 0.00697398
7.48939e-06 0.000107487 0.00720406
7.61939e-06 0.000103781 0.00700903
7.09758e-06 0.000105031 0.00697994
6.87872e-06 9.6982e-05 0.00698495
7.84359e-06 0.000113555 0.00875497
