2.89925e-06 4.77664e-06 0.00640893 26
2.73209e-06 5.71561e-06 0.00641513 26
2.90323e-06 5.35477e-06 0.00637317 26
2.88538e-06 4.5077e-06 0.00637984 26
2.52923e-06 3.85507e-06 0.00636601 26
2.72425e-06 5.06892e-06 0.00635099 26
2.69792e-06 4.90254e-06 0.00655913 26
2.87207e-06 4.38271e-06 0.00636792 26
2.6173e-06 3.52879e-06 0.00638413 26
3.42075e-06 5.62204e-06 0.00642109 26
3.11561e-06 4.37145e-06 0.006392 26
3.33078e-06 5.31721e-06 0.00636697 26
3.44133e-06 5.67974e-06 0.00650406 26
3.11009e-06 5.28536e-06 0.00646091 26
2.85277e-06 4.2525e-06 0.00640512 26
2.79006e-06 4.3607e-06 0.00643516 26
2.89142e-06 5.63958e-06 0.00658202 26
2.1908e-06 4.06582e-06 0.00656915 26
2.4707e-06 4.44683e-06 0.00655007 26
3.19508e-06 5.05631e-06 0.00636101 26
3.08688e-06 4.70064e-06 0.00638103 26
3.02858e-06 4.18652e-06 0.00636601 26
2.95578e-06 5.1042e-06 0.00638986 26
2.73462e-06 3.78107e-06 0.00637603 26
3.07587e-06 5.65461e-06 0.006423 26
3.38133e-06 5.70273e-06 0.00635219 26
3.40644e-06 5.87324e-06 0.00637889 26
2.70249e-06 4.3129e-06 0.00635791 26
3.09868e-06 4.70475e-06 0.00648499 26
3.12602e-06 4.34481e-06 0.00733089 26
3.72145e-06 5.59287e-06 0.00654697 26
2.7442e-06 4.4278e-06 0.00652719 26
2.78223e-06 4.00398e-06 0.0069232 26
2.63054e-06 3.82913e-06 0.00651193 26
3.33027e-06 5.37569e-06 0.00660992 26
3.49861e-06 5.50635e-06 0.00637603 26
2.84489e-06 4.3105e-06 0.00658894 26
1.81593e-06 2.81911e-06 0.00637007 26
3.05347e-06 5.05922e-06 0.00637817 26
2.84519e-06 4.40747e-06 0.00638819 26
2.2449e-06 3.53999e-06 0.00647402 26
2.57366e-06 4.44722e-06 0.00638914 26
3.35109e-06 4.71917e-06 0.00639606 26
2.18909e-06 3.51319e-06 0.00636983 26
2.58538e-06 3.39968e-06 0.00652003 26
3.19364e-06 5.0793e-06 0.00637794 26
3.08886e-06 5.02643e-06 0.00638294 26
2.6201e-06 4.36882e-06 0.00639105 26
3.53337e-06 6.24237e-06 0.00637984 26
2.9802e-06 4.57961e-06 0.00636911 26
