0.000150731 0.000305166 0.00608087 30
0.000150676 0.000305218 0.00609899 30
0.000150712 0.000304268 0.00617504 30
0.000150683 0.000304795 0.00607681 30
0.000150658 0.000304857 0.00616693 30
0.000150688 0.000304787 0.00610495 30
0.000150713 0.000305328 0.00729012 30
0.00015063 0.000305179 0.00606894 30
0.000150686 0.000304955 0.00605297 30
0.000150703 0.000304756 0.00615811 30
0.000150706 0.00030435 0.00624704 30
0.000150722 0.000305022 0.00606179 30
0.00015076 0.000305242 0.00617695 30
0.00015075 0.000305075 0.00606489 30
0.000150743 0.000304625 0.00622511 30
0.000150632 0.000304931 0.00620294 30
0.000150645 0.000304774 0.00609803 30
0.000150694 0.000305129 0.00609708 30
0.000150665 0.000305117 0.00620818 30
0.000150634 0.000304852 0.0061841 30
0.000150667 0.000304857 0.00606394 30
0.000150669 0.000305118 0.00610685 30
0.000150641 0.000304566 0.00614691 30
0.000150707 0.000305025 0.0061729 30
0.000150625 0.000304587 0.00620508 30
0.00015074 0.000304956 0.00615001 30
0.000150663 0.000304774 0.00612998 30
0.000150683 0.000304749 0.00614405 30
0.000150713 0.000304395 0.00613379 30
0.000150655 0.000305417 0.00612903 30
0.000150716 0.000304239 0.00617504 30
0.000150658 0.000304836 0.0061729 30
0.000150614 0.000304958 0.00607705 30
0.000150671 0.000304738 0.00614405 30
0.000150693 0.00030533 0.00615311 30
0.000150704 0.000304328 0.00612497 30
0.000150661 0.000305028 0.00621796 30
0.000150719 0.000305056 0.00618601 30
0.000150749 0.000304864 0.00610495 30
0.000150673 0.000304865 0.00617409 30
0.000150709 0.000304749 0.00615001 30
0.000150673 0.000304574 0.00618792 30
0.00015069 0.00030512 0.00621104 30
0.000150745 0.000304875 0.00618601 30
0.000150722 0.000304813 0.0062089 30
0.00015064 0.000305369 0.00623894 30
0.000150692 0.000304948 0.00619793 30
0.000150712 0.000304778 0.00620604 30
0.00015066 0.000304814 0.00620508 30
0.000150691 0.000304399 0.00615907 30
