2.96316e-05 0.00494989 0.00626802 4006
2.93271e-05 0.00499101 0.00520205 4006
3.01245e-05 0.00500254 0.00523806 4006
3.06504e-05 0.00518021 0.00520802 4006
3.02025e-05 0.0050216 0.005193 4006
3.03808e-05 0.00517205 0.00516295 4006
2.97751e-05 0.00502329 0.00517392 4006
3.00355e-05 0.00506626 0.00517702 4006
3.02685e-05 0.00503949 0.005162 4006
3.01099e-05 0.00509068 0.00517702 4006
3.01249e-05 0.0050837 0.00518298 4006
2.99967e-05 0.00503131 0.00519609 4006
2.97813e-05 0.00509902 0.00534201 4006
3.01355e-05 0.00504249 0.00517392 4006
2.97388e-05 0.00493246 0.005193 4006
3.09929e-05 0.00526919 0.00525498 4006
2.92358e-05 0.00500416 0.00516486 4006
2.98106e-05 0.00509841 0.005198 4006
2.96751e-05 0.0049608 0.00515223 4006
3.0015e-05 0.00498762 0.00520992 4006
2.99013e-05 0.00494882 0.0051899 4006
2.99806e-05 0.00508755 0.00519705 4006
3.01817e-05 0.00500431 0.00521302 4006
3.03403e-05 0.0050437 0.00520897 4006
3.0207e-05 0.0050669 0.00517583 4006
2.94617e-05 0.00497202 0.00516891 4006
3.02384e-05 0.00505395 0.00517106 4006
2.98535e-05 0.00508547 0.0052011 4006
3.02187e-05 0.00510468 0.00522685 4006
2.9816e-05 0.0049146 0.00517488 4006
3.00801e-05 0.00503313 0.005193 4006
2.98513e-05 0.00498001 0.00523281 4006
2.98009e-05 0.00499627 0.00520301 4006
3.03707e-05 0.00510254 0.00519395 4006
2.99608e-05 0.00509506 0.005234 4006
3.016e-05 0.00505464 0.00518203 4006
2.97785e-05 0.00493298 0.00517702 4006
2.92372e-05 0.00490391 0.00520396 4006
3.00989e-05 0.00504013 0.00522685 4006
2.95397e-05 0.00496975 0.00520706 4006
3.00029e-05 0.00499925 0.00523591 4006
2.99344e-05 0.0050089 0.005193 4006
3.01218e-05 0.0050708 0.00522208 4006
2.99595e-05 0.00505532 0.00520802 4006
2.96352e-05 0.00498407 0.00519395 4006
3.03053e-05 0.00506576 0.00520706 4006
2.97311e-05 0.0050594 0.00523782 4006
2.9697e-05 0.00493869 0.00521803 4006
3.0024e-05 0.00503307 0.00517797 4006
3.01029e-05 0.0050767 0.00517011 4006
