9.66749e-06 0.000168331 0.00665212
9.4208e-06 0.000169555 0.00674605
9.70567e-06 0.000171077 0.00674987
8.87449e-06 0.000150717 0.00685692
9.62804e-06 0.000177101 0.00680304
9.7038e-06 0.000171919 0.00682306
1.02576e-05 0.000189487 0.00663424
1.0006e-05 0.000191387 0.00676799
9.45745e-06 0.000155481 0.00685501
9.40742e-06 0.000173086 0.00683117
9.74033e-06 0.000175742 0.0067749
9.7211e-06 0.000168693 0.00664401
9.55674e-06 0.000171014 0.00681996
9.86738e-06 0.000182551 0.00685
9.40472e-06 0.000163288 0.00678301
9.57689e-06 0.000179696 0.00679302
9.40239e-06 0.000169203 0.00669503
9.89503e-06 0.000187493 0.00679803
9.94625e-06 0.000187072 0.00799823
8.61495e-06 0.00015902 0.00697494
9.10357e-06 0.000161088 0.00691009
8.76934e-06 0.000168123 0.00686097
1.02398e-05 0.000184683 0.00804186
9.28536e-06 0.000156349 0.00679994
9.78168e-06 0.000178028 0.00678897
9.16227e-06 0.00016634 0.00683093
9.7101e-06 0.00017361 0.00688219
9.36615e-06 0.000164666 0.006809
9.50638e-06 0.000166672 0.00674891
9.39935e-06 0.000158494 0.00676298
9.49477e-06 0.000166948 0.00704503
9.92854e-06 0.000182785 0.00662923
9.63401e-06 0.000169902 0.00707316
9.87074e-06 0.00017471 0.00679493
1.01575e-05 0.000191564 0.00673699
9.39362e-06 0.000171391 0.00679588
8.47594e-06 0.000156762 0.0067091
8.76779e-06 0.000154737 0.00689101
9.58497e-06 0.000173011 0.00681186
1.0013e-05 0.000178048 0.006814
9.86264e-06 0.000171588 0.00678802
9.88963e-06 0.000170885 0.00684786
9.13506e-06 0.000159843 0.00680304
9.41452e-06 0.000153723 0.00733805
9.5761e-06 0.000173771 0.00727606
9.25011e-06 0.000164687 0.00729895
9.8265e-06 0.00017121 0.00729799
9.25473e-06 0.000167156 0.0075469
9.54263e-06 0.000173188 0.00739288
9.21358e-06 0.000166995 0.00730801
