9.08407e-06 0.000154524 0.00423193
8.96142e-06 0.000154786 0.00423598
8.64325e-06 0.000161092 0.00422478
8.8418e-06 0.000163029 0.00423813
9.20313e-06 0.000168013 0.00492287
9.53137e-06 0.00017512 0.00468206
8.77252e-06 0.000165423 0.00460219
8.92554e-06 0.000163889 0.00499392
9.3397e-06 0.000163681 0.00551105
9.51515e-06 0.000163539 0.00486898
8.81801e-06 0.000156696 0.00468493
9.44386e-06 0.000167417 0.00424695
9.56564e-06 0.000174788 0.00414205
9.22891e-06 0.000157701 0.00426316
9.31205e-06 0.000168496 0.00428104
9.70508e-06 0.000179132 0.00425911
9.30285e-06 0.000171275 0.0042541
9.35481e-06 0.000166102 0.00427604
9.26392e-06 0.00015774 0.004246
9.64972e-06 0.000175968 0.00428605
9.36117e-06 0.000173067 0.00426412
9.51125e-06 0.000171156 0.00492597
8.99918e-06 0.000168804 0.00429487
9.15955e-06 0.000163069 0.00431108
9.15053e-06 0.000171248 0.00431108
9.90173e-06 0.0001812 0.00429201
9.26965e-06 0.000163892 0.00416398
9.80052e-06 0.000175806 0.00430608
9.78547e-06 0.000190472 0.00439
9.18548e-06 0.000167141 0.00429511
9.15755e-06 0.000159979 0.00431299
9.19488e-06 0.000160508 0.00426006
9.51358e-06 0.000178965 0.00439
9.31399e-06 0.000165123 0.00429583
9.57217e-06 0.000179908 0.004246
9.16712e-06 0.000168384 0.00434089
9.13454e-06 0.000168104 0.00435114
9.31407e-06 0.000176604 0.00431991
9.20527e-06 0.000171356 0.00433707
9.17023e-06 0.000168311 0.00437093
9.45093e-06 0.000176073 0.0043931
1.00627e-05 0.000178207 0.00453711
9.05637e-06 0.00017142 0.00440097
9.52617e-06 0.000181951 0.00439286
1.01926e-05 0.000167312 0.00435591
9.00447e-06 0.000165105 0.00434303
8.78701e-06 0.000161532 0.00433993
9.40127e-06 0.000167984 0.00437903
8.80609e-06 0.000162146 0.00425291
8.74643e-06 0.000158999 0.00436711
