6.60049e-06 9.12792e-05 0.00826812
7.29937e-06 0.000108581 0.00853395
7.54731e-06 9.83507e-05 0.00841784
7.01843e-06 9.96016e-05 0.0141959
7.36037e-06 9.20359e-05 0.00883102
7.33215e-06 0.000103372 0.00846195
7.16922e-06 0.000103274 0.00853896
7.23022e-06 9.61141e-05 0.00848794
6.85449e-06 0.000101271 0.00839901
7.77452e-06 0.000109874 0.00847316
7.22892e-06 0.00010139 0.01036
7.16291e-06 9.26036e-05 0.00925612
6.5521e-06 9.40644e-05 0.00856304
6.78189e-06 9.98812e-05 0.0083251
7.43825e-06 9.78948e-05 0.00846314
7.41043e-06 0.000105775 0.00838685
7.33959e-06 0.000103779 0.00923586
7.41992e-06 0.000106811 0.00861096
7.71654e-06 0.000104966 0.00813198
7.03691e-06 9.51253e-05 0.008358
6.94337e-06 8.86504e-05 0.00836086
7.17608e-06 0.000104595 0.00869012
6.99355e-06 9.00302e-05 0.00845289
7.81487e-06 0.000101487 0.00855899
7.26258e-06 9.23785e-05 0.008533
6.83299e-06 9.4571e-05 0.00831819
7.69388e-06 0.000108353 0.00841784
7.37194e-06 0.000101087 0.00839305
6.85395e-06 9.0764e-05 0.00849509
7.49572e-06 9.89603e-05 0.00836921
6.94214e-06 0.000104524 0.00796914
7.74543e-06 9.66945e-05 0.0083921
7.22672e-06 0.000104983 0.00842214
7.00196e-06 0.000101264 0.008394
7.01412e-06 9.06601e-05 0.00864005
7.397e-06 0.000101409 0.00851893
6.79068e-06 9.35379e-05 0.00832701
8.13857e-06 0.000118668 0.00841498
7.48119e-06 9.77405e-05 0.00855613
7.41373e-06 0.000106512 0.0084579
6.79277e-06 9.43715e-05 0.00936604
7.28451e-06 9.80654e-05 0.00965285
6.43728e-06 8.54413e-05 0.00929308
7.26505e-06 0.000105783 0.00900006
7.46569e-06 9.85084e-05 0.00838685
7.82604e-06 0.000106364 0.00843787
7.68284e-06 0.000110405 0.00842309
7.31344e-06 0.000102653 0.00838494
6.8643e-06 9.37289e-05 0.00841784
7.39911e-06 0.000101953 0.00833321
