9.46158e-06 4.58613e-05 0.0035851 46
9.42811e-06 4.61184e-05 0.00362206 46
9.31295e-06 4.58069e-05 0.00363612 46
9.48161e-06 4.59298e-05 0.00435996 46
9.41747e-06 4.58348e-05 0.00429702 46
9.5594e-06 4.60396e-05 0.00430608 46
9.25963e-06 4.60735e-05 0.00359797 46
9.31729e-06 4.60141e-05 0.00360203 46
9.5076e-06 4.63837e-05 0.00358796 46
9.32354e-06 4.61423e-05 0.00436807 46
9.4387e-06 4.63262e-05 0.00362396 46
9.50355e-06 4.6057e-05 0.00359392 46
9.61751e-06 4.61725e-05 0.00359607 46
9.72439e-06 4.62413e-05 0.00358796 46
9.35636e-06 4.60185e-05 0.00367403 46
9.38216e-06 4.59563e-05 0.003654 46
9.43263e-06 4.59656e-05 0.003613 46
9.48778e-06 4.62869e-05 0.00360298 46
9.44749e-06 4.6052e-05 0.00359607 46
9.4462e-06 4.60202e-05 0.003618 46
9.46929e-06 4.62135e-05 0.003613 46
9.29467e-06 4.58659e-05 0.00362587 46
9.45988e-06 4.62133e-05 0.00361204 46
9.50133e-06 4.60409e-05 0.00360298 46
9.36171e-06 4.59584e-05 0.00361204 46
9.56218e-06 4.63236e-05 0.00376701 46
9.42402e-06 4.58289e-05 0.00395107 46
9.31944e-06 4.58812e-05 0.00381112 46
9.46916e-06 4.62599e-05 0.00388193 46
9.44323e-06 4.61426e-05 0.00386405 46
9.41769e-06 4.58032e-05 0.00378013 46
9.50182e-06 4.6132e-05 0.00385594 46
9.32817e-06 4.61e-05 0.00382614 46
9.53649e-06 4.59637e-05 0.00380301 46
9.46379e-06 4.60769e-05 0.00382113 46
9.47782e-06 4.62194e-05 0.0038228 46
9.37825e-06 4.62477e-05 0.00378895 46
9.39705e-06 4.62406e-05 0.00388503 46
9.05818e-06 4.58369e-05 0.00384688 46
9.24875e-06 4.58534e-05 0.00387502 46
9.42985e-06 4.58194e-05 0.00402403 46
9.40035e-06 4.60877e-05 0.00383806 46
9.42659e-06 4.61156e-05 0.00391603 46
9.29441e-06 4.59524e-05 0.00381422 46
9.45518e-06 4.61036e-05 0.00381899 46
9.53798e-06 4.60743e-05 0.00385189 46
9.16546e-06 4.6284e-05 0.00385714 46
9.55902e-06 4.62296e-05 0.0038681 46
9.19721e-06 4.59105e-05 0.00385094 46
9.31053e-06 4.62979e-05 0.00393796 46
