3.00049e-06 4.89096e-06 0.007236 30
2.8543e-06 5.26148e-06 0.00679803 30
3.16846e-06 4.57717e-06 0.00685 30
3.88774e-06 6.02855e-06 0.006145 30
3.04532e-06 5.77861e-06 0.00609803 30
2.91463e-06 4.36296e-06 0.00607014 30
2.58348e-06 4.42024e-06 0.00604701 30
2.53433e-06 4.70564e-06 0.00606918 30
2.98372e-06 6.09187e-06 0.006078 30
2.48566e-06 3.39657e-06 0.00605798 30
2.85852e-06 4.7852e-06 0.00609708 30
2.46155e-06 4.45019e-06 0.00623894 30
3.02915e-06 5.75257e-06 0.00607014 30
2.5382e-06 4.64279e-06 0.00608301 30
2.98188e-06 5.24079e-06 0.00613999 30
2.70611e-06 5.80662e-06 0.00609398 30
3.44901e-06 5.00338e-06 0.00729084 30
3.11118e-06 4.95151e-06 0.00612092 30
3.00814e-06 5.66452e-06 0.00608897 30
2.69671e-06 5.29518e-06 0.0062449 30
2.32607e-06 5.00121e-06 0.00624323 30
2.8911e-06 4.59505e-06 0.00623703 30
3.22489e-06 5.83671e-06 0.00607395 30
3.19681e-06 5.49336e-06 0.00610709 30
3.31606e-06 6.49191e-06 0.00609303 30
2.63343e-06 4.61663e-06 0.00613403 30
2.43726e-06 4.72916e-06 0.00610709 30
2.83077e-06 4.88137e-06 0.0061202 30
3.6264e-06 6.11613e-06 0.0060358 30
2.29994e-06 3.30543e-06 0.00610685 30
3.32188e-06 5.63313e-06 0.00607109 30
3.31949e-06 5.36289e-06 0.00606298 30
2.89451e-06 4.41479e-06 0.00611496 30
2.95435e-06 4.90548e-06 0.00609803 30
2.76931e-06 5.36387e-06 0.00609589 30
3.5167e-06 6.23567e-06 0.00612521 30
3.05654e-06 4.76602e-06 0.00608611 30
3.17507e-06 6.07821e-06 0.006073 30
2.67452e-06 4.54397e-06 0.00606799 30
2.44924e-06 3.82721e-06 0.00607896 30
3.15118e-06 5.37788e-06 0.00607991 30
3.87821e-06 5.68491e-06 0.00610518 30
2.85874e-06 4.0979e-06 0.00608301 30
3.30825e-06 6.14432e-06 0.0061121 30
2.91119e-06 4.34631e-06 0.00610495 30
2.61228e-06 4.21573e-06 0.0061028 30
2.41987e-06 3.98565e-06 0.00607705 30
3.18165e-06 5.36699e-06 0.00604606 30
2.85159e-06 5.12202e-06 0.00614691 30
2.24285e-06 3.12862e-06 0.00622702 30
