2.85752e-06 5.8267e-06 0.00662899 46
3.09284e-06 6.28299e-06 0.00664496 46
3.59721e-06 7.2966e-06 0.00673509 46
3.59745e-06 8.08484e-06 0.00671601 46
3.3116e-06 6.49449e-06 0.00673914 46
2.9264e-06 6.55364e-06 0.00673413 46
3.15221e-06 6.97826e-06 0.00674796 46
3.18207e-06 5.95251e-06 0.00672507 46
3.04521e-06 6.17604e-06 0.00676489 46
3.71768e-06 7.00481e-06 0.00679493 46
2.51153e-06 5.98862e-06 0.00679588 46
2.52309e-06 4.76409e-06 0.00678587 46
3.1148e-06 6.21008e-06 0.00671291 46
2.49284e-06 5.59156e-06 0.00677299 46
3.00393e-06 6.92443e-06 0.00676394 46
3.57107e-06 7.12027e-06 0.00678587 46
2.96595e-06 6.27106e-06 0.00678706 46
3.61452e-06 6.81782e-06 0.00696087 46
3.17756e-06 5.81416e-06 0.00766993 46
3.18434e-06 5.69614e-06 0.00739503 46
3.59798e-06 7.07144e-06 0.00738382 46
3.10003e-06 5.87511e-06 0.00681496 46
3.1533e-06 5.9087e-06 0.00682712 46
3.49421e-06 6.38026e-06 0.00675297 46
3.03496e-06 6.91177e-06 0.00680208 46
3.74264e-06 6.43394e-06 0.00679612 46
3.97888e-06 7.32401e-06 0.0068481 46
3.22343e-06 6.59682e-06 0.00678492 46
2.91954e-06 4.85091e-06 0.00682998 46
3.21497e-06 7.55928e-06 0.00703192 46
3.04173e-06 7.04156e-06 0.00680304 46
2.9839e-06 4.86583e-06 0.00690603 46
3.42745e-06 8.13147e-06 0.00679493 46
2.98424e-06 6.9251e-06 0.00676799 46
3.11505e-06 6.98611e-06 0.00733995 46
2.88133e-06 5.22241e-06 0.00682116 46
3.3691e-06 6.76923e-06 0.00689387 46
3.36713e-06 7.43526e-06 0.00683093 46
3.14363e-06 5.32724e-06 0.00678802 46
3.03837e-06 6.69257e-06 0.00675106 46
3.71699e-06 6.80987e-06 0.00692201 46
2.53331e-06 5.45729e-06 0.00677991 46
3.19503e-06 5.69675e-06 0.00694203 46
3.11062e-06 6.5093e-06 0.00678396 46
3.05993e-06 7.28358e-06 0.00680017 46
3.4592e-06 7.33047e-06 0.00682807 46
2.89774e-06 5.21589e-06 0.00680184 46
2.87053e-06 5.48965e-06 0.006778 46
3.31471e-06 6.3694e-06 0.0068109 46
2.95385e-06 5.89051e-06 0.00676394 46
