7.57402e-06 9.72031e-05 0.00423908
7.1555e-06 9.18903e-05 0.00381708
7.6561e-06 9.60711e-05 0.00403404
7.84471e-06 0.000104769 0.00402689
7.39728e-06 9.25124e-05 0.00427008
6.47289e-06 8.38753e-05 0.00401998
7.05378e-06 9.23695e-05 0.003932
6.87259e-06 9.15335e-05 0.00401998
7.11394e-06 9.29923e-05 0.00412583
6.69395e-06 7.96174e-05 0.00390887
7.16736e-06 9.61123e-05 0.00399113
6.55012e-06 9.53874e-05 0.00403118
7.11125e-06 9.51127e-05 0.0040369
7.30125e-06 9.27216e-05 0.00401497
7.25988e-06 0.000100282 0.00406003
7.26841e-06 0.000101442 0.00397801
7.11754e-06 9.42791e-05 0.004251
6.69093e-06 9.01993e-05 0.00401783
6.7265e-06 9.14386e-05 0.00400901
7.15348e-06 9.02665e-05 0.00404406
7.36327e-06 9.14501e-05 0.00404787
6.6414e-06 8.4137e-05 0.00405502
6.87569e-06 9.27554e-05 0.00399399
7.25959e-06 0.000104005 0.00403404
6.96271e-06 0.000101934 0.00408411
7.19322e-06 9.50224e-05 0.00401998
6.8502e-06 8.61734e-05 0.0040102
6.75972e-06 9.0745e-05 0.00406599
7.36125e-06 0.000101132 0.00400591
6.79776e-06 9.05368e-05 0.00404382
7.05049e-06 9.69375e-05 0.00404096
7.07725e-06 9.0878e-05 0.00403714
6.77376e-06 8.9187e-05 0.00404906
6.86831e-06 8.75177e-05 0.0040431
7.35773e-06 9.29665e-05 0.00402594
6.88693e-06 9.28801e-05 0.00408006
7.219e-06 0.000100023 0.00404692
6.84049e-06 8.97305e-05 0.00405717
6.67091e-06 9.47816e-05 0.00402117
6.64858e-06 8.91211e-05 0.00402999
6.80224e-06 8.60737e-05 0.00415587
6.74288e-06 8.70294e-05 0.00413895
7.52416e-06 9.32609e-05 0.00405407
6.9716e-06 8.97506e-05 0.00401092
6.85362e-06 8.82185e-05 0.00402308
6.63637e-06 9.02574e-05 0.00401711
7.4723e-06 9.94467e-05 0.00403595
7.11923e-06 8.7774e-05 0.00404501
7.27067e-06 9.88685e-05 0.00402284
6.71167e-06 8.85552e-05 0.00401592
