4.82902e-06 2.26574e-05 0.015763 4010
4.67443e-06 2.14463e-05 0.016149 4010
4.22575e-06 1.86236e-05 0.0159662 4010
4.56929e-06 2.13661e-05 0.015929 4010
4.89569e-06 2.23793e-05 0.015702 4010
4.40877e-06 2.16957e-05 0.0160811 4010
5.10591e-06 2.4667e-05 0.015945 4010
4.34814e-06 2.13293e-05 0.0158532 4010
5.27083e-06 2.48117e-05 0.0159209 4010
4.1889e-06 2.09428e-05 0.0160549 4010
4.27927e-06 2.16773e-05 0.0163581 4010
4.82862e-06 2.28415e-05 0.0163209 4010
4.67023e-06 2.11372e-05 0.01647 4010
4.9334e-06 2.17501e-05 0.0159302 4010
4.29705e-06 1.90895e-05 0.0160871 4010
4.43594e-06 2.03159e-05 0.0159121 4010
4.61391e-06 2.18988e-05 0.015852 4010
4.4142e-06 2.17953e-05 0.015779 4010
4.50657e-06 2.23115e-05 0.015857 4010
4.4888e-06 2.07603e-05 0.0158739 4010
5.16306e-06 2.13522e-05 0.0159979 4010
4.58939e-06 2.28657e-05 0.0158019 4010
4.22596e-06 1.92562e-05 0.0158761 4010
4.35647e-06 1.97689e-05 0.0159121 4010
4.51508e-06 2.41668e-05 0.0158799 4010
4.90831e-06 2.68491e-05 0.0157979 4010
3.98041e-06 1.88981e-05 0.0159221 4010
4.66747e-06 2.37506e-05 0.0160911 4010
4.36219e-06 1.9333e-05 0.0170898 4010
4.69252e-06 2.12181e-05 0.0173521 4010
4.66099e-06 2.44231e-05 0.017221 4010
4.987e-06 2.20087e-05 0.0166309 4010
4.5597e-06 2.23581e-05 0.017879 4010
4.83973e-06 2.25411e-05 0.0173039 4010
4.50829e-06 2.37276e-05 0.0147309 4010
4.59791e-06 2.50689e-05 0.0146279 4010
4.67755e-06 2.23867e-05 0.0171421 4010
4.5629e-06 2.02318e-05 0.0143371 4010
3.73281e-06 1.979e-05 0.0144241 4010
4.31951e-06 2.06039e-05 0.0144379 4010
4.18423e-06 1.79814e-05 0.014066 4010
4.59458e-06 2.03567e-05 0.014586 4010
4.39796e-06 2.04531e-05 0.015054 4010
4.7342e-06 2.11252e-05 0.0145659 4010
5.07682e-06 2.55597e-05 0.0154209 4010
4.23005e-06 1.89216e-05 0.0145571 4010
4.37512e-06 2.11327e-05 0.0145299 4010
4.81194e-06 2.29529e-05 0.0144758 4010
4.5309e-06 2.03508e-05 0.014185 4010
3.8641e-06 1.89506e-05 0.014503 4010
