4.43829e-06 2.46274e-05 0.00878 810
4.43386e-06 2.11349e-05 0.00883794 810
4.63981e-06 2.38486e-05 0.00894213 810
4.51041e-06 2.17649e-05 0.00889897 810
4.35772e-06 2.21306e-05 0.00881481 810
4.60806e-06 2.01796e-05 0.00889802 810
4.37836e-06 2.08418e-05 0.00885892 810
4.41455e-06 2.17699e-05 0.00903511 810
4.83771e-06 2.17994e-05 0.00911713 810
4.72023e-06 2.22671e-05 0.00888109 810
4.75586e-06 2.17873e-05 0.00886989 810
4.51814e-06 2.14111e-05 0.00879192 810
3.95208e-06 1.96263e-05 0.00888085 810
4.60782e-06 2.09902e-05 0.00888205 810
4.53671e-06 2.16036e-05 0.00879288 810
5.22121e-06 2.53671e-05 0.00888705 810
4.72606e-06 2.12457e-05 0.00894809 810
4.79705e-06 2.53968e-05 0.00912809 810
4.33065e-06 1.88523e-05 0.00891399 810
4.55753e-06 2.34839e-05 0.00895596 810
4.23012e-06 2.04351e-05 0.00891995 810
4.59805e-06 2.25999e-05 0.00881505 810
4.90254e-06 1.98203e-05 0.00894499 810
4.57631e-06 2.41876e-05 0.00889587 810
4.0224e-06 1.99649e-05 0.00885987 810
4.67528e-06 2.10204e-05 0.00878 810
3.89192e-06 1.97487e-05 0.00884795 810
5.29463e-06 2.41414e-05 0.00857997 810
5.51924e-06 2.76966e-05 0.00907898 810
4.28147e-06 2.06441e-05 0.00924206 810
3.87636e-06 1.9932e-05 0.00962591 810
4.53111e-06 2.16479e-05 0.00908899 810
4.54348e-06 2.12368e-05 0.00902104 810
4.4829e-06 2.17555e-05 0.00948906 810
4.90615e-06 2.24833e-05 0.0101628 810
4.8661e-06 2.21534e-05 0.00946593 810
4.07722e-06 1.86537e-05 0.00911093 810
4.83662e-06 2.32061e-05 0.00842404 810
3.89537e-06 2.2144e-05 0.00851607 810
4.56623e-06 2.42231e-05 0.00834918 810
4.7267e-06 2.15533e-05 0.00836492 810
4.17324e-06 2.13619e-05 0.008394 810
4.51474e-06 2.38832e-05 0.00836992 810
4.44588e-06 1.95809e-05 0.00836515 810
5.01022e-06 2.40373e-05 0.00838113 810
4.3868e-06 2.21831e-05 0.00838685 810
4.36227e-06 2.18781e-05 0.00842214 810
4.51365e-06 2.31236e-05 0.00836396 810
4.46344e-06 2.09958e-05 0.00838184 810
4.32129e-06 2.21613e-05 0.00855303 810
