6.99454e-06 8.98133e-05 0.00572085
7.19198e-06 9.68274e-05 0.00571799
6.53107e-06 8.73898e-05 0.00570202
7.02933e-06 9.60556e-05 0.00570893
7.41624e-06 9.58505e-05 0.00570607
6.63313e-06 8.61253e-05 0.00571609
7.72945e-06 0.00010163 0.00569701
7.01431e-06 9.83565e-05 0.00571203
7.14538e-06 9.08337e-05 0.00570297
7.648e-06 9.76018e-05 0.00566483
7.56258e-06 9.84456e-05 0.007411
6.77317e-06 8.76844e-05 0.00567603
6.99283e-06 9.4012e-05 0.00529218
7.75599e-06 0.000106521 0.00486207
7.11884e-06 9.78714e-05 0.00542998
7.239e-06 9.42184e-05 0.00506115
6.40734e-06 9.07365e-05 0.00567794
7.0874e-06 9.76704e-05 0.00552702
6.88897e-06 9.09788e-05 0.00553012
7.80209e-06 9.96711e-05 0.00556993
6.94546e-06 8.86563e-05 0.00558019
6.98287e-06 8.99277e-05 0.00562906
7.15066e-06 9.33492e-05 0.00555515
6.84143e-06 9.04677e-05 0.00556707
7.60257e-06 0.000103449 0.00601101
6.6829e-06 8.85056e-05 0.00553012
7.25406e-06 9.76383e-05 0.00559211
7.12793e-06 9.4997e-05 0.00571799
7.0973e-06 9.28553e-05 0.00562119
6.93446e-06 8.72885e-05 0.00552511
7.29999e-06 9.5921e-05 0.0055759
6.66649e-06 9.16612e-05 0.00556993
7.00914e-06 8.86735e-05 0.00558114
6.99642e-06 9.27708e-05 0.00554705
7.29537e-06 8.89792e-05 0.00555086
6.67521e-06 9.6978e-05 0.00553918
7.74345e-06 0.000101673 0.00553608
7.08435e-06 8.82899e-05 0.00557303
7.24251e-06 9.77753e-05 0.00555396
7.60125e-06 9.51852e-05 0.00557303
7.48668e-06 9.78993e-05 0.00555301
7.54276e-06 0.00010159 0.00556087
7.08064e-06 9.59153e-05 0.0055511
7.09998e-06 8.90891e-05 0.00481582
7.29668e-06 9.07609e-05 0.00489998
6.93078e-06 9.74853e-05 0.0050149
6.95296e-06 9.69362e-05 0.00476503
7.17242e-06 8.87111e-05 0.00500488
6.90542e-06 9.92321e-05 0.00664496
6.98071e-06 0.000100598 0.00519681
