9.83145e-06 0.000170354 0.00363493
9.13955e-06 0.000167184 0.00364614
9.9821e-06 0.000178357 0.00361681
9.5286e-06 0.000160158 0.00348997
9.68703e-06 0.000171148 0.00345206
9.40734e-06 0.000165611 0.00367904
9.56148e-06 0.000182477 0.00353384
9.83485e-06 0.000179522 0.00353098
9.46868e-06 0.0001648 0.00352001
1.02314e-05 0.000181425 0.00349998
9.46876e-06 0.000172894 0.00307083
9.47199e-06 0.000171969 0.00307107
9.15842e-06 0.000172972 0.00310612
9.88446e-06 0.000174643 0.00316405
9.57407e-06 0.000170093 0.0036571
9.57688e-06 0.000171271 0.00373292
9.58161e-06 0.000175179 0.00364304
9.73858e-06 0.000168491 0.00328398
9.42594e-06 0.000172903 0.00346112
9.14913e-06 0.000164331 0.00343299
9.57278e-06 0.000169618 0.00344515
9.76762e-06 0.000176643 0.00346708
9.70128e-06 0.000175323 0.00344491
9.46078e-06 0.000176549 0.00348306
9.67363e-06 0.000170136 0.00349712
1.00206e-05 0.000181184 0.00348902
9.70664e-06 0.000176263 0.00341606
9.42326e-06 0.000155215 0.00345898
1.00283e-05 0.00018187 0.00345802
1.01874e-05 0.000187652 0.00341988
1.02158e-05 0.000190365 0.00346494
9.79404e-06 0.000173426 0.00345612
9.61933e-06 0.000173952 0.00368595
9.73431e-06 0.000161531 0.00347209
9.67451e-06 0.000177023 0.00346684
1.04333e-05 0.000203742 0.00346684
9.33814e-06 0.000170178 0.003443
1.00079e-05 0.000182418 0.003474
1.02596e-05 0.000175271 0.00348592
9.61206e-06 0.000163901 0.00346112
9.93325e-06 0.000185511 0.00358105
9.27914e-06 0.000164989 0.00359702
1.01256e-05 0.000189426 0.00353789
9.66543e-06 0.000177465 0.00342798
9.5002e-06 0.000168386 0.00342703
8.82894e-06 0.000164834 0.00345898
8.75497e-06 0.000164126 0.00337005
9.97259e-06 0.000177569 0.00345707
9.76247e-06 0.000170496 0.00346088
1.01754e-05 0.000186112 0.00346303
