6.99482e-06 9.42993e-05 0.00385499
7.22425e-06 9.19228e-05 0.00386
6.55252e-06 8.73258e-05 0.00410199
7.58568e-06 9.91398e-05 0.00389099
7.59542e-06 0.00010207 0.00392795
7.13968e-06 0.000100151 0.00393414
6.95809e-06 9.2833e-05 0.00387406
6.93327e-06 9.8584e-05 0.0039742
7.27237e-06 9.76493e-05 0.00397515
7.46712e-06 0.000102671 0.00394988
6.79041e-06 9.41844e-05 0.00370312
7.24387e-06 0.000102934 0.00396895
6.96323e-06 9.46214e-05 0.0040679
7.09946e-06 9.5582e-05 0.00332999
7.45016e-06 9.55638e-05 0.00347209
7.7226e-06 0.000112967 0.0033381
7.58763e-06 0.000103252 0.00340915
7.09776e-06 9.63359e-05 0.00331783
7.55642e-06 9.68765e-05 0.00332713
7.41852e-06 0.000100712 0.00333714
6.29174e-06 8.18305e-05 0.00340915
7.19216e-06 0.000103539 0.00332808
7.65264e-06 0.000107487 0.00331807
7.2507e-06 0.000102542 0.00331497
7.81988e-06 0.000106478 0.00334406
7.79722e-06 0.000107357 0.00333095
7.34208e-06 9.69239e-05 0.00338411
7.37277e-06 0.000101648 0.00332403
7.00794e-06 9.4686e-05 0.00331402
8.03051e-06 0.000113028 0.00332499
7.5664e-06 0.000105771 0.00332904
7.45819e-06 9.83778e-05 0.00333214
7.59084e-06 0.000105337 0.00346994
6.63549e-06 9.3175e-05 0.00336099
7.33969e-06 9.32901e-05 0.0033319
7.13378e-06 9.63373e-05 0.00331593
7.80991e-06 9.70292e-05 0.00336289
7.12723e-06 0.000101549 0.00332308
7.33143e-06 0.000101085 0.00335979
6.7899e-06 8.92914e-05 0.00334501
7.36627e-06 9.6655e-05 0.00333595
7.11257e-06 9.16463e-05 0.00332904
6.98957e-06 8.98945e-05 0.00333595
7.11089e-06 9.86792e-05 0.0033319
7.08441e-06 9.79984e-05 0.00335693
7.4529e-06 0.000105003 0.00343895
6.8939e-06 9.87523e-05 0.00334501
7.63142e-06 0.000102198 0.00332093
6.88272e-06 9.5639e-05 0.00339508
7.38297e-06 0.000104046 0.00342011
