6.67037e-06 9.75825e-05 0.00391603
7.16621e-06 0.00010382 0.00376892
6.81049e-06 8.46498e-05 0.00378585
7.40436e-06 0.00010381 0.00334001
7.05036e-06 9.99347e-05 0.00334406
7.26262e-06 9.69194e-05 0.00333786
7.89361e-06 0.000101514 0.00335407
7.18913e-06 9.80786e-05 0.00334597
7.38722e-06 0.000102295 0.00336909
7.17945e-06 9.08344e-05 0.00333691
7.75587e-06 0.000106094 0.00334096
7.0176e-06 9.30221e-05 0.00334096
6.9559e-06 9.70466e-05 0.00335598
7.72267e-06 0.000109403 0.00335002
7.18127e-06 9.8685e-05 0.00335908
7.12114e-06 9.4895e-05 0.00335217
7.75531e-06 0.000108132 0.00336695
7.0151e-06 9.87439e-05 0.00336504
6.84204e-06 8.24531e-05 0.00335002
6.54116e-06 8.91185e-05 0.00334597
6.84221e-06 9.55608e-05 0.00334907
7.03457e-06 9.6436e-05 0.00334692
7.58669e-06 0.000111498 0.00333905
7.46525e-06 9.73583e-05 0.00335503
6.87616e-06 0.000102262 0.00337601
7.44652e-06 9.73371e-05 0.00333786
7.78655e-06 0.000108704 0.00336194
7.50537e-06 0.000102256 0.00335693
7.01228e-06 9.52821e-05 0.00334501
7.35919e-06 9.8785e-05 0.00337315
7.31559e-06 0.000100955 0.00334096
7.58956e-06 0.000102052 0.00335789
7.33949e-06 0.000105358 0.00329995
7.06575e-06 9.21009e-05 0.00332499
7.05024e-06 9.41499e-05 0.00332594
6.79081e-06 0.000101558 0.00333309
6.78168e-06 9.3789e-05 0.00332499
7.35202e-06 0.00010474 0.00334215
7.33937e-06 9.99131e-05 0.00331783
7.44618e-06 0.000107164 0.00333095
7.3001e-06 0.000102415 0.00334382
6.86087e-06 9.80003e-05 0.00334096
7.54973e-06 0.000106016 0.00331998
7.27152e-06 9.91789e-05 0.00332189
7.47817e-06 0.000103962 0.00345016
7.18529e-06 0.000106736 0.00333095
7.42063e-06 0.000107328 0.00333309
7.33901e-06 0.000106123 0.00332117
7.38656e-06 0.000101977 0.00333405
6.62731e-06 9.03672e-05 0.00331998
