1.45762e-05 0.000568319 0.00420094 806
1.40376e-05 0.000518637 0.00421691 806
1.34226e-05 0.000505235 0.00420594 806
1.45325e-05 0.000541401 0.00421691 806
1.37777e-05 0.000512785 0.0042541 806
1.37354e-05 0.000531064 0.00418687 806
1.42257e-05 0.000541277 0.00441384 806
1.50248e-05 0.000571766 0.00424385 806
1.42424e-05 0.000535547 0.00427794 806
1.42873e-05 0.000533443 0.00421691 806
1.40814e-05 0.000523727 0.00438809 806
1.42954e-05 0.00053324 0.0045588 806
1.48345e-05 0.000542114 0.00428891 806
1.40007e-05 0.000517368 0.00417805 806
1.43975e-05 0.000521185 0.00417399 806
1.38118e-05 0.000532204 0.00426388 806
1.46269e-05 0.000552777 0.00423789 806
1.41039e-05 0.000520498 0.00425196 806
1.41269e-05 0.000516524 0.00420713 806
1.40808e-05 0.000527811 0.00424123 806
1.41378e-05 0.000510924 0.00423503 806
1.4058e-05 0.000522594 0.00429893 806
1.44212e-05 0.000544196 0.00426602 806
1.42082e-05 0.000520583 0.00428891 806
1.43151e-05 0.000549376 0.00417495 806
1.42614e-05 0.000534452 0.0042851 806
1.39997e-05 0.000493714 0.0042479 806
1.45487e-05 0.000544518 0.00422978 806
1.43037e-05 0.000519914 0.00425601 806
1.44033e-05 0.000525316 0.00425577 806
1.45238e-05 0.000538073 0.00430894 806
1.38321e-05 0.000488082 0.00422692 806
1.45795e-05 0.000550949 0.00420094 806
1.43015e-05 0.000536819 0.00454092 806
1.44616e-05 0.000536968 0.00418401 806
1.42272e-05 0.000504793 0.00415421 806
1.44082e-05 0.000521153 0.00421906 806
1.42092e-05 0.000502434 0.00417304 806
1.43873e-05 0.000530756 0.00430393 806
1.40154e-05 0.000525332 0.00436115 806
1.43425e-05 0.000520989 0.00421 806
1.43614e-05 0.000527306 0.00423288 806
1.39517e-05 0.000510011 0.00427294 806
1.37495e-05 0.000519193 0.00427103 806
1.47694e-05 0.000548785 0.00422597 806
1.4536e-05 0.000545898 0.00413394 806
1.40373e-05 0.000539599 0.00426412 806
1.45508e-05 0.000554981 0.0042119 806
1.40885e-05 0.000529055 0.00429487 806
1.39596e-05 0.000533476 0.00424385 806
