5.93329e-06 6.76262e-05 0.00443912
6.24035e-06 7.41115e-05 0.0045681
6.94879e-06 8.36072e-05 0.00462413
6.8722e-06 8.39388e-05 0.00503492
6.28836e-06 7.22867e-05 0.00510001
7.13552e-06 8.27772e-05 0.00511098
6.61648e-06 8.10281e-05 0.004987
6.63751e-06 7.44166e-05 0.00461388
6.32811e-06 6.90398e-05 0.00444007
6.44475e-06 7.93721e-05 0.00450015
6.67621e-06 7.68893e-05 0.00444007
6.56906e-06 7.75807e-05 0.00448608
6.67161e-06 7.86189e-05 0.004498
6.9401e-06 8.08671e-05 0.00456405
6.71849e-06 7.57066e-05 0.00454211
6.69344e-06 7.73297e-05 0.00443506
6.69247e-06 7.63948e-05 0.00452089
6.28636e-06 7.79271e-05 0.00448418
6.41249e-06 7.0562e-05 0.00455308
6.68943e-06 8.09498e-05 0.00451803
6.45071e-06 8.15922e-05 0.00455904
6.9619e-06 8.27046e-05 0.00461197
7.25442e-06 8.68638e-05 0.00454497
6.05429e-06 7.30683e-05 0.00481915
6.85161e-06 8.02082e-05 0.00454998
6.2643e-06 7.01515e-05 0.00454593
7.07078e-06 8.04774e-05 0.00454903
6.22622e-06 7.79426e-05 0.00448179
6.22555e-06 7.82126e-05 0.00444698
7.04952e-06 8.79733e-05 0.00445199
6.19821e-06 7.44409e-05 0.00453091
6.65354e-06 8.73046e-05 0.00445104
6.67649e-06 7.78875e-05 0.00453997
6.4863e-06 8.17393e-05 0.0045681
6.24042e-06 7.41147e-05 0.00446296
6.62361e-06 7.79571e-05 0.00452113
6.48497e-06 8.1102e-05 0.00447488
6.32014e-06 7.57702e-05 0.00451493
6.9108e-06 8.02672e-05 0.0045979
6.78829e-06 8.68633e-05 0.00455713
6.95964e-06 7.88744e-05 0.00447512
6.15749e-06 6.9319e-05 0.00445199
6.3177e-06 7.34916e-05 0.00453091
6.87524e-06 8.39757e-05 0.00449705
6.75434e-06 8.34442e-05 0.00448704
7.18996e-06 8.62818e-05 0.0045042
6.39804e-06 7.6585e-05 0.0045321
7.11975e-06 8.37907e-05 0.00446296
6.61393e-06 7.64919e-05 0.00445104
6.8457e-06 7.83616e-05 0.00449896
