1.45935e-05 0.000536836 0.00586796 808
1.43264e-05 0.000520733 0.0058701 808
1.43484e-05 0.000538771 0.00595379 808
1.43542e-05 0.000524828 0.00584102 808
1.39149e-05 0.000500585 0.00632 808
1.41446e-05 0.000499026 0.00592995 808
1.46849e-05 0.000537095 0.0060091 808
1.41602e-05 0.000506989 0.00583696 808
1.48318e-05 0.000536534 0.00581813 808
1.46929e-05 0.000548185 0.00593591 808
1.43691e-05 0.000548926 0.00587392 808
1.39364e-05 0.000495409 0.00584888 808
1.41925e-05 0.000527782 0.00585389 808
1.40317e-05 0.000525046 0.00584722 808
1.41235e-05 0.000486451 0.00588107 808
1.38721e-05 0.000505679 0.00586987 808
1.3985e-05 0.000533323 0.00690293 808
1.36631e-05 0.000487915 0.00634384 808
1.38675e-05 0.000513184 0.00596118 808
1.43321e-05 0.000535133 0.00582409 808
1.4651e-05 0.000524703 0.00589395 808
1.44625e-05 0.000499245 0.00590301 808
1.34459e-05 0.000522889 0.00589895 808
1.45343e-05 0.000523405 0.00591803 808
1.43204e-05 0.00053219 0.00586891 808
1.43503e-05 0.000525057 0.00589108 808
1.41056e-05 0.00050938 0.00591302 808
1.39645e-05 0.000509648 0.005934 808
1.42692e-05 0.00051979 0.00591207 808
1.43503e-05 0.000548812 0.00605202 808
1.363e-05 0.000499843 0.00601482 808
1.41197e-05 0.000507339 0.00626898 808
1.4215e-05 0.000530322 0.0059638 808
1.39104e-05 0.0005253 0.00598502 808
1.47352e-05 0.000538017 0.00606799 808
1.48393e-05 0.00055372 0.00617909 808
1.48522e-05 0.000537015 0.00606918 808
1.43169e-05 0.000508427 0.00604916 808
1.40272e-05 0.000506465 0.00587416 808
1.46743e-05 0.000546597 0.00595713 808
1.37293e-05 0.000485343 0.00602913 808
1.43829e-05 0.000512233 0.00587702 808
1.43685e-05 0.000509882 0.00593114 808
1.44642e-05 0.000530132 0.00596905 808
1.44621e-05 0.00054179 0.00595903 808
1.48791e-05 0.000555327 0.00610399 808
1.43004e-05 0.000521307 0.00602102 808
1.46817e-05 0.000564285 0.00596809 808
1.40789e-05 0.000518306 0.00619221 808
1.44715e-05 0.000529061 0.006001 808
