7.68451e-06 0.0002694 0.00703192
7.27067e-06 0.000235797 0.00710487
7.77541e-06 0.000273359 0.00705719
7.35061e-06 0.000236579 0.00708699
8.2567e-06 0.000276799 0.007092
7.6532e-06 0.000273559 0.00766802
7.94519e-06 0.000288488 0.00714397
6.5993e-06 0.000218489 0.00753808
7.46309e-06 0.000260677 0.00710201
7.44509e-06 0.000247673 0.00709105
7.59807e-06 0.000271277 0.0070889
7.70974e-06 0.000272029 0.00729012
7.88979e-06 0.00027545 0.00833011
7.57065e-06 0.00026915 0.00707197
7.34891e-06 0.000254191 0.00708222
7.48648e-06 0.000263891 0.00708795
6.93701e-06 0.000239285 0.00726199
6.68116e-06 0.000223791 0.00710177
7.50219e-06 0.000258133 0.00708604
7.50777e-06 0.000254457 0.00707889
7.63696e-06 0.000257448 0.00708008
7.37134e-06 0.000260007 0.00709295
6.93175e-06 0.000243977 0.00708508
8.07595e-06 0.000276772 0.00708985
7.67903e-06 0.000254549 0.00712204
7.45305e-06 0.000243145 0.00708699
7.54985e-06 0.000270565 0.00709295
7.5715e-06 0.000256815 0.00710011
7.42294e-06 0.000243325 0.00706792
7.33209e-06 0.000251069 0.00709987
7.27974e-06 0.000245597 0.00708699
7.12753e-06 0.000251774 0.00706983
7.36164e-06 0.000247935 0.00709701
7.23083e-06 0.000266461 0.00710487
7.6986e-06 0.000248572 0.00710702
7.03727e-06 0.000215055 0.00710988
7.55828e-06 0.00023903 0.00710392
7.54118e-06 0.000261367 0.00708508
7.03737e-06 0.000243667 0.00718617
7.5773e-06 0.000263856 0.0070858
7.69995e-06 0.000269723 0.00706887
7.23802e-06 0.000253904 0.00707817
7.00064e-06 0.000242938 0.00713491
7.96877e-06 0.000274614 0.00707388
7.48832e-06 0.000251924 0.00706816
7.24227e-06 0.000246823 0.00706792
7.89025e-06 0.000255569 0.00706291
6.58525e-06 0.000228008 0.0071218
7.64159e-06 0.000267475 0.00711393
7.68283e-06 0.000276462 0.00708818
