9.87368e-06 0.000178303 0.00300288
9.69814e-06 0.000182212 0.00299501
1.005e-05 0.000194235 0.003016
1.02113e-05 0.000180341 0.00312304
1.00077e-05 0.00018427 0.00328112
9.78865e-06 0.000183591 0.00301695
1.03384e-05 0.000197342 0.00321794
9.93303e-06 0.000191562 0.00321007
1.00501e-05 0.000187352 0.00330091
1.02635e-05 0.000186827 0.00319695
1.00584e-05 0.000189828 0.00329494
9.84511e-06 0.000184584 0.0033021
9.63274e-06 0.000168561 0.00327587
1.04552e-05 0.000204433 0.00319004
1.03741e-05 0.000192272 0.00319886
9.57597e-06 0.000169817 0.00318289
9.89572e-06 0.000182819 0.00329804
1.01036e-05 0.000184845 0.00321698
1.03659e-05 0.000198588 0.00334191
1.09252e-05 0.000207077 0.00323701
1.00624e-05 0.000183203 0.0032661
1.02934e-05 0.000197846 0.0033021
9.7343e-06 0.000170716 0.00321603
1.0048e-05 0.000188448 0.00323105
1.01244e-05 0.000183917 0.00322485
9.93674e-06 0.00018996 0.00325298
9.9699e-06 0.00018399 0.00327396
1.01012e-05 0.00020282 0.00329208
9.93993e-06 0.000184658 0.00325799
1.05123e-05 0.00019787 0.00322914
9.66605e-06 0.000185173 0.00327206
1.00536e-05 0.000177439 0.00321913
1.0147e-05 0.000186988 0.00329089
1.00725e-05 0.000186917 0.00323796
1.02757e-05 0.0001838 0.00321412
1.04138e-05 0.000192924 0.00326586
1.04375e-05 0.000190618 0.00328207
9.87787e-06 0.000181268 0.00325489
9.86139e-06 0.000186035 0.00331402
9.88376e-06 0.000188688 0.00330877
9.77179e-06 0.000181497 0.00324202
1.0192e-05 0.000187962 0.00332022
1.0312e-05 0.000184274 0.00331593
9.39264e-06 0.000180724 0.00328898
1.05273e-05 0.000195111 0.00332189
1.08152e-05 0.000199622 0.0033071
1.0084e-05 0.000178559 0.00320196
1.03383e-05 0.00018286 0.003304
1.02131e-05 0.000196988 0.00322104
1.01682e-05 0.000187924 0.003232
