6.99659e-06 0.000123556 0.00256515
6.9234e-06 0.000117319 0.00236201
6.88332e-06 0.000115019 0.00236702
6.33791e-06 0.000112442 0.00238395
6.9429e-06 0.000117891 0.00240183
6.48735e-06 0.000107457 0.00241089
6.90572e-06 0.000118125 0.00242209
6.88124e-06 0.000117145 0.00238895
6.52045e-06 0.000119491 0.00240684
7.2323e-06 0.000125635 0.00242305
7.55373e-06 0.000125803 0.00241399
7.23431e-06 0.000127798 0.00245309
7.14585e-06 0.000126516 0.00242686
6.62511e-06 0.000110669 0.0023911
6.77374e-06 0.000121472 0.00243187
6.85836e-06 0.000108968 0.00241685
7.93118e-06 0.000134383 0.00241399
6.9349e-06 0.000119835 0.0024271
7.22523e-06 0.000121457 0.00235915
7.16433e-06 0.000127229 0.00240397
7.07487e-06 0.000124253 0.00243378
6.64046e-06 0.000118425 0.00240993
6.55332e-06 0.000116339 0.00241303
6.27224e-06 0.000111528 0.0024209
7.23742e-06 0.000133325 0.00241399
7.20921e-06 0.000133628 0.00244498
6.63379e-06 0.000116992 0.00240779
6.81841e-06 0.000113298 0.00247502
6.84118e-06 0.000116294 0.00247002
7.1402e-06 0.000124139 0.00242305
6.66901e-06 0.000119055 0.0024159
6.66699e-06 0.000113604 0.00244212
6.75381e-06 0.000108263 0.00242901
7.02014e-06 0.000114289 0.00241399
6.9048e-06 0.000121607 0.00242496
7.09919e-06 0.000122369 0.00235796
7.02784e-06 0.000119565 0.00231791
6.87611e-06 0.000116996 0.00232911
7.20538e-06 0.000134796 0.00232387
6.56306e-06 0.000117061 0.00232697
7.33597e-06 0.000126799 0.00232005
7.49665e-06 0.000126605 0.00232816
7.00151e-06 0.000127569 0.00233006
6.47221e-06 0.000116887 0.00233102
7.36825e-06 0.00013091 0.00232887
6.82588e-06 0.000111654 0.00235105
7.37163e-06 0.0001212 0.00232911
7.04383e-06 0.000117853 0.00233316
7.14775e-06 0.000111823 0.00233293
6.8167e-06 0.000115454 0.00232697
