4.17805e-06 1.26802e-05 0.00371814 86
4.19898e-06 1.48917e-05 0.00380683 86
3.9487e-06 1.2375e-05 0.00379992 86
4.31324e-06 1.15243e-05 0.00407505 86
3.87749e-06 1.25757e-05 0.00370693 86
4.20414e-06 1.35295e-05 0.00370407 86
4.0096e-06 1.2305e-05 0.00371599 86
4.18604e-06 1.24114e-05 0.00372005 86
4.75239e-06 1.59861e-05 0.00374293 86
4.20791e-06 1.40018e-05 0.00371194 86
3.95279e-06 1.46517e-05 0.00372815 86
4.09469e-06 1.41922e-05 0.00380111 86
3.86118e-06 1.24958e-05 0.0037322 86
4.15795e-06 1.3163e-05 0.00401497 86
4.38271e-06 1.322e-05 0.00400591 86
4.70369e-06 1.72556e-05 0.00403309 86
4.26888e-06 1.27736e-05 0.00401187 86
4.09586e-06 1.41408e-05 0.00404 86
3.88029e-06 1.21677e-05 0.00399399 86
4.0811e-06 1.37865e-05 0.0040822 86
3.66553e-06 9.50545e-06 0.00422001 86
3.92548e-06 1.35647e-05 0.00416803 86
3.91046e-06 1.13981e-05 0.00401807 86
3.8786e-06 1.44978e-05 0.0041101 86
4.46493e-06 1.52743e-05 0.00410986 86
4.42332e-06 1.66866e-05 0.00405812 86
3.71392e-06 1.25505e-05 0.00400782 86
3.93865e-06 1.31541e-05 0.00402713 86
4.35033e-06 1.54022e-05 0.00406718 86
4.78864e-06 1.46932e-05 0.00398707 86
4.08229e-06 1.5438e-05 0.00401998 86
3.52984e-06 1.28144e-05 0.00403404 86
4.1664e-06 1.4516e-05 0.00407887 86
3.94712e-06 1.33918e-05 0.00400209 86
3.49792e-06 1.10302e-05 0.00413299 86
3.9266e-06 1.2697e-05 0.0040009 86
4.24986e-06 1.16263e-05 0.00397515 86
4.3454e-06 1.35633e-05 0.004004 86
4.09758e-06 1.35605e-05 0.00402498 86
4.28948e-06 1.44234e-05 0.00399184 86
4.56503e-06 1.45668e-05 0.00407791 86
3.93991e-06 1.44134e-05 0.00408101 86
3.89536e-06 1.32468e-05 0.00402594 86
4.30382e-06 1.61642e-05 0.00424504 86
3.78397e-06 1.33771e-05 0.00393701 86
4.23748e-06 1.50079e-05 0.004071 86
3.75118e-06 1.32582e-05 0.00409412 86
4.10011e-06 1.30595e-05 0.004179 86
4.66952e-06 1.51777e-05 0.00412321 86
3.81935e-06 1.28603e-05 0.00408697 86
