3.19444e-06 5.03407e-06 0.0036881 46
3.00953e-06 5.66112e-06 0.00367904 46
3.40891e-06 6.95393e-06 0.00389218 46
2.97588e-06 5.97051e-06 0.00389695 46
3.57323e-06 7.36275e-06 0.00464201 46
3.36289e-06 7.77059e-06 0.00472403 46
2.95656e-06 6.57988e-06 0.00385594 46
3.44864e-06 7.18344e-06 0.00417709 46
3.21434e-06 6.64934e-06 0.00567794 46
3.33456e-06 7.11562e-06 0.00419307 46
3.50656e-06 6.78394e-06 0.00372291 46
3.60875e-06 8.04288e-06 0.00379705 46
2.77786e-06 7.03135e-06 0.00372481 46
3.66542e-06 6.8387e-06 0.00370193 46
3.61692e-06 7.67931e-06 0.00370789 46
3.59356e-06 7.31271e-06 0.0037508 46
2.85039e-06 5.30097e-06 0.00377917 46
3.65591e-06 6.86155e-06 0.00385618 46
3.26592e-06 6.03039e-06 0.00499201 46
2.68606e-06 5.05842e-06 0.00380898 46
3.81154e-06 6.90996e-06 0.00370598 46
3.35151e-06 7.49145e-06 0.0037291 46
3.0828e-06 5.61461e-06 0.00369692 46
2.78779e-06 5.94242e-06 0.00371099 46
2.99119e-06 5.94288e-06 0.00370908 46
3.36238e-06 6.44683e-06 0.00371623 46
4.02254e-06 7.48366e-06 0.00370121 46
2.59778e-06 4.84319e-06 0.00371408 46
3.25166e-06 6.44054e-06 0.00370002 46
3.23786e-06 6.79725e-06 0.00370002 46
3.52345e-06 7.78416e-06 0.00369883 46
4.04132e-06 7.86106e-06 0.00381303 46
3.0504e-06 6.16888e-06 0.00378799 46
3.36535e-06 6.03707e-06 0.00384307 46
3.30607e-06 6.2595e-06 0.00370598 46
2.95627e-06 5.85061e-06 0.0037179 46
3.83943e-06 7.04558e-06 0.0036962 46
2.99406e-06 6.68859e-06 0.00373101 46
3.04028e-06 6.6191e-06 0.0037632 46
3.08084e-06 5.375e-06 0.00371194 46
2.78208e-06 5.93382e-06 0.00371814 46
2.42812e-06 4.6977e-06 0.00390005 46
3.42718e-06 6.8155e-06 0.00370193 46
3.25186e-06 6.58368e-06 0.00379705 46
2.96974e-06 5.81793e-06 0.00407195 46
3.67779e-06 6.70583e-06 0.00371385 46
3.6458e-06 6.29877e-06 0.00370598 46
3.069e-06 7.05319e-06 0.00372386 46
2.78028e-06 5.80323e-06 0.00370002 46
3.24593e-06 5.99063e-06 0.00373411 46
