5.02227e-06 2.14597e-05 0.0044558
4.14604e-06 1.90668e-05 0.00453281
4.87941e-06 2.38078e-05 0.00447202
4.54974e-06 2.19248e-05 0.004601
4.25448e-06 1.99899e-05 0.00547218
4.75889e-06 2.31972e-05 0.00447989
4.27891e-06 1.96878e-05 0.00451589
4.83963e-06 2.4578e-05 0.00446391
4.53274e-06 2.00804e-05 0.00448203
4.2707e-06 2.034e-05 0.00447607
4.43715e-06 2.10121e-05 0.00447893
4.0332e-06 1.86412e-05 0.00448203
4.23817e-06 2.01179e-05 0.00447583
4.53035e-06 2.10857e-05 0.00447297
4.23354e-06 1.94894e-05 0.00448108
4.37101e-06 2.3476e-05 0.00448084
4.83175e-06 2.43449e-05 0.00447488
4.68287e-06 2.15967e-05 0.00449514
4.60432e-06 2.27229e-05 0.00448608
5.12066e-06 2.27542e-05 0.00449204
4.33606e-06 1.94331e-05 0.004462
4.84149e-06 2.17476e-05 0.00446892
4.42259e-06 2.05699e-05 0.0044899
5.23164e-06 2.27445e-05 0.00447106
4.88821e-06 2.52081e-05 0.00445914
4.22557e-06 1.89577e-05 0.00446105
4.77284e-06 2.14793e-05 0.00445986
4.6027e-06 2.0447e-05 0.00448108
4.63165e-06 2.25655e-05 0.00448799
4.9623e-06 2.12551e-05 0.00446701
4.32939e-06 1.86114e-05 0.00448108
4.88966e-06 2.36467e-05 0.00448608
4.61678e-06 2.35489e-05 0.00447917
4.14222e-06 2.058e-05 0.00449419
5.11749e-06 2.29298e-05 0.00447702
4.3709e-06 2.48917e-05 0.004493
5.0823e-06 2.38462e-05 0.00447822
5.17623e-06 2.45297e-05 0.00447917
5.01539e-06 2.43541e-05 0.00448012
4.76491e-06 2.46018e-05 0.00450015
4.62943e-06 2.0086e-05 0.00448895
5.00763e-06 2.37146e-05 0.00448203
4.34084e-06 2.28062e-05 0.00447893
4.60994e-06 2.27442e-05 0.00447798
4.52201e-06 2.10057e-05 0.00450802
4.77994e-06 2.46561e-05 0.00447202
4.73119e-06 2.18725e-05 0.0044899
4.20219e-06 2.05812e-05 0.00448298
4.7864e-06 2.28605e-05 0.00448012
5.06483e-06 2.14799e-05 0.00447989
