1.01454e-05 0.000187476 0.00287199
1.08227e-05 0.00019635 0.00285316
1.01316e-05 0.000193413 0.00287485
9.74874e-06 0.000182659 0.00288296
9.69252e-06 0.000184194 0.00286889
9.80639e-06 0.000186311 0.00288177
1.05391e-05 0.000198281 0.0028789
1.00925e-05 0.000188112 0.00286603
1.04525e-05 0.000190613 0.00286484
1.03467e-05 0.000199187 0.00289083
9.68287e-06 0.000187751 0.00287414
9.32589e-06 0.000176411 0.00286984
1.0414e-05 0.000202221 0.00298405
1.0107e-05 0.000188818 0.00297999
9.78521e-06 0.000168588 0.00287294
1.02475e-05 0.000190994 0.00285697
1.04477e-05 0.000187747 0.00288391
1.03252e-05 0.000187283 0.00317717
1.04428e-05 0.000191709 0.00285792
9.71337e-06 0.00018467 0.00286388
9.37943e-06 0.000176712 0.002877
9.77329e-06 0.000185789 0.00287104
9.82586e-06 0.000181405 0.00286913
9.42106e-06 0.000176115 0.00287199
1.04263e-05 0.000196032 0.00287795
1.02461e-05 0.000195599 0.00286794
1.00595e-05 0.000190893 0.00285411
1.06327e-05 0.000201148 0.00343895
9.88822e-06 0.000184662 0.00286102
9.39372e-06 0.000174636 0.00285888
1.03266e-05 0.000197193 0.00294805
9.90205e-06 0.000186905 0.002985
9.80278e-06 0.000180025 0.00285602
1.00409e-05 0.000194028 0.00286603
9.6682e-06 0.000184721 0.00286078
1.00712e-05 0.000183176 0.00288486
1.05276e-05 0.000188851 0.00286984
1.0322e-05 0.000194268 0.00288582
1.03408e-05 0.000193356 0.00289011
1.02798e-05 0.000202427 0.0028789
9.77893e-06 0.000192172 0.00286484
1.05059e-05 0.000207256 0.00286198
1.03536e-05 0.000198544 0.0028789
9.93016e-06 0.000180483 0.00287986
9.75149e-06 0.000168701 0.00289488
1.02227e-05 0.000198559 0.00289488
1.02147e-05 0.000197314 0.00287294
1.0052e-05 0.000173271 0.00288391
1.09658e-05 0.000207087 0.00288391
9.39246e-06 0.000169954 0.00289202
