9.90615e-06 0.000184034 0.00666785
9.73329e-06 0.000182808 0.00675797
9.9524e-06 0.000185265 0.00797796
1.04156e-05 0.000199824 0.00788593
9.29575e-06 0.000163922 0.00824785
9.95343e-06 0.000185201 0.00814915
9.64287e-06 0.000177055 0.00867105
1.00311e-05 0.000178661 0.00936699
9.47098e-06 0.000173472 0.00743103
9.99767e-06 0.00018263 0.00669909
1.02449e-05 0.000190683 0.00671196
9.80196e-06 0.000170012 0.00663805
1.03736e-05 0.000189761 0.00675917
9.1101e-06 0.000157546 0.00667214
9.76259e-06 0.000176062 0.00673509
1.01504e-05 0.000182586 0.00668406
9.76656e-06 0.000175014 0.0066309
9.9275e-06 0.000184615 0.00655603
1.084e-05 0.00018081 0.0065918
9.93886e-06 0.000186483 0.00663686
9.33998e-06 0.000159986 0.00657296
1.02563e-05 0.000184831 0.0065639
9.54236e-06 0.000177661 0.00669003
1.0025e-05 0.000179819 0.00662589
9.65602e-06 0.00016893 0.00651193
1.01793e-05 0.000189424 0.00660419
1.01203e-05 0.00017705 0.00665879
1.01228e-05 0.000183525 0.00696206
9.87713e-06 0.000184374 0.00666285
1.04939e-05 0.000186843 0.00663996
9.66604e-06 0.000177744 0.00661016
1.01332e-05 0.000193078 0.00668597
9.65786e-06 0.000173248 0.00665712
1.00641e-05 0.000193838 0.00668907
9.52715e-06 0.000175408 0.00661707
9.69048e-06 0.000172046 0.00670099
9.91e-06 0.000180367 0.00668097
1.03577e-05 0.000188705 0.00657916
9.48924e-06 0.000173652 0.00783086
1.02592e-05 0.000177828 0.010246
1.05594e-05 0.000190134 0.007622
1.01297e-05 0.000186307 0.00731111
9.84499e-06 0.000182965 0.00675201
9.92799e-06 0.000180542 0.00678205
1.02838e-05 0.000186471 0.00670195
9.84606e-06 0.000158897 0.00673413
1.01623e-05 0.000180086 0.00669599
9.30284e-06 0.000161775 0.00668311
1.06312e-05 0.000204194 0.00665784
9.53088e-06 0.000170717 0.00670099
