4.6471e-06 2.31564e-05 0.00791597
4.39559e-06 2.29124e-05 0.00790095
5.13455e-06 2.14888e-05 0.00789499
4.85329e-06 2.0563e-05 0.00792813
4.95657e-06 2.56013e-05 0.00786185
5.20307e-06 2.37036e-05 0.00824904
4.16367e-06 1.93686e-05 0.00804687
4.31013e-06 2.07339e-05 0.00796103
4.66206e-06 2.52325e-05 0.00792694
4.79706e-06 2.37316e-05 0.00792789
4.2107e-06 2.05863e-05 0.00789905
4.85179e-06 2.18505e-05 0.00799084
4.18515e-06 2.25529e-05 0.00797796
4.50589e-06 2.46058e-05 0.007936
4.96602e-06 2.35775e-05 0.0078721
4.82671e-06 2.42336e-05 0.00791001
5.11435e-06 2.44686e-05 0.00786114
4.56953e-06 1.95478e-05 0.00795603
4.88476e-06 2.22463e-05 0.00794005
4.72946e-06 2.28436e-05 0.00787807
4.50936e-06 1.93896e-05 0.00796509
4.75682e-06 2.20553e-05 0.00787306
4.20924e-06 2.06699e-05 0.00794482
4.35607e-06 2.09762e-05 0.0079751
4.48795e-06 1.94244e-05 0.00797701
4.62157e-06 2.2881e-05 0.00792384
4.91091e-06 2.10511e-05 0.00786781
4.32111e-06 2.21755e-05 0.00797987
4.38063e-06 2.18839e-05 0.00783396
5.03182e-06 2.73346e-05 0.00793004
4.99905e-06 2.36206e-05 0.0079329
4.84844e-06 2.41331e-05 0.00790787
4.4861e-06 1.99513e-05 0.00796509
5.22357e-06 2.32156e-05 0.00796294
4.91881e-06 2.5616e-05 0.00796008
4.59838e-06 2.50824e-05 0.00792122
4.29142e-06 2.16705e-05 0.00788903
4.86572e-06 2.48397e-05 0.00790405
3.74537e-06 2.10992e-05 0.00796413
4.5705e-06 2.20514e-05 0.00794291
4.53522e-06 2.11482e-05 0.00784087
4.4163e-06 2.10846e-05 0.00796986
4.91501e-06 2.46458e-05 0.00799108
4.55577e-06 2.5318e-05 0.00785995
4.91186e-06 2.4661e-05 0.00794601
4.09293e-06 1.90016e-05 0.00792599
5.21485e-06 2.44673e-05 0.0078609
4.77595e-06 2.13136e-05 0.00793195
4.99571e-06 2.46538e-05 0.00791812
4.25626e-06 2.0292e-05 0.00785089
