4.70428e-06 2.25554e-05 0.00986505 808
4.76104e-06 2.23009e-05 0.00985599 808
4.45188e-06 2.07093e-05 0.0101361 808
4.71346e-06 2.27522e-05 0.010119 808
4.09582e-06 1.74839e-05 0.0101142 808
4.11321e-06 1.98063e-05 0.0100241 808
4.97889e-06 2.64326e-05 0.010076 808
4.15376e-06 2.10927e-05 0.0104091 808
3.92924e-06 1.87877e-05 0.01016 808
3.6509e-06 1.74888e-05 0.010042 808
4.18127e-06 1.90156e-05 0.0101311 808
4.49278e-06 2.12613e-05 0.010082 808
4.62866e-06 2.21738e-05 0.0100629 808
4.82069e-06 2.15334e-05 0.0100238 808
4.47801e-06 2.40189e-05 0.00998497 808
4.60847e-06 2.05686e-05 0.00992918 808
3.95755e-06 1.88006e-05 0.00996304 808
4.66262e-06 2.10287e-05 0.0100629 808
4.22026e-06 2.11745e-05 0.0100541 808
4.51754e-06 2.49237e-05 0.0099721 808
3.99852e-06 1.86265e-05 0.0101521 808
4.86282e-06 2.30009e-05 0.00994992 808
4.79362e-06 2.39022e-05 0.00996399 808
4.4564e-06 2.35748e-05 0.0100589 808
4.39423e-06 1.97268e-05 0.00998902 808
4.24054e-06 2.11863e-05 0.01001 808
4.19439e-06 2.29472e-05 0.0100739 808
5.03818e-06 1.91706e-05 0.0101221 808
4.69553e-06 2.20771e-05 0.0101509 808
5.14133e-06 2.51627e-05 0.0103068 808
4.46735e-06 2.02587e-05 0.0101202 808
4.1724e-06 2.10208e-05 0.0101519 808
4.52036e-06 2.29492e-05 0.010092 808
3.93604e-06 1.98211e-05 0.010035 808
4.91036e-06 2.42208e-05 0.00993085 808
3.9649e-06 1.65562e-05 0.0100691 808
4.41785e-06 1.76481e-05 0.0103312 808
5.07106e-06 2.57042e-05 0.010108 808
4.61994e-06 2.19346e-05 0.010067 808
4.42826e-06 2.13631e-05 0.00996494 808
3.94361e-06 1.86758e-05 0.00992298 808
5.00006e-06 2.40379e-05 0.010036 808
4.47071e-06 2.31297e-05 0.010092 808
4.54401e-06 2.21031e-05 0.010102 808
4.47574e-06 2.18225e-05 0.00999808 808
4.44147e-06 1.91727e-05 0.0100141 808
4.9709e-06 2.3164e-05 0.0101099 808
4.43403e-06 2.08019e-05 0.0100191 808
4.09311e-06 2.0454e-05 0.00998306 808
4.65041e-06 2.34753e-05 0.0101299 808
