9.73646e-06 0.000164301 0.00338101
8.91548e-06 0.000149643 0.00341606
8.96791e-06 0.000155182 0.00344682
9.62996e-06 0.00016479 0.00357699
9.27547e-06 0.000164508 0.00351596
9.07003e-06 0.000158357 0.003618
1.00101e-05 0.000178619 0.00369501
9.4444e-06 0.000163872 0.003721
9.04654e-06 0.000149373 0.00429797
9.64e-06 0.00016147 0.00378203
8.80824e-06 0.000143763 0.00377893
9.29032e-06 0.000164028 0.00353503
9.63544e-06 0.000164465 0.00344896
9.71213e-06 0.00016309 0.0031929
9.08899e-06 0.000147257 0.00361991
9.82682e-06 0.000181843 0.00318503
1.03425e-05 0.000180684 0.00318408
9.43516e-06 0.000164184 0.003196
9.32818e-06 0.000161884 0.00354695
9.22209e-06 0.00015709 0.0032742
9.22089e-06 0.000160698 0.00318599
9.56691e-06 0.000173349 0.00319695
9.23068e-06 0.000155377 0.00318909
9.17889e-06 0.000155477 0.00323296
8.94413e-06 0.000157481 0.00311494
9.5918e-06 0.000161577 0.00319409
9.35583e-06 0.000157062 0.00320601
9.46391e-06 0.000157126 0.00319815
9.50306e-06 0.000164518 0.00313687
9.46114e-06 0.000167422 0.00312901
9.72547e-06 0.000181751 0.00318909
9.66938e-06 0.000166785 0.0031321
9.54568e-06 0.000169754 0.00320005
8.74199e-06 0.00015122 0.0031271
9.02725e-06 0.000155257 0.00314808
9.30491e-06 0.000166512 0.00322318
8.71419e-06 0.000155532 0.00319791
9.76249e-06 0.00017136 0.00320387
9.56156e-06 0.000173162 0.00354409
9.93036e-06 0.000170056 0.00320601
8.68127e-06 0.000154375 0.00321412
8.86653e-06 0.000156128 0.00321102
9.85566e-06 0.000169632 0.00321198
9.38776e-06 0.000160921 0.00321603
9.4848e-06 0.000162162 0.00323582
9.23677e-06 0.000173678 0.00313282
9.86831e-06 0.000173111 0.00315499
8.61829e-06 0.000149999 0.00313091
9.29821e-06 0.000163918 0.00322104
9.15522e-06 0.000155593 0.00313306
