5.69472e-06 4.704e-05 0.00278592 84
6.02008e-06 4.72392e-05 0.00284505 84
5.46886e-06 4.64844e-05 0.0028038 84
5.67394e-06 4.74103e-05 0.00281191 84
5.7246e-06 4.61923e-05 0.0028441 84
6.06064e-06 4.79393e-05 0.00279713 84
5.42274e-06 4.62831e-05 0.00283098 84
6.28577e-06 4.94093e-05 0.00280595 84
5.70457e-06 4.71397e-05 0.00288606 84
6.12005e-06 4.73082e-05 0.00280309 84
5.89844e-06 4.70006e-05 0.00281405 84
5.89154e-06 4.74358e-05 0.00278997 84
5.41977e-06 4.69594e-05 0.00281096 84
5.30407e-06 4.6987e-05 0.00284791 84
5.85175e-06 4.67664e-05 0.00283694 84
5.87379e-06 4.71217e-05 0.00283098 84
6.12206e-06 4.81241e-05 0.00280285 84
6.10649e-06 4.73636e-05 0.00280595 84
5.88278e-06 4.7334e-05 0.00287986 84
5.82024e-06 4.75084e-05 0.00284886 84
6.00854e-06 4.75725e-05 0.00286508 84
5.86481e-06 4.67846e-05 0.0028801 84
5.76722e-06 4.62541e-05 0.00282097 84
5.10122e-06 4.58713e-05 0.00289297 84
6.08737e-06 4.86439e-05 0.00286102 84
6.00017e-06 4.74267e-05 0.00290108 84
5.92864e-06 4.77135e-05 0.00284386 84
6.0203e-06 4.66734e-05 0.00283003 84
5.8046e-06 4.66532e-05 0.00281787 84
5.8525e-06 4.66339e-05 0.00291085 84
6.22394e-06 4.82336e-05 0.00290489 84
6.02735e-06 4.65828e-05 0.00291204 84
5.72227e-06 4.70219e-05 0.00289392 84
5.51571e-06 4.70537e-05 0.00287294 84
6.10946e-06 4.82055e-05 0.00289798 84
5.47578e-06 4.646e-05 0.00282383 84
5.1412e-06 4.52257e-05 0.00288892 84
5.65092e-06 4.65504e-05 0.00282288 84
6.24514e-06 4.72698e-05 0.0029211 84
6.02975e-06 4.77644e-05 0.0028739 84
5.39244e-06 4.63052e-05 0.00292706 84
5.72038e-06 4.71329e-05 0.00289011 84
5.77216e-06 4.74657e-05 0.00288796 84
6.11918e-06 4.75759e-05 0.00291324 84
5.29556e-06 4.65421e-05 0.0028441 84
5.78926e-06 4.6495e-05 0.0028851 84
5.6825e-06 4.70768e-05 0.0029099 84
5.91903e-06 4.66681e-05 0.00285602 84
5.57129e-06 4.65773e-05 0.00283384 84
6.02024e-06 4.73877e-05 0.00285411 84
