9.60727e-06 0.000161554 0.00652099
1.01286e-05 0.000189018 0.00655818
9.71925e-06 0.000174826 0.00655794
1.00295e-05 0.000177278 0.0065732
1.00809e-05 0.000187161 0.00654197
1.03907e-05 0.000193593 0.00656605
1.02035e-05 0.000191206 0.00656605
9.46252e-06 0.00017622 0.00691199
1.05964e-05 0.000194969 0.00703287
1.06287e-05 0.000187564 0.00700212
1.01254e-05 0.000187759 0.0069809
1.00697e-05 0.000194083 0.00764203
9.7636e-06 0.000177815 0.00722599
1.04521e-05 0.000190061 0.00709701
1.049e-05 0.000189938 0.00716901
9.87434e-06 0.000177984 0.00703216
1.09028e-05 0.000202281 0.00714803
9.84346e-06 0.00018129 0.00714588
1.00009e-05 0.000179298 0.00699782
1.0076e-05 0.0001904 0.00704408
1.01438e-05 0.000186589 0.007025
9.62287e-06 0.000179705 0.00712991
1.00907e-05 0.000182164 0.007164
9.84041e-06 0.000181023 0.0070529
1.00937e-05 0.000176303 0.00719786
1.02623e-05 0.000181687 0.007164
1.0273e-05 0.000187187 0.00717211
9.70177e-06 0.000176763 0.00707006
1.05798e-05 0.000189986 0.00708294
1.03601e-05 0.000195421 0.00932002
9.64556e-06 0.000175833 0.00704098
9.75642e-06 0.000181188 0.00707102
1.00911e-05 0.000192 0.00711608
1.02604e-05 0.000179179 0.007061
1.01574e-05 0.000188858 0.00704885
1.0419e-05 0.000180925 0.00746107
1.04355e-05 0.000192476 0.00709915
9.96271e-06 0.000189368 0.0071559
9.15725e-06 0.000174833 0.00704002
1.00123e-05 0.000176998 0.00746202
1.0441e-05 0.000197416 0.00717998
1.03249e-05 0.000188584 0.00715804
1.03024e-05 0.000200103 0.00717187
1.02001e-05 0.000190712 0.00718307
9.42033e-06 0.000164158 0.00711012
1.04258e-05 0.000184161 0.00918102
1.00022e-05 0.000177575 0.00694394
9.84608e-06 0.000184538 0.00719404
1.02396e-05 0.000188243 0.00724101
1.04307e-05 0.000189241 0.00717711
