3.4801e-06 7.58944e-06 0.00832295 48
3.14649e-06 6.75969e-06 0.00845909 48
3.1389e-06 6.68375e-06 0.00837803 48
4.10799e-06 9.25436e-06 0.00891805 48
3.19063e-06 6.38602e-06 0.00863385 48
3.60719e-06 8.19086e-06 0.00831604 48
3.39215e-06 6.44828e-06 0.00833297 48
3.45761e-06 6.48937e-06 0.00878 48
2.90919e-06 5.99312e-06 0.0101709 48
2.76178e-06 5.3728e-06 0.00829196 48
3.2966e-06 7.85409e-06 0.00848007 48
3.4877e-06 6.04265e-06 0.00837398 48
3.10666e-06 5.97944e-06 0.00864697 48
3.1219e-06 6.23106e-06 0.00839114 48
3.57139e-06 7.30509e-06 0.00834012 48
3.38862e-06 6.84426e-06 0.00885296 48
2.37621e-06 4.26869e-06 0.00852108 48
3.76996e-06 7.23911e-06 0.00826907 48
3.2983e-06 8.32533e-06 0.0083642 48
2.87366e-06 6.14166e-06 0.00830197 48
3.42303e-06 7.27704e-06 0.00830483 48
2.8631e-06 6.39951e-06 0.0083878 48
3.215e-06 5.26398e-06 0.00832701 48
3.66261e-06 7.79573e-06 0.00836015 48
3.48858e-06 7.57074e-06 0.00903511 48
3.20087e-06 7.46354e-06 0.0106509 48
3.23839e-06 5.50476e-06 0.00855184 48
2.9366e-06 5.54826e-06 0.00857711 48
3.26501e-06 5.8193e-06 0.00859094 48
2.94397e-06 6.34792e-06 0.00848985 48
3.32282e-06 6.29476e-06 0.00850606 48
3.79517e-06 8.07944e-06 0.00851583 48
3.01512e-06 6.48299e-06 0.00849295 48
3.01442e-06 5.76681e-06 0.00851893 48
3.32243e-06 5.79833e-06 0.00848103 48
3.10147e-06 5.64003e-06 0.00851107 48
2.75326e-06 6.52172e-06 0.00848913 48
3.00904e-06 6.25646e-06 0.00855207 48
3.09526e-06 6.61822e-06 0.00854301 48
2.92532e-06 5.61505e-06 0.00854301 48
2.51866e-06 4.48249e-06 0.008461 48
3.28348e-06 6.25372e-06 0.00843382 48
2.48908e-06 4.76192e-06 0.00843596 48
3.15676e-06 5.36011e-06 0.00844884 48
2.73004e-06 6.65378e-06 0.008533 48
2.95963e-06 6.15623e-06 0.0085969 48
3.51618e-06 5.9579e-06 0.00852919 48
2.90366e-06 4.89874e-06 0.00850487 48
3.86433e-06 8.97447e-06 0.00851798 48
3.64988e-06 8.02286e-06 0.00853395 48
