9.8047e-06 0.000193182 0.00443101
9.93046e-06 0.000186396 0.00460577
9.54908e-06 0.00016679 0.00462699
1.01303e-05 0.000179639 0.00461984
1.05177e-05 0.000188825 0.00448704
9.51917e-06 0.000171433 0.00450802
9.71946e-06 0.000186923 0.00453997
1.01506e-05 0.000180765 0.00480008
9.72911e-06 0.000174974 0.00468302
9.40001e-06 0.000166422 0.00412679
9.92304e-06 0.000179168 0.00444388
1.00465e-05 0.000187327 0.00451517
1.0414e-05 0.000196819 0.00451708
9.68579e-06 0.000184131 0.00451899
1.004e-05 0.000186118 0.00451493
9.68084e-06 0.000179868 0.00455618
1.02298e-05 0.000184221 0.00456905
9.7303e-06 0.000173647 0.0044899
1.02523e-05 0.000194314 0.00455999
9.91321e-06 0.000176956 0.004493
9.65318e-06 0.000181161 0.00453305
1.00507e-05 0.000187272 0.00455499
9.57833e-06 0.000169099 0.00445104
9.20856e-06 0.000173163 0.00460696
9.36166e-06 0.000178793 0.004498
1.01762e-05 0.000188195 0.00459599
1.04326e-05 0.00019296 0.00460196
1.01641e-05 0.000176548 0.00461984
9.70713e-06 0.000173665 0.00462103
1.01248e-05 0.000189926 0.00451708
9.53736e-06 0.000173038 0.00451899
9.7233e-06 0.0001795 0.00452495
1.02813e-05 0.000189134 0.004462
9.52403e-06 0.000183744 0.00449991
1.03875e-05 0.000187252 0.00446916
9.40312e-06 0.000173831 0.00450397
9.99181e-06 0.00017173 0.00445199
1.0241e-05 0.000185483 0.00452089
9.28727e-06 0.000168313 0.00448895
9.97307e-06 0.000185649 0.00448585
9.97337e-06 0.000191051 0.00449014
9.72661e-06 0.00018198 0.00447392
9.70107e-06 0.00017906 0.0044539
9.82274e-06 0.00016874 0.00451207
9.68821e-06 0.000170144 0.00452518
9.52435e-06 0.00017853 0.00450015
1.00448e-05 0.000179549 0.00449014
1.03279e-05 0.000197765 0.00447893
9.78302e-06 0.000185614 0.00451899
9.79113e-06 0.00018538 0.00449991
