7.82126e-06 0.000128839 0.00509596
7.09521e-06 0.000116799 0.00507903
7.32028e-06 0.000117662 0.00496411
7.1717e-06 0.000117426 0.00477099
8.20296e-06 0.000143278 0.00497198
7.92057e-06 0.000131085 0.00493002
7.21239e-06 0.00011706 0.00530291
8.53999e-06 0.000148799 0.00440979
7.33703e-06 0.000121622 0.00438595
7.57272e-06 0.000124139 0.00438595
7.874e-06 0.000131097 0.00439596
7.82604e-06 0.000122654 0.0043869
8.04986e-06 0.000141177 0.00438881
7.99407e-06 0.000129185 0.00438094
8.01806e-06 0.000135966 0.00524497
7.99545e-06 0.000127384 0.0049448
7.7208e-06 0.00013649 0.00437307
7.51081e-06 0.000130652 0.00437403
8.21124e-06 0.000142395 0.00438285
7.46211e-06 0.000124056 0.00437999
7.48647e-06 0.000125141 0.00438309
7.53062e-06 0.00013049 0.00437617
7.5665e-06 0.000127354 0.00437093
7.77896e-06 0.000121267 0.00438905
7.71484e-06 0.000133714 0.00437403
7.90997e-06 0.000119925 0.00439501
7.85317e-06 0.000125338 0.00437999
7.89339e-06 0.000131155 0.00438499
8.36797e-06 0.000140148 0.00439286
7.51771e-06 0.000119062 0.00436997
8.0563e-06 0.000126822 0.00436807
7.24642e-06 0.000111977 0.00437307
7.75509e-06 0.000128765 0.00437093
8.17301e-06 0.000140646 0.00438905
7.94751e-06 0.0001324 0.00436592
7.74844e-06 0.000134603 0.00438404
7.73693e-06 0.000133938 0.00439
8.45894e-06 0.000143588 0.00436401
8.25172e-06 0.00014677 0.00436091
7.51362e-06 0.000117714 0.00437212
8.1681e-06 0.00013253 0.00437498
7.73377e-06 0.000129077 0.00439596
8.22278e-06 0.000142504 0.00439906
7.99224e-06 0.000135009 0.00436091
7.78347e-06 0.000130681 0.00439692
8.07336e-06 0.000128776 0.00437999
7.83295e-06 0.000122885 0.00436187
7.26621e-06 0.000127606 0.00437903
7.48877e-06 0.000132651 0.00436687
7.56187e-06 0.000128159 0.00437808
