7.37083e-06 0.000100916 0.00632191
7.04564e-06 9.88771e-05 0.006284
7.17213e-06 9.51365e-05 0.00627899
7.16739e-06 9.92013e-05 0.0074122
7.61004e-06 0.000105642 0.00657988
7.33666e-06 0.000101318 0.00697207
7.16877e-06 0.000103249 0.00694299
7.21906e-06 9.08119e-05 0.00631785
6.87069e-06 9.24165e-05 0.00630903
7.31546e-06 9.79699e-05 0.0073061
7.28799e-06 0.000105296 0.00838399
6.74583e-06 9.15682e-05 0.00685096
7.63255e-06 0.000107107 0.00628781
7.33685e-06 9.87682e-05 0.00629997
7.57307e-06 0.000101292 0.0062952
7.24089e-06 9.14058e-05 0.00628614
7.42805e-06 9.51197e-05 0.00631404
7.29986e-06 8.9269e-05 0.00726986
6.91011e-06 9.38446e-05 0.00629807
7.58369e-06 0.000102885 0.00695395
7.10153e-06 0.000100696 0.00632381
7.12493e-06 9.502e-05 0.00627804
6.89199e-06 9.43932e-05 0.00629997
7.13672e-06 9.32718e-05 0.00630307
6.88178e-06 9.51254e-05 0.00719905
7.5136e-06 0.000100176 0.00627303
6.94968e-06 0.000100213 0.00627303
7.03651e-06 9.57009e-05 0.00631285
7.33782e-06 9.76819e-05 0.0063169
7.85623e-06 0.000101911 0.00698185
7.04778e-06 0.000102296 0.00678611
7.09968e-06 8.91418e-05 0.00697088
6.78552e-06 9.79126e-05 0.0062871
7.37876e-06 0.000100738 0.00628495
7.11691e-06 9.52558e-05 0.00630307
7.75777e-06 0.000107051 0.00644088
7.44731e-06 0.000101183 0.00630212
7.5475e-06 9.61593e-05 0.006495
8.3291e-06 0.000109465 0.00714588
7.27782e-06 9.49466e-05 0.00627518
7.7009e-06 0.000104399 0.00629997
7.50699e-06 0.000104152 0.00629497
7.18692e-06 9.67335e-05 0.00628901
7.1914e-06 9.6367e-05 0.00725293
7.54736e-06 9.93718e-05 0.00629401
7.28237e-06 0.000100811 0.00630093
6.91857e-06 9.48093e-05 0.00624609
7.16127e-06 0.000101633 0.00630689
7.42028e-06 0.000100408 0.00631404
6.85863e-06 9.79356e-05 0.00633502
