6.9695e-06 8.78974e-05 0.00752211
7.7264e-06 0.000103875 0.00753808
7.79625e-06 9.71809e-05 0.00881696
7.09409e-06 9.10571e-05 0.00856709
7.05536e-06 0.000106047 0.00809813
7.27354e-06 0.000104789 0.00780392
7.29757e-06 9.73485e-05 0.00809097
7.46741e-06 0.000103415 0.00823307
7.11625e-06 9.68606e-05 0.00829601
7.56921e-06 0.000106381 0.0097549
7.34631e-06 0.000100399 0.00866508
6.67886e-06 7.74317e-05 0.00749803
7.19049e-06 0.000106761 0.00785398
7.07409e-06 8.99474e-05 0.00777602
7.601e-06 0.000107376 0.00781298
6.97446e-06 8.90098e-05 0.00782108
7.31342e-06 9.77299e-05 0.007828
7.89689e-06 0.000108368 0.00785303
7.23226e-06 9.32456e-05 0.00823522
7.90674e-06 0.000101543 0.0082221
7.30711e-06 8.91615e-05 0.00792003
7.05349e-06 0.000101777 0.00805521
7.23903e-06 0.000104979 0.00783992
7.56066e-06 0.000107706 0.00805998
7.14742e-06 9.84208e-05 0.00806499
7.55058e-06 9.81408e-05 0.00785494
7.24395e-06 0.000104924 0.00788307
7.66141e-06 0.000100781 0.00783801
7.46506e-06 9.73732e-05 0.00788593
7.7723e-06 0.000111533 0.00804114
6.70886e-06 9.83772e-05 0.0079391
7.40643e-06 9.54325e-05 0.00796223
7.64008e-06 0.00010061 0.00793982
8.22818e-06 0.000109962 0.00792503
6.45271e-06 9.07102e-05 0.00780702
7.40087e-06 0.000103445 0.00799823
7.18899e-06 9.74671e-05 0.00800586
7.00187e-06 0.000103371 0.00785518
7.36317e-06 9.40997e-05 0.00814605
7.30919e-06 0.000104228 0.00799108
7.11667e-06 0.000103824 0.00789905
7.1101e-06 9.18456e-05 0.00787091
7.75847e-06 0.000102968 0.008003
7.53173e-06 9.75268e-05 0.00956011
6.99981e-06 9.64347e-05 0.00801492
7.7397e-06 9.73366e-05 0.00805211
7.2203e-06 0.000100309 0.00801396
7.37721e-06 0.000104252 0.00798321
7.87608e-06 0.000107443 0.00802994
7.29193e-06 0.000104928 0.00809908
