4.3001e-06 2.17545e-05 0.00475097
4.39268e-06 2.14993e-05 0.00478101
4.66361e-06 2.59011e-05 0.00488901
4.90136e-06 2.047e-05 0.00477505
4.67156e-06 2.09285e-05 0.004776
4.80653e-06 2.12051e-05 0.0047791
5.05053e-06 2.41658e-05 0.00483298
3.75851e-06 1.89254e-05 0.00485396
4.62393e-06 2.18667e-05 0.0049119
4.71101e-06 2.05774e-05 0.00492406
4.49759e-06 2.13244e-05 0.00479198
5.09758e-06 2.27561e-05 0.00478482
4.27279e-06 1.85385e-05 0.00488901
4.33048e-06 2.10697e-05 0.00573397
4.55804e-06 1.82624e-05 0.00478601
4.19323e-06 1.79699e-05 0.00486684
4.62407e-06 2.23311e-05 0.00486112
4.46683e-06 1.8726e-05 0.00483298
5.25519e-06 2.19354e-05 0.004843
4.29742e-06 1.9969e-05 0.00479102
4.43514e-06 2.07184e-05 0.00476694
4.81247e-06 2.17643e-05 0.00479198
4.93093e-06 2.18555e-05 0.00477791
4.65332e-06 2.17612e-05 0.00476694
5.01945e-06 2.2735e-05 0.0048902
4.05625e-06 1.79414e-05 0.00490594
4.35124e-06 2.08143e-05 0.00476408
4.60528e-06 2.24021e-05 0.00476098
4.2764e-06 2.11522e-05 0.00493813
4.32524e-06 2.14429e-05 0.00479198
4.36154e-06 2.01663e-05 0.00487804
4.86391e-06 1.83225e-05 0.00479317
4.71626e-06 2.09612e-05 0.00483513
4.44156e-06 2.26609e-05 0.00564885
4.91382e-06 2.40445e-05 0.00557494
4.8869e-06 2.23557e-05 0.00475907
3.67907e-06 1.99585e-05 0.00476694
4.54782e-06 2.18079e-05 0.00494289
4.15888e-06 1.99631e-05 0.00494909
4.27181e-06 2.05221e-05 0.00493193
4.96789e-06 2.23988e-05 0.00497603
4.75078e-06 1.93371e-05 0.00495195
4.72925e-06 2.32604e-05 0.00476193
4.37542e-06 2.10691e-05 0.00477004
4.20967e-06 2.36958e-05 0.00476217
4.24188e-06 2.05327e-05 0.00478005
4.25493e-06 1.97103e-05 0.00478816
4.97508e-06 2.15591e-05 0.00478005
4.65283e-06 2.37186e-05 0.004776
4.73433e-06 2.12629e-05 0.00477004
