9.37078e-06 0.000163975 0.00413585
9.83526e-06 0.000178315 0.00415897
9.50266e-06 0.00016349 0.00415301
9.81606e-06 0.000171397 0.00409794
9.6567e-06 0.000161769 0.00425196
9.60191e-06 0.000176783 0.00409198
1.0293e-05 0.000184141 0.00415397
1.04216e-05 0.000177961 0.00410008
9.31306e-06 0.000167717 0.00421095
9.59345e-06 0.000172934 0.00415778
1.05871e-05 0.000198598 0.00420713
9.83774e-06 0.000176524 0.00409198
9.35347e-06 0.00016227 0.00419092
1.00487e-05 0.000173687 0.00440001
1.00123e-05 0.000188582 0.00466394
1.02728e-05 0.000184963 0.0038991
1.0592e-05 0.000185366 0.00389981
1.01815e-05 0.000182408 0.00403595
9.6243e-06 0.000181873 0.00398993
9.80083e-06 0.000166679 0.003901
9.60711e-06 0.00015894 0.00391412
1.01013e-05 0.00019525 0.0039022
9.94804e-06 0.000188579 0.00387692
9.28687e-06 0.000161786 0.00388312
1.0132e-05 0.000174847 0.0041759
1.03697e-05 0.000184386 0.00409484
1.01476e-05 0.0001814 0.00391603
9.91398e-06 0.000179116 0.00415802
9.94086e-06 0.000174649 0.0041461
1.03462e-05 0.00019072 0.00413322
9.83592e-06 0.00017659 0.00422978
9.76578e-06 0.000180992 0.0042789
1.00011e-05 0.000178997 0.00423408
9.561e-06 0.000168226 0.00422502
1.01873e-05 0.00017937 0.00421286
9.56977e-06 0.000176407 0.00427699
1.03683e-05 0.000186477 0.00423813
9.52614e-06 0.00017442 0.00421286
9.57687e-06 0.000178173 0.00421596
9.78203e-06 0.000172103 0.00418401
9.58406e-06 0.000172475 0.00422502
1.06997e-05 0.000185964 0.00414896
9.56843e-06 0.000170268 0.00421882
1.02497e-05 0.000189134 0.00413299
9.73983e-06 0.000185085 0.00420284
9.59566e-06 0.000183001 0.00418615
9.88095e-06 0.00018021 0.00417113
1.02053e-05 0.000192417 0.00392389
9.6286e-06 0.00016863 0.00391793
1.04576e-05 0.000192676 0.00395107
