9.86279e-06 0.000171992 0.00636601
1.03551e-05 0.000180298 0.00650001
9.68082e-06 0.000172988 0.00635505
1.00904e-05 0.000175084 0.006356
1.0452e-05 0.00018286 0.00664711
1.03762e-05 0.000189122 0.006387
9.68179e-06 0.000182271 0.00656581
9.77371e-06 0.000179659 0.00655103
9.80953e-06 0.0001845 0.00637007
1.02621e-05 0.000189401 0.00638413
9.92616e-06 0.000188914 0.00638199
9.99247e-06 0.000184449 0.00635195
9.74446e-06 0.000176569 0.006356
1.02287e-05 0.000182097 0.00637794
1.02718e-05 0.000189628 0.00637817
9.79411e-06 0.000175877 0.0063839
9.40535e-06 0.000166485 0.00638914
9.54424e-06 0.000175766 0.00637507
9.37582e-06 0.000166668 0.00641203
9.93513e-06 0.000186375 0.00643086
9.54195e-06 0.000176473 0.00638604
9.62707e-06 0.00017671 0.00642514
1.00477e-05 0.00018501 0.00642014
9.59566e-06 0.000172169 0.00636196
1.0333e-05 0.000186919 0.00634694
9.70447e-06 0.000172943 0.00644112
9.88626e-06 0.000173529 0.00637984
9.62415e-06 0.000166453 0.00642395
9.46386e-06 0.000160048 0.00638294
1.00768e-05 0.000185953 0.00637698
9.8514e-06 0.00017651 0.00644708
9.89687e-06 0.000180196 0.00638294
9.98951e-06 0.000182336 0.00637197
9.99681e-06 0.000183168 0.00638103
9.6213e-06 0.000178979 0.00636601
9.68544e-06 0.000168608 0.00641894
9.57821e-06 0.000177048 0.00639391
9.53039e-06 0.000166919 0.00636601
1.00905e-05 0.000192078 0.00646114
1.01181e-05 0.000187476 0.00640202
1.03767e-05 0.000180783 0.0064621
9.22387e-06 0.000163152 0.00650001
1.0063e-05 0.000181182 0.0063591
9.82174e-06 0.000178116 0.00640488
9.81229e-06 0.000186705 0.00636601
1.03154e-05 0.000190538 0.00637293
9.95429e-06 0.000176807 0.006392
1.00322e-05 0.000169382 0.00636911
1.01173e-05 0.000181844 0.00639796
8.94923e-06 0.000161984 0.00678301
