9.0526e-06 0.000147839 0.00652409
8.92082e-06 0.000140652 0.00676918
9.11345e-06 0.000153121 0.00660706
9.22182e-06 0.000155566 0.00656295
9.65499e-06 0.000159812 0.00676107
9.42626e-06 0.000152355 0.00661016
8.71492e-06 0.000142481 0.00655007
9.61268e-06 0.000160632 0.00766516
9.55757e-06 0.00015551 0.00663996
8.50558e-06 0.000143816 0.00662684
8.78041e-06 0.000143909 0.00660706
9.05792e-06 0.000154206 0.00665998
9.25257e-06 0.00014904 0.0065999
8.22779e-06 0.000136153 0.00664306
9.32072e-06 0.000156384 0.00654817
9.46758e-06 0.000165213 0.00654888
9.33836e-06 0.000158379 0.00800896
8.81983e-06 0.000146104 0.00729585
9.63374e-06 0.00016506 0.006598
9.25795e-06 0.000149621 0.00678086
9.29749e-06 0.000152676 0.00653791
8.70373e-06 0.00014849 0.00663805
9.12628e-06 0.000162488 0.00661302
8.84237e-06 0.000152341 0.00666022
8.77269e-06 0.000144476 0.00710416
8.77062e-06 0.000144512 0.00701499
9.13588e-06 0.00014769 0.00657105
8.89683e-06 0.000154354 0.00657201
9.40261e-06 0.000157973 0.00652909
9.33772e-06 0.000162467 0.00662184
8.73158e-06 0.00014842 0.00667214
8.46889e-06 0.000146861 0.00662899
9.13917e-06 0.000154972 0.00656009
9.13627e-06 0.000141703 0.00652695
9.59691e-06 0.000168386 0.00652909
9.82767e-06 0.000156209 0.006814
9.78244e-06 0.000159423 0.00662899
8.78519e-06 0.000148725 0.00653505
9.08609e-06 0.000144345 0.00653481
9.9296e-06 0.000170486 0.00660205
9.0075e-06 0.000148202 0.00652909
9.27961e-06 0.000152424 0.00693607
9.36153e-06 0.00015333 0.00657701
9.3996e-06 0.000140409 0.00660896
9.14851e-06 0.00014799 0.00660491
9.13972e-06 0.000147932 0.00653481
8.92156e-06 0.000145977 0.00663495
9.82936e-06 0.000164128 0.00655198
9.07354e-06 0.000146488 0.00654888
9.63876e-06 0.00016979 0.0065372
