0.000150696 0.000304245 0.00693393 30
0.000150666 0.000304998 0.00731611 30
0.000150678 0.000304931 0.00699615 30
0.000150712 0.00030501 0.006881 30
0.000150731 0.000304707 0.00614309 30
0.000150693 0.00030404 0.00625801 30
0.00015074 0.000304755 0.00628185 30
0.000150706 0.000304998 0.00730515 30
0.000150735 0.000304518 0.006109 30
0.000150708 0.00030452 0.00627398 30
0.000150642 0.00030478 0.00612402 30
0.000150704 0.000305051 0.00706601 30
0.000150663 0.000304819 0.00613499 30
0.000150695 0.000305216 0.00611305 30
0.000150715 0.000304553 0.00615597 30
0.000150706 0.00030469 0.00610399 30
0.000150659 0.000304306 0.00621295 30
0.000150719 0.000305198 0.00610805 30
0.000150736 0.000304907 0.00613999 30
0.000150698 0.000304779 0.00611901 30
0.000150708 0.000304737 0.00626612 30
0.000150738 0.000305079 0.00613117 30
0.000150664 0.000305066 0.0062871 30
0.000150723 0.000304758 0.00612402 30
0.000150737 0.000304996 0.00634003 30
0.000150737 0.000304496 0.00613284 30
0.000150665 0.000304878 0.00622892 30
0.000150731 0.000304689 0.00616503 30
0.000150676 0.000305533 0.00611591 30
0.000150714 0.000304722 0.00617313 30
0.000150721 0.000304922 0.00611281 30
0.000150682 0.000304859 0.00715089 30
0.000150696 0.000305049 0.00612211 30
0.000150747 0.000305053 0.00613189 30
0.000150766 0.000305106 0.00611115 30
0.000150721 0.000305072 0.00613809 30
0.000150683 0.000304518 0.00610709 30
0.00015069 0.000304863 0.00614595 30
0.000150675 0.000304602 0.00613284 30
0.000150692 0.000304321 0.00613403 30
0.00015065 0.00030551 0.00610518 30
0.000150676 0.000304789 0.00611305 30
0.000150649 0.000305016 0.006109 30
0.000150678 0.000305022 0.00611377 30
0.00015068 0.000305169 0.00614214 30
0.000150702 0.000305472 0.00614095 30
0.000150698 0.000304693 0.00610709 30
0.000150652 0.000304985 0.0064261 30
0.000150689 0.000304553 0.00652099 30
0.000150736 0.00030536 0.00653911 30
