6.97915e-06 0.000229728 0.00563216
6.93069e-06 0.000249503 0.00585508
7.7358e-06 0.000293088 0.0062592
7.2969e-06 0.000237159 0.00563693
8.1486e-06 0.000287045 0.00557089
7.62199e-06 0.000280885 0.00720119
7.31055e-06 0.000262678 0.00562
7.0426e-06 0.000249677 0.00559306
7.53238e-06 0.000284462 0.00557899
6.9408e-06 0.000251068 0.00558901
7.50378e-06 0.000286671 0.00580692
7.46902e-06 0.000266418 0.00576806
7.23242e-06 0.000240533 0.00558186
7.28539e-06 0.00026106 0.00558615
7.2718e-06 0.000259626 0.00562096
7.25267e-06 0.000272374 0.00557303
7.81595e-06 0.000280269 0.00555682
7.11756e-06 0.000259882 0.00571108
7.73872e-06 0.000279355 0.00567198
7.01688e-06 0.000267497 0.00563884
7.44695e-06 0.000271541 0.00562596
7.51413e-06 0.000283767 0.00565314
7.3735e-06 0.000268881 0.00566888
6.91503e-06 0.000259598 0.005723
7.56901e-06 0.000272013 0.00917411
7.65571e-06 0.000279709 0.005584
6.91394e-06 0.000235942 0.00569081
7.27179e-06 0.000261436 0.00572705
7.06623e-06 0.000244674 0.00562596
7.58639e-06 0.000266999 0.00567985
7.62766e-06 0.000272307 0.00566888
7.36816e-06 0.000251806 0.00677395
7.35014e-06 0.000270696 0.00566816
7.32729e-06 0.000246329 0.00564599
7.46487e-06 0.000262416 0.00559592
7.69977e-06 0.000259528 0.00563598
7.70092e-06 0.000264917 0.00563598
6.96101e-06 0.000237779 0.005615
7.17271e-06 0.000263993 0.00564098
7.38528e-06 0.000249684 0.00562596
7.23738e-06 0.000235527 0.00563502
7.21819e-06 0.000251196 0.00563383
8.02589e-06 0.000311669 0.0056901
7.92689e-06 0.000267749 0.0056529
7.33158e-06 0.00025694 0.00565195
7.6383e-06 0.000256963 0.00562787
7.22631e-06 0.000258867 0.00562
7.22776e-06 0.000269294 0.00560999
7.09576e-06 0.00025979 0.00561595
7.50344e-06 0.000269946 0.0056591
