4.75395e-06 1.82884e-05 0.00368214 86
4.47037e-06 1.71009e-05 0.00369477 86
4.74904e-06 1.94717e-05 0.00370693 86
4.48165e-06 1.62969e-05 0.004179 86
4.98637e-06 2.05053e-05 0.00371099 86
5.03499e-06 1.81148e-05 0.0036912 86
4.45023e-06 1.78178e-05 0.00370884 86
4.59931e-06 1.57236e-05 0.00370693 86
4.24826e-06 1.54957e-05 0.00371289 86
4.4297e-06 1.68093e-05 0.00371099 86
4.43235e-06 1.77032e-05 0.00371599 86
4.34503e-06 1.59363e-05 0.00453615 86
4.12508e-06 1.51131e-05 0.00444198 86
4.34021e-06 1.77821e-05 0.0039289 86
4.39451e-06 1.67832e-05 0.00371003 86
4.49308e-06 1.73035e-05 0.00373602 86
5.04733e-06 1.8582e-05 0.00371814 86
4.29512e-06 1.70886e-05 0.00370002 86
4.27501e-06 1.64619e-05 0.00369501 86
4.38767e-06 1.63509e-05 0.00370312 86
4.75353e-06 1.6347e-05 0.00369883 86
4.81045e-06 1.85802e-05 0.0036962 86
4.58571e-06 1.55729e-05 0.00374889 86
3.64833e-06 1.52173e-05 0.00369978 86
4.32856e-06 1.89257e-05 0.00369096 86
4.38016e-06 1.71683e-05 0.0037179 86
4.77926e-06 1.68061e-05 0.00369906 86
4.51655e-06 1.80632e-05 0.00381207 86
4.92476e-06 1.80107e-05 0.00397587 86
4.58691e-06 1.75138e-05 0.00371194 86
4.32166e-06 1.50384e-05 0.00373507 86
4.78842e-06 2.07597e-05 0.00371003 86
4.05584e-06 1.46009e-05 0.00372696 86
4.67448e-06 1.67859e-05 0.00377893 86
4.24976e-06 1.7053e-05 0.00372791 86
4.44472e-06 1.69553e-05 0.003721 86
3.93212e-06 1.90155e-05 0.00374794 86
4.43845e-06 1.54358e-05 0.00372481 86
4.94622e-06 1.85487e-05 0.00372005 86
4.54346e-06 1.63697e-05 0.00374198 86
4.23749e-06 1.67394e-05 0.00373197 86
3.63146e-06 1.59024e-05 0.00374007 86
4.60866e-06 1.80198e-05 0.00374699 86
4.54117e-06 1.76734e-05 0.00372696 86
4.04689e-06 1.56519e-05 0.00379705 86
5.04324e-06 1.79182e-05 0.00372481 86
4.18072e-06 1.63363e-05 0.00372291 86
4.93904e-06 1.70419e-05 0.00389695 86
4.55681e-06 1.82199e-05 0.00382996 86
4.35323e-06 1.56638e-05 0.00374293 86
