4.68963e-06 1.58133e-05 0.00489902 88
4.25604e-06 1.63523e-05 0.00496006 88
4.01854e-06 1.62838e-05 0.00495911 88
4.37491e-06 1.75838e-05 0.00492597 88
5.63183e-06 1.95177e-05 0.0049119 88
4.91724e-06 2.07929e-05 0.00487804 88
4.16308e-06 1.74693e-05 0.00491595 88
4.76712e-06 1.88103e-05 0.00488687 88
4.29657e-06 1.70642e-05 0.00487709 88
5.07093e-06 1.71558e-05 0.0049541 88
4.84027e-06 1.74224e-05 0.00487781 88
4.49167e-06 1.7114e-05 0.00494385 88
5.14019e-06 1.84406e-05 0.00491285 88
4.07835e-06 1.6185e-05 0.00497603 88
4.47974e-06 1.61165e-05 0.00490093 88
4.74358e-06 1.75391e-05 0.00486994 88
4.79616e-06 1.76994e-05 0.00493908 88
4.56977e-06 1.80314e-05 0.00487399 88
4.05853e-06 1.57411e-05 0.00491214 88
3.6432e-06 1.52247e-05 0.00488281 88
5.22568e-06 1.80412e-05 0.00509095 88
4.56232e-06 1.84301e-05 0.00506592 88
4.01591e-06 1.49972e-05 0.00502396 88
4.51267e-06 1.6093e-05 0.00496101 88
4.77637e-06 2.07176e-05 0.00489402 88
5.26543e-06 1.82439e-05 0.00487995 88
4.98297e-06 1.76012e-05 0.00497818 88
4.63723e-06 1.90581e-05 0.00494719 88
4.67262e-06 1.9838e-05 0.00490189 88
4.48814e-06 1.60269e-05 0.00495505 88
3.9437e-06 1.53674e-05 0.00492501 88
3.86255e-06 1.41483e-05 0.0048871 88
4.26268e-06 1.77214e-05 0.00488091 88
4.91241e-06 1.89377e-05 0.00492787 88
4.08286e-06 1.54148e-05 0.00495911 88
4.4471e-06 1.85187e-05 0.00494003 88
4.48042e-06 1.7207e-05 0.00499606 88
4.54544e-06 1.95157e-05 0.00498605 88
4.77324e-06 1.83741e-05 0.00514507 88
4.79089e-06 1.82907e-05 0.0049479 88
4.4579e-06 1.6422e-05 0.00499892 88
5.00252e-06 1.97031e-05 0.00500298 88
4.10095e-06 1.65565e-05 0.00503302 88
4.86881e-06 1.9631e-05 0.00489712 88
4.4948e-06 1.7701e-05 0.00490308 88
4.62869e-06 1.84559e-05 0.00493789 88
5.04125e-06 1.87355e-05 0.00500989 88
5.50082e-06 1.99479e-05 0.004915 88
4.58724e-06 1.94102e-05 0.00794291 88
4.43955e-06 1.61167e-05 0.00542188 88
