5.3636e-06 2.71398e-05 0.01508 4010
5.2715e-06 2.67527e-05 0.0152271 4010
4.88008e-06 2.84821e-05 0.0151141 4010
5.11293e-06 2.78444e-05 0.0151329 4010
5.60658e-06 2.84748e-05 0.015455 4010
5.41843e-06 3.01557e-05 0.0151951 4010
5.83864e-06 2.92253e-05 0.0151472 4010
5.29096e-06 2.88978e-05 0.0152309 4010
5.2424e-06 2.98151e-05 0.0151222 4010
5.49324e-06 3.23594e-05 0.0150881 4010
4.89428e-06 2.7965e-05 0.0151441 4010
5.31964e-06 3.23515e-05 0.0152471 4010
5.43834e-06 3.06197e-05 0.0153389 4010
5.39793e-06 2.86872e-05 0.0152118 4010
5.04495e-06 2.88149e-05 0.015238 4010
5.41115e-06 2.99786e-05 0.0155249 4010
4.94114e-06 2.73134e-05 0.015444 4010
5.46403e-06 2.86503e-05 0.015178 4010
5.34846e-06 2.84121e-05 0.0152531 4010
4.59645e-06 2.59109e-05 0.01528 4010
5.42903e-06 2.87573e-05 0.0152221 4010
5.41719e-06 2.86483e-05 0.0152559 4010
5.31171e-06 3.01469e-05 0.0152581 4010
5.33307e-06 2.90207e-05 0.01529 4010
4.87607e-06 2.67095e-05 0.0152049 4010
5.48493e-06 3.03892e-05 0.0152471 4010
5.29491e-06 3.02528e-05 0.0152378 4010
5.07765e-06 2.78904e-05 0.0151489 4010
5.02522e-06 2.59718e-05 0.015131 4010
5.14946e-06 2.78127e-05 0.0151789 4010
5.25722e-06 2.79341e-05 0.0152769 4010
5.18e-06 2.90863e-05 0.0152059 4010
5.47901e-06 2.90757e-05 0.0153549 4010
5.76408e-06 3.18601e-05 0.01512 4010
5.018e-06 2.73795e-05 0.015141 4010
5.07948e-06 2.97844e-05 0.0152061 4010
5.13308e-06 2.94652e-05 0.0151751 4010
5.60526e-06 2.85999e-05 0.0153 4010
5.52207e-06 2.90591e-05 0.0152781 4010
5.5995e-06 2.77799e-05 0.015295 4010
4.69667e-06 2.6522e-05 0.015208 4010
5.61333e-06 3.03227e-05 0.015337 4010
4.9311e-06 2.62932e-05 0.015348 4010
5.15263e-06 3.05571e-05 0.015275 4010
5.91141e-06 3.01872e-05 0.0151229 4010
5.5404e-06 3.04438e-05 0.0151939 4010
5.59525e-06 3.03012e-05 0.015435 4010
5.26138e-06 3.00298e-05 0.015435 4010
5.23201e-06 3.03795e-05 0.0152271 4010
5.11626e-06 2.95845e-05 0.0153041 4010
