9.77077e-06 0.000182247 0.00505805
9.95478e-06 0.000178871 0.00500894
9.69826e-06 0.000179044 0.00514293
9.85684e-06 0.000173465 0.00603294
1.01833e-05 0.000182278 0.00597405
9.77299e-06 0.000189029 0.00590301
1.02637e-05 0.000185502 0.00598812
1.02655e-05 0.00017955 0.00605297
1.05091e-05 0.000194706 0.00560689
9.86319e-06 0.000172332 0.00568104
9.75614e-06 0.00017882 0.00591207
1.00345e-05 0.000176398 0.00592613
9.85371e-06 0.000191284 0.00546503
9.87767e-06 0.000182244 0.00508308
1.02544e-05 0.000192021 0.00496912
1.03517e-05 0.000186742 0.00569916
1.00322e-05 0.000190039 0.00511408
9.63558e-06 0.000174982 0.00506997
1.00309e-05 0.000191584 0.00586319
1.01661e-05 0.00018149 0.00498319
1.07303e-05 0.000193883 0.00496697
9.60721e-06 0.000180144 0.00497198
9.92931e-06 0.000182715 0.00509214
1.04871e-05 0.000196239 0.00502396
1.03277e-05 0.000192898 0.00497603
1.07203e-05 0.000188481 0.0049541
1.03361e-05 0.000189438 0.00496507
1.0162e-05 0.000179913 0.00498486
1.08335e-05 0.000204932 0.00513601
1.01784e-05 0.000189337 0.00603604
9.87398e-06 0.000180499 0.00563121
9.88252e-06 0.000177901 0.00508523
9.70127e-06 0.000173029 0.00509596
1.03662e-05 0.000190876 0.00508595
1.06699e-05 0.000193851 0.00516987
9.89796e-06 0.000180045 0.0068891
1.10058e-05 0.000219126 0.00510406
1.06085e-05 0.000196909 0.00497198
1.0675e-05 0.00019318 0.00496387
9.84163e-06 0.000171794 0.00496292
9.88886e-06 0.000188725 0.00497293
1.01932e-05 0.000185039 0.00497103
1.06964e-05 0.00019996 0.00498104
9.48855e-06 0.000167477 0.00496006
9.938e-06 0.000171764 0.00498486
1.06619e-05 0.000191533 0.00499797
1.00957e-05 0.00018429 0.00497794
9.82529e-06 0.000183883 0.00497603
1.01575e-05 0.000182113 0.00495696
1.00191e-05 0.000187221 0.00497079
