2.90065e-06 6.73669e-06 0.00653005 50
3.79127e-06 8.69662e-06 0.00640297 50
3.50854e-06 7.78914e-06 0.00648785 50
3.30664e-06 7.27224e-06 0.00644588 50
3.15146e-06 6.81432e-06 0.00657201 50
3.52326e-06 7.16047e-06 0.006567 50
3.40366e-06 8.79783e-06 0.0065589 50
3.43438e-06 9.09422e-06 0.00651598 50
3.11824e-06 6.95739e-06 0.00655413 50
3.74032e-06 9.25807e-06 0.00656986 50
4.07782e-06 9.41025e-06 0.006567 50
3.95281e-06 1.03924e-05 0.00658488 50
3.68342e-06 9.23556e-06 0.00656915 50
3.59794e-06 7.60507e-06 0.00665212 50
2.79782e-06 8.81521e-06 0.006567 50
2.54731e-06 5.95935e-06 0.00654602 50
3.5358e-06 7.65656e-06 0.00659609 50
3.3978e-06 7.85031e-06 0.00664401 50
3.17753e-06 7.34021e-06 0.00654602 50
3.7786e-06 9.98396e-06 0.00657701 50
3.063e-06 6.93155e-06 0.00656414 50
3.26819e-06 6.40943e-06 0.00652194 50
3.75242e-06 8.61526e-06 0.00652409 50
3.16633e-06 6.83103e-06 0.00654793 50
3.28211e-06 7.97737e-06 0.00651717 50
3.44119e-06 7.09303e-06 0.00663805 50
3.77613e-06 8.21029e-06 0.00653791 50
3.68625e-06 8.87429e-06 0.0065589 50
3.49287e-06 8.6536e-06 0.00658393 50
3.356e-06 8.0334e-06 0.00656819 50
3.22676e-06 7.10703e-06 0.00656295 50
3.56531e-06 8.17089e-06 0.00657392 50
3.90845e-06 9.19387e-06 0.006567 50
2.96816e-06 6.85893e-06 0.00655794 50
3.53466e-06 9.25927e-06 0.00661993 50
3.63156e-06 8.2542e-06 0.00658393 50
3.71168e-06 7.98035e-06 0.00662804 50
3.05461e-06 7.57292e-06 0.00655723 50
3.1139e-06 6.99522e-06 0.00663519 50
3.10195e-06 7.8437e-06 0.00653505 50
3.47915e-06 8.3821e-06 0.0065701 50
2.91976e-06 8.03711e-06 0.0066421 50
4.04909e-06 9.29488e-06 0.00655794 50
2.91135e-06 6.89633e-06 0.0065701 50
2.99944e-06 6.59822e-06 0.00660205 50
3.59026e-06 9.42806e-06 0.00663495 50
3.14336e-06 6.96398e-06 0.00665212 50
3.19756e-06 7.1097e-06 0.00657487 50
4.15459e-06 7.15237e-06 0.00654817 50
2.95811e-06 7.81513e-06 0.00659609 50
