5.16488e-06 2.75705e-05 0.00701404 410
5.88857e-06 3.12706e-05 0.00704098 410
5.39563e-06 2.91912e-05 0.00702596 410
5.91451e-06 3.31452e-05 0.00825 410
5.03701e-06 2.71199e-05 0.00822783 410
5.09113e-06 2.75352e-05 0.00768113 410
5.81499e-06 3.23388e-05 0.00691199 410
5.4041e-06 3.04737e-05 0.00685787 410
5.28376e-06 2.68991e-05 0.00831389 410
5.84607e-06 3.27568e-05 0.00691819 410
5.46078e-06 2.89784e-05 0.00686407 410
5.17737e-06 2.92266e-05 0.00687599 410
5.41363e-06 3.08476e-05 0.00683904 410
5.44464e-06 2.82865e-05 0.00688291 410
5.7876e-06 3.31047e-05 0.00686479 410
5.54898e-06 3.18035e-05 0.00689101 410
5.45446e-06 3.02058e-05 0.00686002 410
5.79948e-06 3.00191e-05 0.00822711 410
5.83506e-06 3.04517e-05 0.00687599 410
5.80355e-06 3.28206e-05 0.00689483 410
5.22641e-06 3.01498e-05 0.00735497 410
5.30767e-06 2.85425e-05 0.00755 410
5.08448e-06 2.657e-05 0.00756502 410
5.7569e-06 3.23461e-05 0.00768399 410
5.50112e-06 2.90365e-05 0.00764918 410
4.9927e-06 2.88571e-05 0.0076282 410
5.10893e-06 2.79517e-05 0.0075109 410
5.75903e-06 3.2353e-05 0.00751185 410
5.07214e-06 2.85722e-05 0.00761795 410
4.94755e-06 2.73792e-05 0.00759101 410
5.36518e-06 3.08945e-05 0.00750589 410
5.57834e-06 3.07101e-05 0.00753593 410
5.16472e-06 2.93454e-05 0.00743604 410
5.57757e-06 3.11872e-05 0.00751686 410
5.24255e-06 2.85091e-05 0.00753307 410
4.61765e-06 2.75549e-05 0.00743794 410
5.27132e-06 2.69894e-05 0.00752902 410
5.1225e-06 2.94327e-05 0.00755692 410
5.82531e-06 3.20584e-05 0.00760007 410
5.54069e-06 3.15951e-05 0.0075891 410
4.78377e-06 2.63813e-05 0.00762486 410
5.26961e-06 2.84278e-05 0.00761485 410
5.16676e-06 2.89217e-05 0.00766706 410
5.14949e-06 2.79462e-05 0.00760198 410
5.3306e-06 2.96172e-05 0.00770998 410
5.49355e-06 3.30074e-05 0.00759602 410
5.06459e-06 2.91502e-05 0.007581 410
5.05713e-06 2.78424e-05 0.00756407 410
5.73053e-06 3.35139e-05 0.00758314 410
5.10878e-06 2.86757e-05 0.00751185 410
