4.88736e-06 1.88895e-05 0.00620794 90
4.76663e-06 1.57249e-05 0.00638223 90
4.40337e-06 1.75028e-05 0.0062201 90
4.38533e-06 1.89969e-05 0.00664711 90
4.38877e-06 1.52032e-05 0.00640607 90
4.28508e-06 1.60927e-05 0.00622416 90
5.14004e-06 1.98061e-05 0.00620794 90
4.87606e-06 1.75759e-05 0.00623298 90
4.91755e-06 1.86322e-05 0.00764704 90
4.28056e-06 1.5785e-05 0.00628686 90
4.31562e-06 1.67411e-05 0.00622296 90
4.29354e-06 1.55697e-05 0.00626493 90
4.58523e-06 1.89711e-05 0.00624394 90
5.20349e-06 1.92994e-05 0.00630307 90
5.06436e-06 1.80433e-05 0.00622082 90
4.62408e-06 1.84296e-05 0.00623703 90
4.47713e-06 1.67226e-05 0.00622106 90
4.06733e-06 1.47524e-05 0.00623393 90
4.04264e-06 1.63639e-05 0.00622201 90
4.76399e-06 2.02295e-05 0.00635481 90
4.74182e-06 1.90634e-05 0.00643516 90
4.32767e-06 1.41645e-05 0.00668001 90
4.76199e-06 1.75388e-05 0.00634599 90
4.42735e-06 1.6862e-05 0.00632381 90
4.55553e-06 1.69755e-05 0.00622892 90
4.69513e-06 1.60628e-05 0.00621605 90
4.07264e-06 1.60826e-05 0.00621295 90
4.15279e-06 1.56458e-05 0.00639105 90
4.78015e-06 1.95595e-05 0.00631714 90
5.58223e-06 2.0757e-05 0.00661612 90
4.86409e-06 1.86108e-05 0.00620317 90
4.6572e-06 1.64649e-05 0.00618792 90
5.12146e-06 1.96439e-05 0.00620699 90
4.10544e-06 1.51695e-05 0.00624108 90
4.78477e-06 1.7421e-05 0.00620079 90
3.71464e-06 1.3834e-05 0.00619411 90
4.44221e-06 1.5527e-05 0.00623322 90
4.79848e-06 1.92694e-05 0.00623894 90
4.62898e-06 1.71444e-05 0.00621414 90
5.08926e-06 2.01666e-05 0.00623298 90
3.74144e-06 1.59009e-05 0.00623894 90
4.49333e-06 1.68912e-05 0.00644422 90
4.12168e-06 1.34795e-05 0.00626016 90
4.40498e-06 1.63025e-05 0.00665784 90
3.98214e-06 1.41812e-05 0.00640607 90
4.66879e-06 1.77297e-05 0.00628304 90
4.65966e-06 1.8398e-05 0.00631499 90
4.13278e-06 1.41565e-05 0.00622487 90
5.02531e-06 1.97622e-05 0.0062139 90
4.26887e-06 1.54601e-05 0.0062449 90
