4.54755e-06 2.32099e-05 0.00734901 406
4.30044e-06 1.83789e-05 0.00667787 406
4.89098e-06 2.26335e-05 0.00686812 406
4.68336e-06 2.20396e-05 0.0075202 406
4.19834e-06 1.95485e-05 0.00740385 406
4.06563e-06 1.84551e-05 0.0068121 406
4.7884e-06 2.35754e-05 0.00664496 406
4.47626e-06 2.12557e-05 0.00668406 406
4.24165e-06 2.2528e-05 0.00886989 406
4.52337e-06 1.81693e-05 0.00769806 406
4.2714e-06 2.0785e-05 0.00714397 406
4.39948e-06 1.99834e-05 0.00715899 406
4.59256e-06 2.18601e-05 0.00733519 406
4.8952e-06 2.28587e-05 0.00713301 406
4.78059e-06 2.40803e-05 0.00726891 406
4.62886e-06 2.12586e-05 0.00735593 406
4.27618e-06 2.28798e-05 0.00717282 406
4.18321e-06 2.03549e-05 0.00716805 406
4.1945e-06 1.91318e-05 0.00713992 406
4.22722e-06 2.1347e-05 0.00716996 406
4.6934e-06 2.25e-05 0.00716901 406
4.58724e-06 2.42606e-05 0.00730801 406
4.30004e-06 2.04689e-05 0.00732803 406
4.62376e-06 1.9206e-05 0.007267 406
4.6043e-06 2.10681e-05 0.00718904 406
4.9762e-06 2.32638e-05 0.00753284 406
5.10758e-06 1.98892e-05 0.00755215 406
4.34037e-06 2.13176e-05 0.012321 406
4.62514e-06 1.98842e-05 0.00766993 406
5.05614e-06 2.27029e-05 0.00664902 406
5.16725e-06 2.15003e-05 0.00662088 406
4.541e-06 2.07694e-05 0.00665092 406
3.9461e-06 1.7392e-05 0.00662518 406
4.58491e-06 2.12643e-05 0.00665212 406
4.24002e-06 2.12643e-05 0.00662398 406
4.76685e-06 2.26487e-05 0.00661707 406
4.57122e-06 2.27544e-05 0.00661421 406
4.65121e-06 2.37872e-05 0.00662899 406
5.04274e-06 2.48805e-05 0.00662398 406
5.37683e-06 2.53252e-05 0.00664902 406
4.1829e-06 2.0415e-05 0.00663781 406
4.22837e-06 1.98284e-05 0.00660896 406
5.14207e-06 2.48219e-05 0.00666595 406
4.37687e-06 2.18154e-05 0.00666809 406
4.71381e-06 2.10536e-05 0.00663781 406
4.54407e-06 2.16479e-05 0.00662112 406
4.26964e-06 1.98693e-05 0.00677609 406
4.84253e-06 2.46769e-05 0.00666285 406
4.6828e-06 2.05508e-05 0.0066731 406
4.45187e-06 2.27779e-05 0.00664091 406
