3.56022e-06 6.69587e-06 0.00449395
3.55021e-06 6.95847e-06 0.00451303
3.58938e-06 7.35042e-06 0.0046432
3.01573e-06 5.73764e-06 0.00465202
2.69787e-06 4.87417e-06 0.00465107
2.91884e-06 6.48518e-06 0.00462914
3.30061e-06 6.73702e-06 0.00462413
3.48126e-06 6.49186e-06 0.00463605
3.19586e-06 6.03015e-06 0.00467205
4.2498e-06 7.09224e-06 0.00465798
3.58293e-06 6.28259e-06 0.00462294
3.38321e-06 8.3854e-06 0.00465298
3.67306e-06 7.23058e-06 0.0046432
3.21609e-06 6.66963e-06 0.00468111
3.01189e-06 6.35684e-06 0.00462103
3.54241e-06 7.6734e-06 0.00461388
3.30071e-06 7.82053e-06 0.00463915
3.57396e-06 7.33231e-06 0.00465798
3.37283e-06 7.099e-06 0.004637
3.14728e-06 6.74884e-06 0.00464201
3.5762e-06 6.39394e-06 0.00464201
2.71114e-06 5.21436e-06 0.00453115
3.03766e-06 5.68897e-06 0.00462317
3.79037e-06 8.4376e-06 0.00473404
3.46866e-06 6.56023e-06 0.00465608
2.86296e-06 5.53735e-06 0.00462198
2.84782e-06 6.35347e-06 0.00464106
2.72558e-06 6.19025e-06 0.0046401
3.22337e-06 7.00119e-06 0.00462103
3.11465e-06 7.38631e-06 0.00465608
3.03872e-06 7.36079e-06 0.00470018
3.56752e-06 6.59577e-06 0.00476003
3.26443e-06 6.55853e-06 0.00479102
3.22805e-06 6.53985e-06 0.00471091
2.8583e-06 6.21079e-06 0.00472713
3.18268e-06 5.92548e-06 0.00468898
2.78939e-06 5.64883e-06 0.00468612
3.51357e-06 6.92304e-06 0.00477505
3.58013e-06 6.15614e-06 0.00463986
2.93916e-06 6.39569e-06 0.00464797
3.03053e-06 5.9468e-06 0.00464201
3.35781e-06 6.38553e-06 0.00461411
3.43247e-06 6.66515e-06 0.004668
3.19515e-06 6.07019e-06 0.00465608
3.11867e-06 5.89562e-06 0.00472307
3.40616e-06 7.21808e-06 0.00464606
3.85548e-06 7.09786e-06 0.00468302
3.02874e-06 6.8812e-06 0.00476813
2.86001e-06 5.31152e-06 0.00460696
3.5657e-06 6.59775e-06 0.00474977
