1.00043e-05 0.000194614 0.00318003 404
1.06565e-05 0.000202969 0.00316691 404
1.0391e-05 0.000207437 0.00317311 404
1.02839e-05 0.000195044 0.00318885 404
1.03572e-05 0.000209124 0.00319314 404
1.03968e-05 0.000199712 0.00316691 404
1.00582e-05 0.000199277 0.00316906 404
1.09132e-05 0.000196325 0.00322294 404
9.67533e-06 0.000180089 0.00324798 404
1.06598e-05 0.000202174 0.00317693 404
1.00478e-05 0.000186461 0.00319791 404
9.77079e-06 0.000179296 0.00325799 404
9.59851e-06 0.000189962 0.00325799 404
9.81016e-06 0.000178034 0.00325799 404
9.7077e-06 0.000176484 0.00317812 404
1.05087e-05 0.000196595 0.00317407 404
9.70715e-06 0.000182794 0.00319195 404
9.81946e-06 0.000185344 0.00319886 404
1.01776e-05 0.000198039 0.00319505 404
9.77097e-06 0.000189204 0.00319099 404
1.02444e-05 0.000202925 0.00318289 404
9.95083e-06 0.000194412 0.00312901 404
1.04812e-05 0.00019766 0.003299 404
9.92797e-06 0.000182094 0.00319886 404
1.03119e-05 0.000185653 0.00318503 404
1.03312e-05 0.000186021 0.00324798 404
1.03389e-05 0.000192393 0.00319004 404
9.23484e-06 0.000177902 0.00319314 404
1.02293e-05 0.000185776 0.00318003 404
1.0454e-05 0.000194992 0.00325584 404
1.05683e-05 0.000197657 0.00329685 404
1.04573e-05 0.000192092 0.00320005 404
1.01969e-05 0.000197866 0.00317407 404
9.87197e-06 0.000175573 0.00318909 404
9.93715e-06 0.000182698 0.00317502 404
1.06858e-05 0.000177944 0.00324917 404
1.00997e-05 0.000189288 0.003232 404
1.04112e-05 0.000198577 0.00323105 404
1.04515e-05 0.000188671 0.00317502 404
1.04599e-05 0.000192228 0.00321484 404
1.00819e-05 0.000189103 0.00327182 404
1.02485e-05 0.000184005 0.00321817 404
1.03881e-05 0.000192525 0.00320315 404
1.01539e-05 0.000191922 0.00318098 404
9.49617e-06 0.000173352 0.00320601 404
9.99336e-06 0.000179386 0.00320292 404
1.03643e-05 0.000185728 0.0031929 404
1.00422e-05 0.000185377 0.00327086 404
9.65058e-06 0.000174034 0.0032351 404
1.00765e-05 0.000187226 0.00325394 404
