7.1689e-06 8.99222e-05 0.00747085
6.49021e-06 8.09402e-05 0.00746894
6.81238e-06 6.93548e-05 0.0074811
6.16801e-06 7.13565e-05 0.00729299
7.04249e-06 7.9703e-05 0.00737405
6.41406e-06 8.27353e-05 0.00736594
7.28631e-06 8.20784e-05 0.00733995
6.26691e-06 7.45872e-05 0.00736189
6.14992e-06 7.31101e-05 0.00734806
6.71611e-06 7.07681e-05 0.00734901
6.67838e-06 8.06566e-05 0.00734997
7.26407e-06 8.22499e-05 0.00736713
6.9144e-06 8.44127e-05 0.00732899
6.71368e-06 7.49302e-05 0.00732803
6.27444e-06 7.42036e-05 0.00734401
6.29802e-06 7.57866e-05 0.00732183
6.92695e-06 8.16215e-05 0.00734711
5.9351e-06 7.07276e-05 0.00732803
6.71469e-06 8.1441e-05 0.00736904
6.93294e-06 7.75767e-05 0.00737309
6.87905e-06 7.29201e-05 0.00731778
6.32946e-06 6.70669e-05 0.00732279
7.26178e-06 8.47561e-05 0.0073669
6.79654e-06 7.34622e-05 0.00732398
6.96111e-06 7.52488e-05 0.00734997
6.14387e-06 6.96663e-05 0.007375
6.664e-06 7.71418e-05 0.00734711
6.95093e-06 8.03093e-05 0.007339
7.05107e-06 8.66735e-05 0.00735903
6.96179e-06 8.3874e-05 0.00732303
6.69231e-06 8.49783e-05 0.00737095
6.46057e-06 7.15617e-05 0.00733709
6.04896e-06 6.78411e-05 0.00732398
6.35655e-06 7.04395e-05 0.00735998
6.56432e-06 7.97751e-05 0.00734878
6.51929e-06 8.2365e-05 0.00731611
6.78785e-06 7.95408e-05 0.00735402
6.55413e-06 7.17515e-05 0.0073669
6.38189e-06 7.36798e-05 0.00733995
6.72662e-06 8.06363e-05 0.00731492
6.78872e-06 8.10277e-05 0.00735688
6.28243e-06 6.5175e-05 0.00734401
6.89988e-06 7.42857e-05 0.00727296
7.17767e-06 8.24545e-05 0.00734496
6.57336e-06 7.34057e-05 0.00733805
6.27384e-06 7.65541e-05 0.00732803
6.64424e-06 7.28655e-05 0.00736904
6.78248e-06 8.09293e-05 0.0073359
6.72694e-06 7.89928e-05 0.00731111
6.46079e-06 7.38793e-05 0.00734186
