9.09584e-06 0.000171706 0.00447416
9.74076e-06 0.000180984 0.004498
8.33753e-06 0.000147894 0.00448704
8.1863e-06 0.000144923 0.00455308
8.99777e-06 0.000156978 0.00457191
8.53287e-06 0.000153288 0.00453305
9.57814e-06 0.000168219 0.00449586
8.32898e-06 0.000159018 0.00450802
9.81455e-06 0.000162805 0.00451398
8.94455e-06 0.000157499 0.00459385
8.61655e-06 0.00014685 0.00448895
8.74975e-06 0.000159266 0.00649905
8.22188e-06 0.000157702 0.00495005
8.2654e-06 0.000144451 0.00440192
8.69425e-06 0.00015447 0.0044651
9.06092e-06 0.000162691 0.00450587
8.95285e-06 0.00016737 0.00452495
8.85623e-06 0.000168563 0.00449896
9.10504e-06 0.000163632 0.00427008
9.05112e-06 0.000159319 0.00455117
8.40528e-06 0.000151747 0.00450492
8.49368e-06 0.000148709 0.00445986
9.05616e-06 0.000168872 0.00448203
9.50802e-06 0.000169216 0.00448108
8.70745e-06 0.000160069 0.00444293
9.61396e-06 0.00017712 0.00456905
8.63626e-06 0.000149078 0.004565
8.82404e-06 0.000155423 0.00453687
8.866e-06 0.000159118 0.00444221
8.99204e-06 0.000162222 0.00450802
8.56946e-06 0.00016112 0.00460601
8.78021e-06 0.000168205 0.00453401
8.88182e-06 0.00015719 0.00462103
8.65755e-06 0.000158154 0.0045681
9.2499e-06 0.000172796 0.00518894
9.55436e-06 0.000178654 0.00640702
8.94079e-06 0.000159645 0.00504279
9.32775e-06 0.000165147 0.00555992
8.49529e-06 0.000141903 0.00504804
9.4318e-06 0.000167995 0.0042789
8.21272e-06 0.000160581 0.00440598
8.89335e-06 0.000160117 0.00439
8.57493e-06 0.000156614 0.00438809
8.78003e-06 0.000155387 0.00439596
8.6539e-06 0.000156911 0.00445008
9.01918e-06 0.000162559 0.00437212
9.06566e-06 0.000164972 0.0043819
8.96928e-06 0.000149356 0.00443196
9.0312e-06 0.000163522 0.00439882
8.78837e-06 0.000167196 0.00444913
