4.5706e-06 2.15483e-05 0.01229
4.53767e-06 2.10253e-05 0.0125349
4.51537e-06 2.27173e-05 0.0122309
4.44257e-06 2.07305e-05 0.0122101
4.65631e-06 2.25545e-05 0.012224
4.44924e-06 2.142e-05 0.012198
4.53006e-06 2.05863e-05 0.012208
3.87236e-06 1.99691e-05 0.0122199
4.55317e-06 2.20554e-05 0.012295
4.91545e-06 2.09919e-05 0.0122459
3.58553e-06 1.61116e-05 0.012203
4.31301e-06 2.05272e-05 0.012208
4.06113e-06 1.96647e-05 0.0123181
4.34913e-06 2.24571e-05 0.0122099
4.33973e-06 2.05294e-05 0.012265
4.65749e-06 2.13383e-05 0.0128391
4.84357e-06 2.41391e-05 0.013227
4.92685e-06 2.34332e-05 0.0149441
3.95229e-06 2.23816e-05 0.016392
4.54953e-06 2.19178e-05 0.0159209
4.90254e-06 2.31067e-05 0.0149338
4.37335e-06 2.087e-05 0.0124991
5.05486e-06 2.44576e-05 0.0122261
4.50374e-06 2.23188e-05 0.0123301
4.94361e-06 2.02666e-05 0.0123551
5.05622e-06 2.11446e-05 0.012542
4.53675e-06 2.39725e-05 0.0122089
4.83939e-06 2.37734e-05 0.012248
4.29469e-06 2.1498e-05 0.012233
4.91189e-06 2.06164e-05 0.0122578
4.34393e-06 2.04695e-05 0.0123432
4.9624e-06 2.17518e-05 0.012228
4.03037e-06 1.8774e-05 0.012255
4.42069e-06 1.80692e-05 0.012584
4.45007e-06 2.25072e-05 0.013674
4.38323e-06 2.28711e-05 0.016439
5.06473e-06 2.23351e-05 0.0129752
4.44328e-06 1.93775e-05 0.0122941
4.69513e-06 2.16158e-05 0.0125511
4.63353e-06 2.07529e-05 0.012826
4.68951e-06 2.17621e-05 0.0123682
4.96979e-06 2.22029e-05 0.012434
4.87855e-06 2.30288e-05 0.0124002
5.30691e-06 2.31538e-05 0.0124669
5.15674e-06 2.41966e-05 0.012444
5.1115e-06 2.38358e-05 0.0125799
3.69898e-06 1.83744e-05 0.0124919
4.61076e-06 2.23099e-05 0.0125329
4.62326e-06 2.16119e-05 0.0124009
4.78594e-06 2.13361e-05 0.0124719
