9.44503e-06 0.000147594 0.0032661
8.45844e-06 0.000142304 0.00337291
9.0879e-06 0.000151251 0.00338411
9.17261e-06 0.000145828 0.00346088
8.68096e-06 0.000141228 0.00327897
7.96806e-06 0.00013811 0.00333905
8.8764e-06 0.000147266 0.00339293
8.13959e-06 0.000130927 0.00337601
8.5677e-06 0.000150887 0.003829
8.40319e-06 0.000138653 0.0038569
8.14211e-06 0.000139019 0.003299
8.43174e-06 0.000136347 0.00339508
8.69106e-06 0.00014203 0.00334501
9.07766e-06 0.000157113 0.0035069
8.81087e-06 0.000130744 0.00342202
8.96853e-06 0.000150257 0.00335503
8.26534e-06 0.0001374 0.00336695
8.3094e-06 0.000140145 0.00327611
8.80851e-06 0.000144478 0.00336885
8.97754e-06 0.000138918 0.00333714
8.47737e-06 0.000140889 0.0033741
8.34157e-06 0.00013469 0.0034132
8.32614e-06 0.000134596 0.00335407
9.19853e-06 0.000146338 0.00381112
8.45542e-06 0.000143577 0.00332785
8.22094e-06 0.00013252 0.00336504
9.13671e-06 0.000147405 0.00342011
8.35416e-06 0.00013255 0.00344801
8.39238e-06 0.0001407 0.00347114
9.20641e-06 0.000156206 0.00339103
9.01874e-06 0.000155182 0.00346684
8.51263e-06 0.00015123 0.0034368
8.74988e-06 0.000147441 0.00343609
8.28159e-06 0.000129357 0.00338483
8.22241e-06 0.000139081 0.00339103
8.50696e-06 0.000139416 0.00350499
8.4045e-06 0.000140126 0.00338697
8.44967e-06 0.000143082 0.00339508
8.98233e-06 0.000142064 0.00406218
9.09963e-06 0.000149499 0.00335693
8.19396e-06 0.000138302 0.00332785
8.48851e-06 0.000139122 0.00337601
9.62364e-06 0.00015704 0.00336409
8.39747e-06 0.000134322 0.00335598
7.87803e-06 0.000131468 0.00337505
7.84771e-06 0.000132895 0.00337005
8.23027e-06 0.000142135 0.00336599
8.14994e-06 0.000136519 0.00337601
9.01599e-06 0.00015192 0.0033679
8.17913e-06 0.000137343 0.00333905
