0.000224704 0.000632137 0.00289607 30
0.000224744 0.000631942 0.00292015 30
0.000224673 0.000632514 0.00289297 30
0.000224778 0.000632278 0.00292897 30
0.000224664 0.000632225 0.00297999 30
0.000224737 0.000632027 0.00334787 30
0.000224733 0.000632277 0.00302601 30
0.000224729 0.000632122 0.0029881 30
0.000224744 0.000632222 0.00293899 30
0.000224751 0.000631943 0.00291085 30
0.000224688 0.000632354 0.00296092 30
0.000224752 0.000632414 0.00294518 30
0.000224644 0.000632519 0.00293589 30
0.000224716 0.000632257 0.00293779 30
0.000224768 0.000632 0.00295615 30
0.000224692 0.000632585 0.00301504 30
0.000224745 0.000632215 0.00297713 30
0.00022477 0.000631859 0.00294089 30
0.000224787 0.000632282 0.00300813 30
0.000224668 0.000632706 0.00292897 30
0.000224733 0.000632093 0.00293398 30
0.000224705 0.000632282 0.0030241 30
0.000224669 0.000632384 0.0030179 30
0.000224766 0.000632465 0.00293803 30
0.000224656 0.000632098 0.00296307 30
0.000224677 0.00063248 0.0030129 30
0.00022472 0.000632576 0.00303793 30
0.000224674 0.000632104 0.00296187 30
0.000224735 0.000632291 0.00295806 30
0.000224684 0.000632761 0.00294995 30
0.000224782 0.000632308 0.00296998 30
0.000224616 0.000632454 0.00295401 30
0.000224777 0.000632433 0.00295591 30
0.000224719 0.000632268 0.00294995 30
0.00022472 0.00063255 0.00293207 30
0.000224733 0.000632261 0.00298119 30
0.000224714 0.000632413 0.00296593 30
0.000224706 0.000632265 0.00295711 30
0.000224705 0.000632295 0.00295091 30
0.000224765 0.000632519 0.00297284 30
0.000224757 0.000632277 0.00293589 30
0.000224743 0.000632387 0.00300121 30
0.000224654 0.000632421 0.00293016 30
0.000224804 0.000632478 0.0029819 30
0.000224741 0.000632153 0.00303602 30
0.000224723 0.000632471 0.00292587 30
0.000224714 0.000632189 0.00298285 30
0.000224668 0.000632305 0.00299096 30
0.000224772 0.000632636 0.00302696 30
0.000224741 0.000632316 0.00296998 30
