0.000573387 0.00112983 0.00268507 24
0.000573383 0.00113012 0.00269389 24
0.000573424 0.00112986 0.00268197 24
0.000573324 0.00112945 0.00266099 24
0.000573398 0.00112972 0.00265312 24
0.000573357 0.00112989 0.00274301 24
0.000573351 0.00113014 0.00266385 24
0.000573337 0.00112991 0.002671 24
0.000573451 0.00112984 0.00268507 24
0.000573336 0.00113027 0.00265408 24
0.000573446 0.00112959 0.00266409 24
0.000573373 0.00113003 0.00274801 24
0.000573391 0.00112931 0.00273705 24
0.000573401 0.00112933 0.00276685 24
0.000573294 0.00113023 0.00265789 24
0.000573287 0.00112976 0.00269318 24
0.00057335 0.00112997 0.00274897 24
0.000573383 0.00112979 0.00267005 24
0.000573252 0.00113013 0.00266194 24
0.000573324 0.00112993 0.00267601 24
0.000573371 0.00112988 0.00267005 24
0.000573438 0.00112964 0.00271416 24
0.000573345 0.00113026 0.00275588 24
0.000573349 0.00113 0.00273514 24
0.000573306 0.00112981 0.00269914 24
0.000573382 0.0011297 0.00274205 24
0.00057345 0.00112979 0.00272799 24
0.000573391 0.00112989 0.00269985 24
0.000573329 0.00113006 0.00276494 24
0.000573323 0.00112997 0.00275588 24
0.000573359 0.00113001 0.00275016 24
0.000573411 0.0011295 0.00272799 24
0.000573378 0.00112975 0.00273609 24
0.000573386 0.00112996 0.00276494 24
0.000573279 0.00113005 0.00270104 24
0.000573385 0.00112994 0.00267816 24
0.000573214 0.00112984 0.00276709 24
0.000573354 0.00112995 0.00271511 24
0.000573291 0.00113032 0.00275493 24
0.000573279 0.00113005 0.00269604 24
0.000573347 0.00112998 0.00273681 24
0.000573338 0.00112983 0.00278306 24
0.000573297 0.00112994 0.0027442 24
0.000573346 0.00112974 0.00278211 24
0.000573336 0.0011299 0.00273895 24
0.000573354 0.00112982 0.00280309 24
0.000573343 0.00112964 0.00273395 24
0.000573294 0.00112994 0.00281286 24
0.000573365 0.00113002 0.00275207 24
0.00057346 0.00112952 0.00276685 24
