2.27114e-06 6.88033e-06 0.00300908
4.26023e-06 8.08647e-06 0.00261188
2.756e-06 5.67445e-06 0.00290895
2.27818e-06 8.66412e-06 0.00386691
2.70989e-06 4.28812e-06 0.00269079
2.62229e-06 4.05517e-06 0.00276589
2.64737e-06 5.18651e-06 0.00271606
2.91589e-06 4.00301e-06 0.0028379
3.03304e-06 4.52691e-06 0.00293207
2.90158e-06 4.51974e-06 0.002841
3.21752e-06 6.02058e-06 0.00281
2.54363e-06 5.71359e-06 0.00281906
2.73447e-06 6.40072e-06 0.00281286
3.43228e-06 5.10405e-06 0.002841
2.45802e-06 4.40357e-06 0.00277901
3.38167e-06 5.0348e-06 0.00280905
3.24602e-06 8.12227e-06 0.00281286
2.63954e-06 5.04622e-06 0.00281692
3.01739e-06 6.32211e-06 0.00277996
2.45163e-06 7.36706e-06 0.00277591
2.28185e-06 9.59104e-06 0.00282001
2.74688e-06 4.71334e-06 0.00274396
3.27689e-06 4.81852e-06 0.00262904
2.68255e-06 5.86308e-06 0.00261784
2.64348e-06 4.50174e-06 0.00262094
2.95674e-06 1.0643e-05 0.00262403
2.93446e-06 5.27697e-06 0.00275612
2.6808e-06 4.46354e-06 0.00261903
2.7119e-06 7.79147e-06 0.00262499
5.0175e-06 8.83778e-06 0.00269699
3.79383e-06 7.89643e-06 0.00265694
2.48899e-06 4.17213e-06 0.00262904
3.24464e-06 5.8781e-06 0.00262499
2.63445e-06 4.88033e-06 0.002635
3.5805e-06 9.0456e-06 0.00261998
2.83634e-06 4.79525e-06 0.00261784
2.63342e-06 4.88212e-06 0.00262713
2.47885e-06 6.08908e-06 0.00261092
2.65164e-06 7.86352e-06 0.0026269
2.77689e-06 5.6162e-06 0.00261402
3.15778e-06 6.48208e-06 0.0026269
3.33174e-06 1.04302e-05 0.00262618
2.08608e-06 4.19014e-06 0.00264788
2.68642e-06 8.24034e-06 0.00263309
3.05269e-06 4.3713e-06 0.00270295
4.15288e-06 6.54379e-06 0.00261378
2.67765e-06 4.00388e-06 0.00262594
3.08977e-06 7.6693e-06 0.00261903
3.50813e-06 5.73916e-06 0.00261903
2.6634e-06 4.43886e-06 0.00263
