4.49391e-06 2.44268e-05 0.00956511 408
3.90042e-06 1.89755e-05 0.00955009 408
4.91196e-06 2.23355e-05 0.00965619 408
3.9056e-06 2.1324e-05 0.009691 408
4.2983e-06 1.95215e-05 0.00952888 408
4.2146e-06 2.19048e-05 0.0096159 408
4.55281e-06 1.99485e-05 0.00963497 408
4.42289e-06 2.18639e-05 0.00959778 408
4.40353e-06 2.11284e-05 0.00954819 408
4.26049e-06 2.05961e-05 0.00960207 408
4.671e-06 2.02747e-05 0.00989199 408
4.76818e-06 2.08274e-05 0.00976205 408
4.32708e-06 2.06595e-05 0.00970006 408
5.23074e-06 2.40851e-05 0.00952911 408
4.12198e-06 1.81019e-05 0.00955486 408
4.67971e-06 2.17497e-05 0.00961304 408
4.32735e-06 2.17729e-05 0.0101511 408
4.3928e-06 2.04421e-05 0.00981903 408
4.91965e-06 2.40434e-05 0.00961304 408
4.95092e-06 2.43902e-05 0.0095911 408
4.91001e-06 2.33396e-05 0.0095222 408
4.28621e-06 2.09896e-05 0.00951505 408
4.95175e-06 2.5628e-05 0.00887704 408
4.64163e-06 2.40112e-05 0.00892401 408
4.3664e-06 2.19101e-05 0.00869799 408
3.99692e-06 2.19224e-05 0.00871301 408
4.11355e-06 2.17735e-05 0.00865984 408
5.09595e-06 2.54917e-05 0.00907612 408
4.42982e-06 2.1031e-05 0.00894713 408
3.71695e-06 1.88997e-05 0.00866103 408
4.61235e-06 2.21696e-05 0.00912213 408
4.562e-06 2.23065e-05 0.00896096 408
4.55165e-06 1.97073e-05 0.00869393 408
4.2872e-06 1.84776e-05 0.00871515 408
4.73389e-06 2.20682e-05 0.00875711 408
4.65327e-06 2.26551e-05 0.00876999 408
4.73107e-06 2.22913e-05 0.00915313 408
4.18108e-06 1.94321e-05 0.00988412 408
4.46391e-06 2.20212e-05 0.00872779 408
4.57492e-06 2.25052e-05 0.00869703 408
4.85135e-06 2.32651e-05 0.00896001 408
4.87059e-06 1.94278e-05 0.00894284 408
4.46188e-06 2.02021e-05 0.00887585 408
4.77327e-06 2.3542e-05 0.00877094 408
4.78322e-06 2.37129e-05 0.00883889 408
4.74391e-06 2.1294e-05 0.00865412 408
4.5242e-06 2.21988e-05 0.00876307 408
4.50526e-06 2.41859e-05 0.00871992 408
4.32897e-06 2.31767e-05 0.00878811 408
4.58868e-06 2.03934e-05 0.00879216 408
