9.58205e-06 0.000178363 0.00580311
9.61314e-06 0.000171877 0.00585699
1.02504e-05 0.000191578 0.00576186
1.06648e-05 0.000196273 0.00563598
9.53152e-06 0.000180505 0.00525999
1.01522e-05 0.000186997 0.0061481
9.82549e-06 0.000190166 0.00595403
1.05097e-05 0.000189783 0.00576711
9.39979e-06 0.000155563 0.00585198
9.65341e-06 0.000183247 0.00583696
1.01545e-05 0.000178606 0.00622201
1.03195e-05 0.000186803 0.00619602
9.66171e-06 0.000176366 0.0059309
9.82624e-06 0.000180488 0.00587201
9.24759e-06 0.000167627 0.00514007
1.0161e-05 0.000191715 0.00601578
1.06228e-05 0.000196682 0.00524783
1.03794e-05 0.000186579 0.00560093
1.03566e-05 0.000188114 0.00526404
1.05872e-05 0.000179994 0.00525498
9.9158e-06 0.000185973 0.00525212
9.54754e-06 0.000172464 0.00514293
1.00809e-05 0.000183348 0.00525689
9.71222e-06 0.000174564 0.00523305
1.05566e-05 0.000198579 0.00524902
9.72142e-06 0.00017339 0.00516701
1.02392e-05 0.000184809 0.00525093
9.26069e-06 0.000170469 0.005265
1.00225e-05 0.000173374 0.00650501
9.85295e-06 0.000182865 0.00601697
9.93161e-06 0.000182523 0.00595617
1.00713e-05 0.000180371 0.00581002
1.01913e-05 0.000184823 0.00523806
9.84302e-06 0.000177175 0.00511885
1.01346e-05 0.000183471 0.00512314
1.02081e-05 0.000181962 0.00512004
1.0168e-05 0.000196047 0.00511312
1.02904e-05 0.000175728 0.00512719
1.01931e-05 0.000192004 0.00512195
9.70542e-06 0.000181158 0.00514317
9.8473e-06 0.000186024 0.00511289
1.06002e-05 0.000183169 0.00512004
9.61599e-06 0.00016791 0.00511694
1.03271e-05 0.000177558 0.00514603
9.72332e-06 0.000179382 0.00514007
1.03301e-05 0.000190356 0.00512004
1.00234e-05 0.000181487 0.00514412
1.04086e-05 0.000190738 0.00513101
9.94224e-06 0.000184521 0.0051291
1.04706e-05 0.000195265 0.00512409
