8.41611e-06 0.000122447 0.00740385
8.9183e-06 0.000137987 0.00675201
8.67298e-06 0.000139579 0.00659394
7.9646e-06 0.000121538 0.0065732
8.7939e-06 0.000136682 0.00666285
8.75298e-06 0.000134702 0.00666499
8.63556e-06 0.000128159 0.00671101
8.1532e-06 0.000117508 0.00679898
8.95992e-06 0.000138634 0.00672102
8.86468e-06 0.000135575 0.00676298
8.83299e-06 0.000125778 0.0068109
8.67487e-06 0.000129602 0.00679708
8.28113e-06 0.000128138 0.00666595
9.21041e-06 0.000148014 0.00673604
8.73558e-06 0.000124806 0.00668693
8.368e-06 0.000122916 0.00683284
8.18118e-06 0.000127163 0.00671101
8.7497e-06 0.000127893 0.00764489
8.56539e-06 0.000131422 0.0077002
8.728e-06 0.000128519 0.00669909
8.7854e-06 0.000135793 0.00675082
8.54231e-06 0.000124412 0.00661087
8.12304e-06 0.000122296 0.0067811
8.1163e-06 0.000135985 0.00671387
8.71442e-06 0.000129188 0.00671291
8.49111e-06 0.000127679 0.00660586
8.998e-06 0.00013862 0.00669599
8.16975e-06 0.000118959 0.00672793
8.12607e-06 0.000122082 0.00665879
8.2168e-06 0.000116874 0.0067389
8.74586e-06 0.000132634 0.00669289
8.99397e-06 0.000134462 0.00670505
8.91119e-06 0.000141008 0.00669599
8.79573e-06 0.000128611 0.00665498
8.26801e-06 0.000120709 0.00673008
8.72509e-06 0.000129704 0.006778
8.51261e-06 0.000134643 0.00672913
9.35778e-06 0.000140856 0.00677013
8.88312e-06 0.000138809 0.00669289
8.2982e-06 0.000133739 0.00672412
8.95797e-06 0.000128893 0.0067389
8.56868e-06 0.000134004 0.00672722
8.90816e-06 0.000131496 0.00672007
8.91988e-06 0.000132913 0.00672603
8.71346e-06 0.000128653 0.00673103
8.32822e-06 0.000134457 0.00671291
8.46127e-06 0.000126255 0.00674009
8.97644e-06 0.000139197 0.00669479
8.28108e-06 0.000122574 0.00672984
8.12996e-06 0.000129552 0.00671291
