1.00336e-05 0.000183059 0.00551605
9.64077e-06 0.000164248 0.00551987
9.99413e-06 0.000179411 0.00550604
9.87538e-06 0.000178006 0.00552583
1.03015e-05 0.000188042 0.00546408
1.00714e-05 0.000181961 0.00557518
9.3457e-06 0.000159588 0.00560594
9.77968e-06 0.000176822 0.00550413
9.41236e-06 0.000163729 0.00555587
9.92426e-06 0.000175508 0.00663114
9.4784e-06 0.000173305 0.00525689
1.02654e-05 0.000173072 0.00566101
1.02103e-05 0.000183359 0.00565004
9.78892e-06 0.000184704 0.00575185
1.03226e-05 0.000175207 0.00608015
1.01488e-05 0.000178742 0.00571895
9.39788e-06 0.000164476 0.00573397
1.01446e-05 0.000197262 0.00571918
1.04389e-05 0.00018979 0.00568485
9.86867e-06 0.000172941 0.0051589
1.04697e-05 0.000179484 0.0055151
9.53835e-06 0.000173771 0.00553608
1.01717e-05 0.00018483 0.00551701
9.79026e-06 0.000167498 0.00552797
1.00069e-05 0.000166243 0.00555182
1.06669e-05 0.000198399 0.00554895
9.93522e-06 0.000175619 0.005615
9.42342e-06 0.000162667 0.00549793
9.73922e-06 0.000170011 0.00553489
9.6359e-06 0.000184453 0.00561595
1.00741e-05 0.000173489 0.00552011
9.89897e-06 0.000177742 0.00558209
1.01115e-05 0.000189255 0.00554419
9.81529e-06 0.000177122 0.00656104
1.02914e-05 0.000183768 0.00556898
1.01173e-05 0.000183361 0.00556803
9.77469e-06 0.000174675 0.00561213
9.60118e-06 0.000167178 0.00550985
9.8585e-06 0.000171812 0.00555015
9.72162e-06 0.000182569 0.00559306
9.76452e-06 0.000175701 0.00558496
9.95889e-06 0.000184384 0.00564003
9.79788e-06 0.00017399 0.00553298
1.00267e-05 0.000171741 0.00550294
9.67003e-06 0.000172276 0.00558805
1.02078e-05 0.000182988 0.00549006
1.02639e-05 0.000169479 0.00551796
1.06337e-05 0.000197763 0.00554204
9.9165e-06 0.000179784 0.00551081
9.69791e-06 0.000170075 0.0055182
