5.01305e-06 2.24876e-05 0.0102489 4006
5.32752e-06 2.35664e-05 0.0102892 4006
4.65902e-06 2.2476e-05 0.010442 4006
4.91392e-06 2.12395e-05 0.0104072 4006
4.40837e-06 2.02031e-05 0.0107629 4006
4.51906e-06 2.59026e-05 0.0106401 4006
4.65446e-06 2.155e-05 0.0104489 4006
4.14212e-06 2.16506e-05 0.011229 4006
4.18697e-06 2.04591e-05 0.0102801 4006
4.65096e-06 2.42225e-05 0.010273 4006
4.04751e-06 1.98036e-05 0.0103402 4006
4.52572e-06 2.393e-05 0.0102282 4006
5.31849e-06 2.36523e-05 0.0102742 4006
4.59619e-06 2.11514e-05 0.0102589 4006
4.03859e-06 2.13009e-05 0.0102541 4006
4.90362e-06 2.14758e-05 0.0102799 4006
4.70167e-06 2.21704e-05 0.0102501 4006
4.36562e-06 1.98893e-05 0.0103049 4006
4.22117e-06 2.06015e-05 0.0102291 4006
4.39081e-06 2.14022e-05 0.0103569 4006
4.71184e-06 2.15231e-05 0.0103319 4006
4.28162e-06 2.1893e-05 0.010251 4006
4.88448e-06 2.51094e-05 0.0102479 4006
4.90255e-06 2.14225e-05 0.0102739 4006
4.42801e-06 2.39765e-05 0.0102561 4006
4.52748e-06 2.11435e-05 0.010237 4006
5.00103e-06 2.62996e-05 0.0102539 4006
4.47643e-06 1.83873e-05 0.0103152 4006
4.53995e-06 2.40948e-05 0.010313 4006
4.54775e-06 2.05492e-05 0.0102458 4006
4.42274e-06 2.04132e-05 0.010174 4006
5.11668e-06 2.59541e-05 0.010299 4006
4.90894e-06 2.18202e-05 0.010253 4006
5.02824e-06 2.40052e-05 0.0102949 4006
4.23061e-06 2.1382e-05 0.010258 4006
4.68655e-06 2.5426e-05 0.0103381 4006
4.12983e-06 2.38834e-05 0.0102339 4006
4.663e-06 2.4004e-05 0.0103171 4006
4.48274e-06 2.27894e-05 0.010227 4006
4.42281e-06 2.11708e-05 0.010231 4006
4.54845e-06 2.39679e-05 0.010288 4006
4.43051e-06 2.37123e-05 0.0102758 4006
4.92533e-06 1.99052e-05 0.0103381 4006
3.75425e-06 1.62521e-05 0.01034 4006
4.59922e-06 2.1362e-05 0.010318 4006
5.26793e-06 2.48605e-05 0.0103099 4006
4.66976e-06 2.36766e-05 0.010263 4006
5.04884e-06 2.27558e-05 0.0102642 4006
4.55001e-06 1.88626e-05 0.010231 4006
4.50985e-06 2.18093e-05 0.0104899 4006
