8.56571e-06 0.000157465 0.00717902
9.9655e-06 0.000177128 0.00743508
9.33916e-06 0.000164031 0.00818801
9.12222e-06 0.000158236 0.00818014
9.43891e-06 0.000164855 0.00740099
9.04405e-06 0.000159154 0.00725889
8.91502e-06 0.000162652 0.00788093
9.06404e-06 0.000157958 0.00763106
9.39727e-06 0.000167806 0.00727701
8.89571e-06 0.000152179 0.00904989
9.41835e-06 0.000167956 0.00902486
9.50442e-06 0.000170826 0.00818706
9.40608e-06 0.000172749 0.00784802
9.30549e-06 0.000172765 0.00778985
9.76866e-06 0.000176431 0.00738096
8.84422e-06 0.000154629 0.00725102
8.8059e-06 0.000162508 0.00889301
9.52573e-06 0.000166569 0.007267
8.92312e-06 0.00015508 0.0072031
8.81174e-06 0.000158055 0.00725698
9.4572e-06 0.000161051 0.007411
8.91486e-06 0.000161583 0.00743604
9.85589e-06 0.000182163 0.00745606
9.20332e-06 0.000163426 0.007797
9.59535e-06 0.000163946 0.00732899
8.99422e-06 0.000160259 0.007267
9.463e-06 0.000167748 0.00739503
9.18959e-06 0.000168371 0.00763392
9.22543e-06 0.00015659 0.0072
9.14078e-06 0.000160978 0.00720382
9.1507e-06 0.000147506 0.007236
9.12686e-06 0.000164325 0.00725698
8.68952e-06 0.000154114 0.00746202
9.1316e-06 0.000163506 0.00741601
9.09088e-06 0.00016308 0.00794506
9.80905e-06 0.000188068 0.0074091
9.212e-06 0.000165175 0.00732994
9.4568e-06 0.000172473 0.00719619
9.0416e-06 0.00015688 0.0076468
9.42589e-06 0.000176576 0.00735998
9.61367e-06 0.000184232 0.00741291
9.91509e-06 0.000176269 0.007447
9.14529e-06 0.000160005 0.00764894
9.58094e-06 0.00017165 0.00789905
9.55766e-06 0.000166222 0.00898695
9.36121e-06 0.000165719 0.00877714
8.73233e-06 0.000154652 0.00879598
9.33554e-06 0.000162331 0.00817895
9.39791e-06 0.000169028 0.00785685
9.14462e-06 0.000174996 0.0076468
