9.18742e-06 0.000157324 0.00552392
9.83151e-06 0.000172707 0.00558805
9.23859e-06 0.000165104 0.00570297
9.08704e-06 0.000166988 0.00630403
1.00019e-05 0.000164923 0.00676513
9.40002e-06 0.000160809 0.00644112
9.26252e-06 0.00015891 0.00823808
9.82055e-06 0.000170915 0.00666904
9.14388e-06 0.000161089 0.00622702
9.83929e-06 0.000167157 0.00605893
9.37678e-06 0.000159102 0.00596094
1.02989e-05 0.000177323 0.00597
9.15529e-06 0.00015937 0.006001
9.46524e-06 0.000164089 0.00591993
9.34115e-06 0.000160928 0.005867
8.57058e-06 0.000142671 0.00615501
9.19612e-06 0.000156866 0.00592995
9.5957e-06 0.000160885 0.00595808
9.36251e-06 0.000167257 0.00589609
9.32946e-06 0.000163939 0.00595498
9.52232e-06 0.0001639 0.00625706
9.79081e-06 0.000160254 0.00592017
9.47418e-06 0.000167363 0.00600004
9.27952e-06 0.000149405 0.00598407
9.65263e-06 0.000159232 0.00596189
9.97623e-06 0.000170097 0.00591612
9.51303e-06 0.000156073 0.005934
9.32418e-06 0.000151382 0.00595999
9.5539e-06 0.000163478 0.00683498
9.10468e-06 0.000161138 0.00609803
9.5703e-06 0.000165754 0.00556397
9.1646e-06 0.000145806 0.005934
9.78626e-06 0.000171006 0.00602078
9.71143e-06 0.000176405 0.00598311
9.27224e-06 0.000169782 0.005934
9.02273e-06 0.000163651 0.00594783
9.50788e-06 0.000162366 0.00593495
9.8158e-06 0.000171508 0.00594592
9.50822e-06 0.000162753 0.00590587
8.95536e-06 0.000159202 0.00599408
8.69505e-06 0.000146097 0.00632
8.41546e-06 0.000154801 0.00591207
9.68512e-06 0.000167151 0.00588393
9.48683e-06 0.000163747 0.00600004
9.08564e-06 0.000154146 0.00599408
9.74833e-06 0.000172274 0.00596213
9.37137e-06 0.000160947 0.00594091
9.54548e-06 0.000169613 0.005934
9.95206e-06 0.000166641 0.00594211
8.47097e-06 0.000136421 0.00596619
