1.01512e-05 0.000199887 0.00487304 408
9.60261e-06 0.000176504 0.0048871 408
1.03523e-05 0.000185332 0.00502396 408
9.87713e-06 0.000192214 0.00491905 408
1.01791e-05 0.000187457 0.00492191 408
1.05711e-05 0.000193736 0.00498796 408
9.50647e-06 0.000168342 0.00503302 408
1.13286e-05 0.000211315 0.00503993 408
1.01755e-05 0.000189288 0.00499296 408
9.80858e-06 0.000179399 0.0050149 408
1.00078e-05 0.000182161 0.00513601 408
9.86604e-06 0.000175656 0.004879 408
1.00428e-05 0.000183973 0.00486803 408
9.52029e-06 0.000183121 0.00489092 408
1.00687e-05 0.000188471 0.00486803 408
9.84571e-06 0.000175635 0.0048871 408
9.7872e-06 0.000183325 0.00492311 408
9.67414e-06 0.000163233 0.00505495 408
1.01571e-05 0.000184811 0.00493217 408
1.0198e-05 0.000182688 0.00487304 408
1.01625e-05 0.000186058 0.00498605 408
9.80988e-06 0.000186455 0.00571203 408
9.96402e-06 0.000197602 0.00488806 408
1.04387e-05 0.000194141 0.00500798 408
9.61832e-06 0.000180407 0.00499701 408
1.06068e-05 0.000204565 0.00490785 408
1.06132e-05 0.000196094 0.00499511 408
1.05674e-05 0.000191836 0.00489688 408
9.93299e-06 0.000177801 0.00500584 408
9.72009e-06 0.000171813 0.00488091 408
1.0534e-05 0.000187826 0.00490403 408
1.08113e-05 0.000211359 0.00503087 408
1.01855e-05 0.000194689 0.00514388 408
1.03203e-05 0.000189784 0.00498819 408
1.01613e-05 0.000181018 0.00490808 408
1.07334e-05 0.000200626 0.00488997 408
1.03584e-05 0.000191226 0.0048871 408
9.94534e-06 0.000183677 0.00510621 408
1.01001e-05 0.000201548 0.00485396 408
1.01301e-05 0.000175668 0.00512004 408
9.76437e-06 0.000185475 0.00488591 408
1.0665e-05 0.00019463 0.00486588 408
1.00129e-05 0.000187714 0.00487399 408
1.03638e-05 0.000194484 0.00486898 408
1.00602e-05 0.000185135 0.00505114 408
9.79428e-06 0.000183031 0.00493503 408
9.9105e-06 0.000185009 0.00499296 408
1.03991e-05 0.000200139 0.0049839 408
9.61433e-06 0.000177263 0.00503206 408
1.00385e-05 0.000177901 0.00498295 408
