9.60822e-06 0.000173247 0.00414991
9.57328e-06 0.000185352 0.00414395
9.93531e-06 0.000186307 0.00413704
9.91608e-06 0.000188758 0.00413609
1.00148e-05 0.000181935 0.00413609
9.46483e-06 0.000180664 0.00413609
9.5188e-06 0.000177872 0.00402999
9.81078e-06 0.000186438 0.00402999
9.87485e-06 0.000185908 0.00486898
1.00034e-05 0.000193816 0.00485301
9.84869e-06 0.000169307 0.00465202
9.11787e-06 0.000167922 0.00406289
9.65639e-06 0.000164093 0.00404191
1.00629e-05 0.000181057 0.00413179
9.3884e-06 0.000179434 0.0040319
9.79591e-06 0.000180082 0.00412679
8.88477e-06 0.000162347 0.00405502
9.54279e-06 0.000155657 0.00413609
1.03168e-05 0.00019102 0.00411487
9.24306e-06 0.000170921 0.00413394
9.38117e-06 0.000175269 0.00413394
9.27639e-06 0.00017741 0.00413394
1.06239e-05 0.000193191 0.00412893
9.98403e-06 0.00019345 0.00417399
9.98622e-06 0.000177501 0.00414801
1.03772e-05 0.000183234 0.00424886
9.52779e-06 0.000180617 0.00482798
9.5395e-06 0.000174897 0.00471807
9.64125e-06 0.00017668 0.00459814
9.31546e-06 0.000183981 0.0045011
9.91603e-06 0.000175411 0.00403905
1.00323e-05 0.000187159 0.00406981
9.61237e-06 0.000175278 0.00404906
9.99346e-06 0.000179765 0.00402904
9.91132e-06 0.000188955 0.00405216
1.01799e-05 0.000179785 0.00401807
9.34071e-06 0.00017128 0.00403619
9.52192e-06 0.000178323 0.00405979
9.32411e-06 0.000162609 0.00403595
9.81961e-06 0.000178196 0.00403214
9.28308e-06 0.000165845 0.00405693
9.79245e-06 0.000181493 0.0040319
1.07151e-05 0.000191114 0.00405002
9.554e-06 0.00017438 0.00408602
9.3948e-06 0.000165943 0.00405097
9.87368e-06 0.000189389 0.00406289
9.67548e-06 0.000171671 0.00403023
9.60092e-06 0.000168275 0.00403595
1.01901e-05 0.000188247 0.00404811
1.00115e-05 0.00017092 0.00405908
