5.59478e-06 2.59039e-05 0.0162539
4.41208e-06 2.24885e-05 0.015949
4.25943e-06 2.00022e-05 0.0161271
4.27004e-06 2.01705e-05 0.0159869
4.20806e-06 1.92537e-05 0.0165489
4.98555e-06 2.28426e-05 0.016134
3.732e-06 1.95481e-05 0.0161321
4.74902e-06 2.23016e-05 0.018986
4.40901e-06 2.05965e-05 0.0165079
4.24857e-06 2.08269e-05 0.0160341
4.60213e-06 2.09624e-05 0.01599
4.70596e-06 2.21329e-05 0.015949
4.39139e-06 2.28373e-05 0.015965
4.89124e-06 2.38736e-05 0.015986
4.2485e-06 2.08907e-05 0.0159969
4.81613e-06 2.21911e-05 0.0159431
3.93798e-06 2.23148e-05 0.016016
4.7382e-06 2.38357e-05 0.0159349
4.8293e-06 2.23069e-05 0.015965
4.93331e-06 2.35668e-05 0.0160789
4.4816e-06 2.02333e-05 0.0161409
4.49446e-06 2.41067e-05 0.01596
4.6277e-06 2.3232e-05 0.01612
4.20902e-06 1.86459e-05 0.016151
4.40937e-06 2.32714e-05 0.0161719
4.506e-06 2.01496e-05 0.0166588
4.44632e-06 1.99154e-05 0.0162139
4.68e-06 2.41462e-05 0.0161929
4.41107e-06 2.06107e-05 0.01599
4.56186e-06 1.94155e-05 0.0160549
5.0976e-06 2.25852e-05 0.0160301
4.22853e-06 2.21339e-05 0.0159941
4.16397e-06 1.93578e-05 0.0160139
4.75542e-06 2.09601e-05 0.0159478
4.32453e-06 1.97045e-05 0.0160499
4.41239e-06 2.14529e-05 0.0160139
4.04161e-06 2.16253e-05 0.0160339
4.06153e-06 2.0276e-05 0.016041
4.4502e-06 2.32748e-05 0.0159731
3.8542e-06 1.92057e-05 0.0159578
4.72889e-06 1.92716e-05 0.016089
4.56356e-06 2.05229e-05 0.0160041
4.96341e-06 2.15298e-05 0.0159612
4.66506e-06 2.16362e-05 0.0160098
4.66307e-06 2.18605e-05 0.016732
4.63127e-06 1.98387e-05 0.0161769
4.80249e-06 2.15907e-05 0.016005
4.46219e-06 2.26826e-05 0.016511
4.50616e-06 2.33707e-05 0.0159721
4.63925e-06 2.27789e-05 0.0161459
