4.8471e-06 1.93929e-05 0.00605607 90
3.98844e-06 1.46272e-05 0.00602508 90
4.13118e-06 1.80754e-05 0.00605488 90
4.57279e-06 1.79469e-05 0.00621605 90
4.50951e-06 2.01714e-05 0.00689602 90
4.37512e-06 1.6297e-05 0.00606489 90
3.99353e-06 1.63802e-05 0.00606298 90
4.98014e-06 2.16723e-05 0.00604701 90
4.31529e-06 1.88807e-05 0.00604916 90
4.33395e-06 1.77463e-05 0.00606108 90
3.99074e-06 1.63955e-05 0.00606704 90
5.4514e-06 2.35558e-05 0.00605798 90
4.8364e-06 1.9877e-05 0.00606298 90
5.20609e-06 1.9661e-05 0.00610399 90
4.47842e-06 1.76905e-05 0.00606084 90
4.24952e-06 1.50635e-05 0.00621009 90
4.55743e-06 1.80358e-05 0.00647998 90
4.80973e-06 1.90007e-05 0.00605488 90
4.85943e-06 2.13824e-05 0.00605607 90
4.12512e-06 1.67994e-05 0.00607181 90
4.38933e-06 1.83497e-05 0.00607681 90
4.45571e-06 1.65973e-05 0.00607681 90
4.27718e-06 1.61462e-05 0.00604486 90
4.63535e-06 1.57124e-05 0.00606179 90
4.97365e-06 1.72741e-05 0.00606585 90
5.23399e-06 2.25877e-05 0.00607991 90
3.91929e-06 1.53441e-05 0.00607109 90
4.7594e-06 1.90217e-05 0.00616288 90
4.49467e-06 1.78505e-05 0.00605392 90
4.43893e-06 1.6698e-05 0.00606799 90
4.58275e-06 1.95581e-05 0.00628114 90
4.51598e-06 1.77652e-05 0.00651217 90
4.75465e-06 1.68534e-05 0.00609803 90
4.85376e-06 1.93173e-05 0.00606418 90
4.89842e-06 2.01879e-05 0.00605798 90
4.36484e-06 1.81486e-05 0.006253 90
4.6909e-06 1.95072e-05 0.006073 90
4.28606e-06 1.76466e-05 0.00614691 90
4.37369e-06 1.80968e-05 0.00619483 90
4.47856e-06 1.76544e-05 0.00622106 90
4.40779e-06 1.80136e-05 0.00605488 90
4.60248e-06 1.75827e-05 0.00606608 90
4.99995e-06 1.87979e-05 0.00605202 90
4.96288e-06 1.87081e-05 0.00610805 90
4.81051e-06 1.86329e-05 0.0060811 90
4.59651e-06 1.84259e-05 0.0061059 90
4.79357e-06 1.9128e-05 0.0060668 90
4.83532e-06 1.71937e-05 0.00606513 90
4.60015e-06 1.93581e-05 0.006078 90
4.2948e-06 1.6033e-05 0.00608087 90
