4.48222e-06 2.24262e-05 0.0077889 410
4.34098e-06 1.92382e-05 0.00819707 410
4.4613e-06 2.18212e-05 0.00795698 410
4.58078e-06 2.18552e-05 0.00802112 410
4.7363e-06 2.22105e-05 0.00788498 410
4.30185e-06 2.12985e-05 0.00796318 410
4.99899e-06 2.32922e-05 0.00826621 410
4.82395e-06 2.392e-05 0.00799894 410
4.56412e-06 2.03282e-05 0.0080092 410
4.19784e-06 2.10565e-05 0.0079329 410
4.79117e-06 2.30388e-05 0.00789595 410
4.66837e-06 2.35121e-05 0.00800705 410
4.6355e-06 2.32864e-05 0.00820899 410
4.6074e-06 2.39131e-05 0.00789309 410
4.37725e-06 2.05635e-05 0.00876498 410
4.45532e-06 1.86691e-05 0.00929284 410
4.13075e-06 2.01666e-05 0.00791001 410
4.419e-06 2.1484e-05 0.00693083 410
4.88859e-06 2.45147e-05 0.00701213 410
4.42047e-06 2.09055e-05 0.00701904 410
4.39973e-06 2.03999e-05 0.006881 410
4.51525e-06 2.20362e-05 0.00697994 410
4.18519e-06 2.13368e-05 0.00687408 410
4.60718e-06 2.3464e-05 0.00689006 410
4.05941e-06 2.2446e-05 0.00686908 410
4.86933e-06 2.36109e-05 0.00688004 410
4.26432e-06 2.24232e-05 0.00686288 410
4.40017e-06 2.07282e-05 0.00690818 410
4.82046e-06 2.56919e-05 0.00682402 410
4.34611e-06 1.81221e-05 0.00707507 410
4.28029e-06 1.95129e-05 0.00684214 410
4.34737e-06 2.03943e-05 0.0068469 410
5.06278e-06 2.05461e-05 0.00683498 410
4.52654e-06 2.25905e-05 0.00704408 410
4.33415e-06 2.41081e-05 0.00703502 410
4.66828e-06 2.03536e-05 0.00687408 410
4.66801e-06 2.31189e-05 0.00686002 410
5.13794e-06 2.41306e-05 0.00905704 410
4.50911e-06 2.16662e-05 0.00802088 410
4.33595e-06 2.14065e-05 0.00712609 410
4.46603e-06 2.24324e-05 0.00702882 410
4.3106e-06 2.216e-05 0.00742888 410
4.62105e-06 2.19046e-05 0.00758791 410
4.15354e-06 1.99443e-05 0.00731683 410
4.41198e-06 2.1251e-05 0.00731993 410
4.80212e-06 2.29816e-05 0.00737214 410
4.51916e-06 1.95197e-05 0.00732183 410
4.15354e-06 2.05901e-05 0.00735402 410
4.76562e-06 2.50527e-05 0.00736713 410
4.15664e-06 1.8899e-05 0.00733399 410
