1.07139e-05 0.000197114 0.00399709
9.97213e-06 0.000194783 0.00399899
1.04435e-05 0.000201316 0.00392604
9.53419e-06 0.000162626 0.00399113
1.03297e-05 0.000185108 0.00401115
9.53573e-06 0.000175878 0.00462317
9.67966e-06 0.000177969 0.00452614
1.00127e-05 0.000176716 0.00454712
1.02778e-05 0.000191666 0.00399804
1.03016e-05 0.000193356 0.00401211
1.16004e-05 0.000206336 0.00402188
9.58795e-06 0.000172031 0.00467706
9.85679e-06 0.000182047 0.00455499
1.01341e-05 0.000194371 0.00401092
9.84207e-06 0.000185187 0.00391102
1.02559e-05 0.000198252 0.00432205
1.004e-05 0.000194715 0.00399399
9.68106e-06 0.000177736 0.00460505
1.01352e-05 0.000201275 0.00402594
1.0502e-05 0.000187511 0.00400281
9.65262e-06 0.000183676 0.00391293
1.00092e-05 0.000191657 0.00394583
9.49919e-06 0.00016051 0.00401878
1.05428e-05 0.000194894 0.00392103
1.0109e-05 0.00018987 0.00400305
9.89532e-06 0.000181553 0.00390291
1.01904e-05 0.000184211 0.00401902
1.00306e-05 0.000184434 0.00391412
9.82621e-06 0.000180644 0.00389504
1.01203e-05 0.000194307 0.00400901
1.02966e-05 0.00018958 0.00397897
9.96371e-06 0.000178964 0.00444102
1.05913e-05 0.000194804 0.00401807
9.81922e-06 0.000178133 0.00401211
9.55419e-06 0.00017192 0.00408101
9.98536e-06 0.000177478 0.00391698
1.03541e-05 0.000185638 0.00401688
1.03665e-05 0.000191704 0.00403786
9.88144e-06 0.000182866 0.00401807
1.03572e-05 0.000180153 0.00401902
1.0028e-05 0.000193691 0.00403285
9.8364e-06 0.000181105 0.00401902
1.01674e-05 0.000191868 0.0042479
1.06121e-05 0.00018889 0.00394583
9.89437e-06 0.000178838 0.00398302
9.86911e-06 0.000185962 0.00393391
1.00492e-05 0.000181828 0.00391698
1.03439e-05 0.000194443 0.00392389
1.04713e-05 0.000185645 0.00391483
1.09835e-05 0.00019301 0.00390887
