6.82483e-06 0.000246623 0.00437593
7.71886e-06 0.000297932 0.00438595
7.05847e-06 0.000284993 0.00440001
6.93272e-06 0.000252324 0.00436282
6.93651e-06 0.000252374 0.00439501
7.04349e-06 0.000247977 0.00444603
7.29116e-06 0.000270408 0.00442696
7.63659e-06 0.000311653 0.00437808
7.41126e-06 0.00027505 0.00440407
7.51479e-06 0.000274171 0.00436997
7.46547e-06 0.000300721 0.00438309
7.6769e-06 0.00027977 0.00438595
7.72545e-06 0.000289242 0.00439405
7.46411e-06 0.000273884 0.00441313
7.43331e-06 0.000283649 0.00440598
7.52707e-06 0.000281493 0.00439501
6.92367e-06 0.000271128 0.00445104
7.67235e-06 0.000284834 0.00445414
6.92058e-06 0.000261739 0.00447202
7.51811e-06 0.000288521 0.00441909
6.9225e-06 0.000268496 0.00444293
6.54551e-06 0.000249252 0.00443196
7.72013e-06 0.000282931 0.00455117
7.48794e-06 0.000283529 0.00442314
7.43011e-06 0.000283928 0.00448394
6.70727e-06 0.000254513 0.00443101
7.74179e-06 0.000272632 0.00445914
7.75718e-06 0.000288444 0.0044322
6.70253e-06 0.000262288 0.00538421
7.02358e-06 0.00026426 0.00491095
7.09674e-06 0.000272737 0.00459695
7.91758e-06 0.000294213 0.0046401
7.0767e-06 0.000280336 0.00462079
7.12654e-06 0.000250268 0.00464296
7.00936e-06 0.00027017 0.00463796
7.23876e-06 0.000273686 0.00467706
7.86763e-06 0.000312797 0.004637
7.43767e-06 0.000270621 0.00461888
7.39738e-06 0.000283114 0.00464606
7.42491e-06 0.000278086 0.00463009
6.81554e-06 0.000251547 0.00464416
7.31369e-06 0.000271873 0.00462484
7.74341e-06 0.000304766 0.00475407
6.83061e-06 0.000255768 0.00463009
7.63464e-06 0.000293757 0.00471997
7.2976e-06 0.000277631 0.0046711
7.70475e-06 0.000298563 0.00469613
7.34447e-06 0.000273695 0.00466013
7.39929e-06 0.000291885 0.00468683
7.2268e-06 0.000282188 0.00465512
