3.72659e-06 7.80913e-06 0.00483084 48
3.06685e-06 7.38826e-06 0.00486803 48
3.00631e-06 5.84252e-06 0.00487804 48
3.60318e-06 7.5872e-06 0.00489283 48
3.66818e-06 7.81487e-06 0.00492215 48
3.2831e-06 7.08538e-06 0.00489593 48
3.29918e-06 6.66997e-06 0.00487518 48
3.80905e-06 7.22691e-06 0.00491095 48
3.74995e-06 7.42311e-06 0.00488305 48
3.61822e-06 7.26863e-06 0.00491095 48
3.23254e-06 7.77085e-06 0.00490999 48
3.33576e-06 7.66499e-06 0.00483799 48
3.27262e-06 6.53486e-06 0.00492406 48
3.13386e-06 9.17171e-06 0.00492001 48
3.41439e-06 8.42659e-06 0.00487614 48
3.74666e-06 7.25893e-06 0.00488496 48
4.03443e-06 8.56827e-06 0.0049541 48
3.50039e-06 7.48716e-06 0.00498295 48
3.64637e-06 7.248e-06 0.00499082 48
3.00534e-06 7.0595e-06 0.00492597 48
2.9732e-06 7.01901e-06 0.00558615 48
3.20378e-06 7.13546e-06 0.00564194 48
3.31942e-06 5.91546e-06 0.0049119 48
3.48013e-06 8.80287e-06 0.00490189 48
3.14791e-06 6.65723e-06 0.00487685 48
3.40301e-06 7.90138e-06 0.00490808 48
3.39754e-06 7.73988e-06 0.00498891 48
2.72689e-06 6.34324e-06 0.00492215 48
3.02658e-06 7.28086e-06 0.00490189 48
3.12365e-06 6.71642e-06 0.00495195 48
3.41734e-06 7.45205e-06 0.00489712 48
3.02245e-06 7.28255e-06 0.00490093 48
3.53074e-06 7.82131e-06 0.00479412 48
3.32545e-06 6.50212e-06 0.00481701 48
3.46296e-06 7.66002e-06 0.00489807 48
2.90558e-06 6.18366e-06 0.00496888 48
4.04491e-06 8.26669e-06 0.00479388 48
3.59164e-06 6.49316e-06 0.00479889 48
3.68918e-06 8.07676e-06 0.00483894 48
2.68437e-06 5.5687e-06 0.00483489 48
2.76918e-06 6.14991e-06 0.00486398 48
3.40568e-06 6.51317e-06 0.00483894 48
3.46025e-06 8.14777e-06 0.005584 48
3.27148e-06 6.26521e-06 0.00550508 48
3.78205e-06 7.24939e-06 0.0048182 48
3.3455e-06 7.50432e-06 0.00482488 48
3.83805e-06 8.39889e-06 0.00485802 48
3.85719e-06 8.41906e-06 0.00482392 48
3.58004e-06 6.46472e-06 0.00483704 48
3.54129e-06 7.12656e-06 0.004807 48
