1.39956e-05 0.000529211 0.00721908 810
1.48856e-05 0.00054813 0.00686312 810
1.53134e-05 0.00055161 0.006217 810
1.41229e-05 0.000519944 0.00703406 810
1.39997e-05 0.000517782 0.00687099 810
1.43323e-05 0.000520503 0.00627303 810
1.47081e-05 0.000523553 0.006387 810
1.35118e-05 0.00049721 0.00623918 810
1.4164e-05 0.000469639 0.00624609 810
1.41469e-05 0.000491028 0.00623107 810
1.48485e-05 0.000551141 0.00623083 810
1.45468e-05 0.000526703 0.00625896 810
1.44554e-05 0.000535875 0.00624609 810
1.45543e-05 0.00055221 0.00625396 810
1.42755e-05 0.000535674 0.00639009 810
1.43706e-05 0.000517531 0.00625992 810
1.44217e-05 0.000544832 0.00625396 810
1.44138e-05 0.000498437 0.00640893 810
1.4156e-05 0.000508077 0.00641108 810
1.40337e-05 0.000500325 0.00687408 810
1.41553e-05 0.000516433 0.00685096 810
1.45868e-05 0.000539962 0.00684595 810
1.41961e-05 0.000524939 0.00693607 810
1.44127e-05 0.000522513 0.00699902 810
1.43431e-05 0.000516088 0.00701594 810
1.4073e-05 0.000505735 0.00684905 810
1.43264e-05 0.000513113 0.0068419 810
1.42476e-05 0.000523979 0.00650215 810
1.49656e-05 0.000545778 0.006495 810
1.39774e-05 0.000514006 0.00655413 810
1.40875e-05 0.000516919 0.00645494 810
1.4175e-05 0.000517204 0.00642705 810
1.48598e-05 0.000538941 0.0064671 810
1.41597e-05 0.000517468 0.00621891 810
1.45785e-05 0.000527271 0.0065701 810
1.43273e-05 0.000518038 0.00654888 810
1.44944e-05 0.000530479 0.00642395 810
1.45166e-05 0.000529239 0.00653195 810
1.38283e-05 0.000493824 0.00649095 810
1.47147e-05 0.000528823 0.00643206 810
1.41215e-05 0.000518049 0.00650692 810
1.44197e-05 0.000528814 0.0063622 810
1.40989e-05 0.000495471 0.00642419 810
1.40292e-05 0.000533414 0.00639701 810
1.41425e-05 0.000533733 0.00644302 810
1.43849e-05 0.000506254 0.00650787 810
1.41056e-05 0.000505911 0.00650001 810
1.45598e-05 0.000556283 0.00653982 810
1.4608e-05 0.000517839 0.00661302 810
1.34666e-05 0.000492915 0.00647712 810
