1.03844e-05 0.000193374 0.00392604
1.00959e-05 0.000180123 0.00407314
1.01998e-05 0.000182323 0.00391984
1.06215e-05 0.000193275 0.00395393
9.36654e-06 0.000174678 0.00401497
9.79608e-06 0.00017922 0.00395608
9.76534e-06 0.00017731 0.0044899
9.86459e-06 0.000175074 0.00392199
9.87278e-06 0.000177412 0.00402594
9.78302e-06 0.000171959 0.00390196
9.98861e-06 0.000174233 0.00399184
9.53549e-06 0.000178112 0.00428391
9.2202e-06 0.000169741 0.00398397
1.01146e-05 0.000191898 0.0039959
9.93913e-06 0.000186898 0.00398898
9.92996e-06 0.00017495 0.00398207
1.0778e-05 0.000196039 0.00401616
1.0367e-05 0.00018878 0.00412488
9.94696e-06 0.000183468 0.00401211
1.05335e-05 0.000192755 0.00399709
9.28011e-06 0.000180314 0.00401497
9.98154e-06 0.000176375 0.00403404
9.71287e-06 0.000181847 0.00458407
1.03499e-05 0.000192247 0.00397396
1.02675e-05 0.000191199 0.00413013
9.43866e-06 0.000168034 0.00412083
1.04308e-05 0.000190784 0.00400519
9.76996e-06 0.000178301 0.00400996
9.5582e-06 0.000172736 0.00392795
1.06186e-05 0.000185741 0.00402689
1.01857e-05 0.000183659 0.00400305
1.07028e-05 0.00019195 0.00397706
1.01954e-05 0.000183755 0.00402308
1.04566e-05 0.000202318 0.00400519
1.06836e-05 0.000195356 0.00397706
1.07551e-05 0.000196657 0.00407696
9.52466e-06 0.000172335 0.00402904
1.05541e-05 0.000204636 0.00401902
9.95552e-06 0.000179716 0.00396299
9.95929e-06 0.000181555 0.004035
9.9458e-06 0.000182538 0.00398397
1.00323e-05 0.000185434 0.00398993
1.02391e-05 0.000185694 0.00400281
9.70014e-06 0.000184881 0.00399017
1.06048e-05 0.000200586 0.00401306
9.90683e-06 0.000185606 0.00401616
1.00161e-05 0.000179665 0.00405097
9.91533e-06 0.000196903 0.00396395
1.02732e-05 0.000208368 0.00401688
1.0311e-05 0.000189195 0.00404
