1.0352e-05 0.000181468 0.00612783 410
1.02623e-05 0.000189155 0.00609899 410
9.96834e-06 0.000181828 0.00611615 410
9.77881e-06 0.000187457 0.00624108 410
1.00976e-05 0.00017615 0.00625682 410
9.86063e-06 0.00017709 0.00611901 410
1.03969e-05 0.000190845 0.00610709 410
1.0386e-05 0.000185099 0.00626898 410
9.73657e-06 0.000168807 0.00610685 410
1.05993e-05 0.000193981 0.00611305 410
9.86901e-06 0.000177475 0.00612211 410
1.03673e-05 0.000186589 0.00668192 410
1.00041e-05 0.000181946 0.00682497 410
1.02235e-05 0.000189917 0.00676489 410
9.97224e-06 0.000177144 0.00668502 410
1.036e-05 0.000196463 0.00673699 410
1.04933e-05 0.000193552 0.00690198 410
1.01501e-05 0.000181331 0.00689006 410
9.82556e-06 0.000177443 0.0067451 410
9.99885e-06 0.000188385 0.00663686 410
9.43984e-06 0.00017203 0.00668001 410
9.62495e-06 0.000175203 0.00676298 410
1.01712e-05 0.000189055 0.00669384 410
1.04916e-05 0.000183434 0.00668192 410
9.44315e-06 0.000186569 0.00676107 410
1.02879e-05 0.000183834 0.00678205 410
1.04871e-05 0.00018149 0.00686312 410
1.01038e-05 0.000190749 0.00674295 410
1.00824e-05 0.000189313 0.00670505 410
1.02269e-05 0.000188426 0.00685501 410
1.00613e-05 0.000188975 0.00671697 410
9.97453e-06 0.000185737 0.00677609 410
1.06142e-05 0.000185386 0.00673318 410
1.02551e-05 0.000189122 0.00662899 410
9.76093e-06 0.000179998 0.00675797 410
1.03282e-05 0.000194526 0.00672388 410
1.01541e-05 0.000187724 0.0068171 410
1.03346e-05 0.000199991 0.00679207 410
9.45773e-06 0.000173237 0.00677085 410
1.03167e-05 0.00018977 0.00671482 410
1.06794e-05 0.000199176 0.00676203 410
9.50059e-06 0.00018008 0.00680685 410
9.94474e-06 0.000176533 0.00673819 410
1.01995e-05 0.000182474 0.00676894 410
9.89492e-06 0.000188585 0.00671411 410
1.00993e-05 0.000188202 0.00685096 410
9.89975e-06 0.000182716 0.00675678 410
1.00548e-05 0.00018013 0.00669003 410
1.03133e-05 0.00019397 0.00679207 410
9.7513e-06 0.000198165 0.00680184 410
