8.28546e-06 0.000124779 0.00405598
8.55104e-06 0.000130251 0.00447297
8.05282e-06 0.000115248 0.00408602
8.40734e-06 0.000130725 0.00406814
8.13343e-06 0.00012404 0.00411296
8.77582e-06 0.000133842 0.00415087
8.40505e-06 0.000132571 0.00414896
8.71724e-06 0.000134248 0.00487494
9.10565e-06 0.000137711 0.00490189
8.56951e-06 0.000135111 0.00429797
8.98461e-06 0.000135008 0.00406981
8.45761e-06 0.000127179 0.004076
8.663e-06 0.000130347 0.00405908
8.43269e-06 0.000133271 0.00423098
8.94765e-06 0.00013296 0.00415397
8.46756e-06 0.000128507 0.00406408
8.58985e-06 0.00014162 0.00404787
8.93383e-06 0.000139583 0.00406504
7.98596e-06 0.000126425 0.00406313
8.15273e-06 0.000123622 0.00427794
8.20047e-06 0.000127852 0.00435209
8.41316e-06 0.000130589 0.00507903
8.38407e-06 0.000129153 0.00487709
8.34165e-06 0.000129594 0.00484395
8.85684e-06 0.000137439 0.00411916
8.2085e-06 0.000126801 0.00408721
9.3498e-06 0.000152758 0.00416493
8.8636e-06 0.000138061 0.00436592
8.64124e-06 0.000139969 0.00416994
8.26284e-06 0.000127523 0.00411892
8.27211e-06 0.00012806 0.00418997
8.74852e-06 0.000138311 0.00412202
8.8184e-06 0.000138162 0.00416303
8.40476e-06 0.000137311 0.00413418
8.66744e-06 0.000133772 0.00406218
8.66043e-06 0.000132433 0.00419211
8.7179e-06 0.000130897 0.00411987
8.92425e-06 0.000125981 0.00411797
8.65751e-06 0.00013904 0.00413895
8.57799e-06 0.00013253 0.00411415
8.37256e-06 0.000136216 0.00416112
8.48905e-06 0.000133913 0.00409484
8.97745e-06 0.000145042 0.00410485
8.21527e-06 0.000132513 0.00415206
8.40231e-06 0.000136295 0.00417018
8.6943e-06 0.000140068 0.00417686
8.68269e-06 0.00013474 0.00413179
8.74379e-06 0.000136019 0.00418401
8.72682e-06 0.000126523 0.00417519
8.03102e-06 0.000124594 0.00416303
