8.55927e-06 0.000128546 0.00551891
8.47429e-06 0.000128328 0.00540304
8.50803e-06 0.000138857 0.00538898
8.18082e-06 0.00012415 0.00535989
8.7588e-06 0.000126168 0.00540805
8.71691e-06 0.000126503 0.00541615
8.99365e-06 0.000132711 0.00537491
8.06491e-06 0.000129943 0.005409
8.33677e-06 0.000130493 0.00557685
8.49072e-06 0.000134084 0.00635004
8.48975e-06 0.000135355 0.00638604
8.82949e-06 0.000135369 0.00545001
8.92935e-06 0.000140956 0.00533891
9.05526e-06 0.00014175 0.00541806
8.66445e-06 0.000132572 0.00543308
9.15813e-06 0.000135936 0.00541496
8.63e-06 0.000136906 0.00559115
8.96267e-06 0.000142789 0.00543809
8.42762e-06 0.000130833 0.00544095
8.59907e-06 0.000131491 0.00547791
9.1206e-06 0.000135261 0.00541091
8.74235e-06 0.000129441 0.00538993
8.65471e-06 0.000123341 0.00540686
8.36836e-06 0.000131411 0.00543404
7.77833e-06 0.000120928 0.005409
8.76213e-06 0.000144513 0.00538707
8.13252e-06 0.000124585 0.00545597
8.37747e-06 0.000116218 0.00549603
9.23868e-06 0.00014276 0.00537992
8.80936e-06 0.000125553 0.00540996
8.1886e-06 0.000125578 0.00542784
8.86513e-06 0.000129353 0.00566101
8.46077e-06 0.000137049 0.0054059
8.50808e-06 0.000133708 0.005476
8.0718e-06 0.000123539 0.00545406
8.70396e-06 0.000128007 0.00542998
8.64674e-06 0.000143708 0.00545311
8.75573e-06 0.000138248 0.0054462
9.18301e-06 0.000130202 0.00544906
9.25177e-06 0.000154643 0.00541401
8.33862e-06 0.000126145 0.00538993
9.17386e-06 0.000144793 0.00552702
8.5521e-06 0.000119823 0.00549293
8.72223e-06 0.000143086 0.00542188
8.27317e-06 0.000128952 0.00539303
9.05475e-06 0.000146844 0.00536799
8.64045e-06 0.000129126 0.00542498
7.98591e-06 0.000122905 0.00541377
7.79106e-06 0.000110456 0.005445
8.01306e-06 0.000129813 0.00546479
