4.76267e-06 2.21699e-05 0.0108402
4.61701e-06 2.34108e-05 0.010443
4.78445e-06 2.21157e-05 0.010483
4.71408e-06 2.36572e-05 0.0105259
4.71917e-06 2.13536e-05 0.010479
4.71816e-06 2.30885e-05 0.0105159
4.84087e-06 1.99632e-05 0.0106142
4.69972e-06 2.26141e-05 0.0105629
4.57965e-06 2.06563e-05 0.010478
4.48708e-06 1.95433e-05 0.0104799
4.36225e-06 2.33448e-05 0.0105109
4.69434e-06 2.01775e-05 0.0104721
4.49942e-06 2.13971e-05 0.0104849
4.70668e-06 2.01321e-05 0.0105529
5.33888e-06 2.26337e-05 0.010453
4.52723e-06 2.32027e-05 0.012903
3.9926e-06 1.84241e-05 0.0110271
4.44159e-06 2.23118e-05 0.0104849
4.69345e-06 2.15435e-05 0.0105319
4.43081e-06 2.39838e-05 0.010493
4.39998e-06 2.02757e-05 0.010468
4.91454e-06 2.28708e-05 0.0104611
4.93294e-06 2.40396e-05 0.0104029
4.62789e-06 2.43293e-05 0.0107622
4.20043e-06 2.00862e-05 0.010514
4.9789e-06 2.32419e-05 0.010452
4.11377e-06 1.91773e-05 0.010498
4.87973e-06 2.24459e-05 0.0104482
4.64508e-06 2.24717e-05 0.0105431
3.97321e-06 2.0129e-05 0.0106711
4.57172e-06 2.27032e-05 0.0105219
4.22937e-06 2.19889e-05 0.0104709
4.06018e-06 2.06336e-05 0.010582
4.30872e-06 2.21281e-05 0.0104849
4.50836e-06 2.01893e-05 0.0107758
5.06708e-06 2.73791e-05 0.0105309
4.78243e-06 2.3685e-05 0.0104749
4.642e-06 1.97663e-05 0.0104709
4.89996e-06 2.5651e-05 0.0104661
4.85262e-06 2.06052e-05 0.0104978
4.78376e-06 2.34701e-05 0.01057
4.52608e-06 2.00332e-05 0.0104899
4.86121e-06 2.4405e-05 0.0104551
4.15449e-06 1.72501e-05 0.0104771
4.94619e-06 2.67404e-05 0.0104549
4.26979e-06 2.22595e-05 0.0104902
4.88532e-06 2.09397e-05 0.0105178
5.15211e-06 2.06451e-05 0.0104749
4.06748e-06 2.08356e-05 0.0104759
4.40831e-06 2.37713e-05 0.0104518
