1.06948e-05 0.000194937 0.00516319
9.86804e-06 0.000182525 0.00524592
9.76861e-06 0.00017907 0.00524402
1.03369e-05 0.000192713 0.00523591
9.62249e-06 0.000172069 0.00522184
9.63315e-06 0.000177095 0.00539804
1.06632e-05 0.000196889 0.00547695
1.03205e-05 0.000192983 0.00532913
1.00356e-05 0.000191064 0.00526118
9.89636e-06 0.000177422 0.00524497
9.56375e-06 0.000174659 0.0056541
9.87546e-06 0.000184328 0.00527382
9.93677e-06 0.000174145 0.00523806
1.01493e-05 0.000174614 0.00717402
9.9116e-06 0.000172761 0.00523901
1.05289e-05 0.000198214 0.00521207
1.01505e-05 0.0001871 0.00523806
9.63476e-06 0.00017866 0.0054791
1.01041e-05 0.000176523 0.00535893
1.00212e-05 0.000182615 0.00517297
9.7114e-06 0.000179117 0.00499487
9.68225e-06 0.000170389 0.00511289
9.75612e-06 0.000182295 0.00511098
1.01279e-05 0.000184657 0.00495911
1.03708e-05 0.000192473 0.00496483
1.07412e-05 0.000201385 0.00494909
1.00542e-05 0.000185324 0.00496888
1.01547e-05 0.000191738 0.00503707
9.93665e-06 0.000186844 0.00499105
1.00014e-05 0.000179864 0.00496793
9.9408e-06 0.00018776 0.00497508
1.07299e-05 0.000197397 0.00499201
1.05446e-05 0.000186054 0.00498796
1.07679e-05 0.000199987 0.00497198
9.97158e-06 0.000185129 0.00498891
1.05563e-05 0.00019292 0.00497103
9.75637e-06 0.000186779 0.00497007
1.07217e-05 0.000193906 0.00495982
9.97494e-06 0.000180313 0.0049839
1.04552e-05 0.000200216 0.00496197
1.00296e-05 0.00017784 0.00496602
1.03084e-05 0.000186005 0.00495505
1.06781e-05 0.000208217 0.00496793
1.06358e-05 0.000199893 0.00497103
9.86834e-06 0.000174909 0.004951
9.7755e-06 0.000180959 0.00497484
9.06359e-06 0.000168037 0.00494504
1.03135e-05 0.00019472 0.00497103
9.46171e-06 0.000179696 0.00499988
1.0142e-05 0.000196309 0.00498605
