2.4628e-06 3.92303e-06 0.00371695 26
3.41669e-06 5.65565e-06 0.00370598 26
3.4307e-06 4.7932e-06 0.00371194 26
2.49238e-06 4.89897e-06 0.00389314 26
2.33365e-06 3.73608e-06 0.00378299 26
2.91624e-06 5.02076e-06 0.00373197 26
2.99596e-06 3.33977e-06 0.0037241 26
3.6575e-06 5.94622e-06 0.00380087 26
2.76979e-06 4.2689e-06 0.00378489 26
2.38637e-06 4.37103e-06 0.00379491 26
2.54176e-06 3.27016e-06 0.00379896 26
2.04025e-06 3.22544e-06 0.00380778 26
3.13605e-06 5.05971e-06 0.0037601 26
2.22144e-06 3.49015e-06 0.00381207 26
2.32509e-06 3.97661e-06 0.00379896 26
2.36796e-06 3.82677e-06 0.00392389 26
3.19919e-06 6.06864e-06 0.00431204 26
2.4707e-06 3.63223e-06 0.00378513 26
2.83496e-06 4.38517e-06 0.00380683 26
2.88841e-06 4.63245e-06 0.00389218 26
2.75118e-06 5.00142e-06 0.003829 26
2.86778e-06 4.63674e-06 0.00382113 26
3.02827e-06 4.73247e-06 0.00378013 26
3.08328e-06 5.33156e-06 0.00381494 26
2.95758e-06 4.653e-06 0.00396299 26
3.32049e-06 5.73827e-06 0.00383592 26
2.49974e-06 4.05598e-06 0.00380898 26
3.23498e-06 5.50104e-06 0.0039041 26
2.8993e-06 4.83429e-06 0.00382113 26
3.92296e-06 6.60744e-06 0.00378609 26
2.62347e-06 5.50101e-06 0.00391293 26
3.37132e-06 5.83752e-06 0.00375199 26
3.23176e-06 4.94283e-06 0.00385308 26
2.93888e-06 4.32954e-06 0.00384307 26
3.22259e-06 5.0781e-06 0.0038352 26
3.47751e-06 5.6511e-06 0.00383687 26
2.45984e-06 4.98556e-06 0.00379682 26
2.69018e-06 3.88365e-06 0.00380802 26
3.10597e-06 5.30928e-06 0.00379205 26
2.13266e-06 4.084e-06 0.00380707 26
2.4716e-06 3.49524e-06 0.00383592 26
2.23283e-06 3.79543e-06 0.00383997 26
3.35657e-06 5.5218e-06 0.00390983 26
2.23187e-06 4.16781e-06 0.00381398 26
2.38848e-06 3.3938e-06 0.00381303 26
2.96676e-06 4.59626e-06 0.00395894 26
2.7271e-06 4.68848e-06 0.00392604 26
2.50662e-06 3.93219e-06 0.00381684 26
3.43597e-06 5.7066e-06 0.00383091 26
3.11395e-06 4.16952e-06 0.00384402 26
