3.11364e-05 0.00535568 0.00937796 4010
3.12208e-05 0.00537215 0.00829983 4010
3.09969e-05 0.00523741 0.00827885 4010
3.0109e-05 0.00509852 0.00830412 4010
3.03853e-05 0.0052519 0.00830603 4010
3.12333e-05 0.00533332 0.00810289 4010
3.09693e-05 0.00529798 0.00824094 4010
3.03618e-05 0.00526644 0.00809097 4010
3.02066e-05 0.00519506 0.00811195 4010
3.06633e-05 0.00510004 0.0081439 4010
3.13044e-05 0.00528049 0.00835586 4010
3.08534e-05 0.00533916 0.00831604 4010
3.07438e-05 0.00518407 0.008111 4010
3.0436e-05 0.00519707 0.00811195 4010
3.03956e-05 0.00527839 0.00891018 4010
3.05429e-05 0.00527772 0.00914693 4010
3.09352e-05 0.00522111 0.00901508 4010
3.13541e-05 0.00544216 0.00915408 4010
3.07524e-05 0.00530732 0.00895 4010
3.06636e-05 0.00520818 0.00913692 4010
3.10114e-05 0.00537583 0.00907707 4010
3.07865e-05 0.00517091 0.00911093 4010
3.07869e-05 0.00528291 0.00910902 4010
3.05799e-05 0.00522449 0.00920105 4010
3.08234e-05 0.00526062 0.00912499 4010
3.10515e-05 0.00534597 0.00908589 4010
3.07008e-05 0.00524222 0.00908089 4010
3.08823e-05 0.00536314 0.00909615 4010
3.12922e-05 0.00544109 0.00910807 4010
3.15703e-05 0.00527794 0.00905395 4010
3.06503e-05 0.00514825 0.00908804 4010
3.07622e-05 0.00517232 0.00911379 4010
3.05737e-05 0.00528016 0.00914907 4010
3.07847e-05 0.00519773 0.00904679 4010
3.06053e-05 0.00526631 0.00925684 4010
3.05112e-05 0.0051385 0.00908399 4010
3.02618e-05 0.00519073 0.00903893 4010
3.03584e-05 0.00521125 0.00908494 4010
3.04413e-05 0.00519039 0.00913596 4010
3.05417e-05 0.00509555 0.00915003 4010
3.0631e-05 0.00519905 0.00911593 4010
3.13828e-05 0.00543012 0.00834394 4010
3.07149e-05 0.00517516 0.00842404 4010
3.06913e-05 0.00515159 0.00841498 4010
3.0763e-05 0.00525104 0.0083859 4010
3.08856e-05 0.00535383 0.00841808 4010
3.10301e-05 0.00529168 0.00837994 4010
3.10382e-05 0.00528784 0.00841403 4010
3.04866e-05 0.005267 0.00833917 4010
3.07543e-05 0.00532562 0.00850511 4010
