9.66188e-06 0.000160033 0.00323701
9.31566e-06 0.00015639 0.0032289
9.05355e-06 0.000142561 0.00322914
1.00452e-05 0.000173318 0.00373983
9.32097e-06 0.000154073 0.00366592
8.90429e-06 0.000150131 0.00367808
9.57724e-06 0.000159824 0.00355315
9.86154e-06 0.000156978 0.003227
9.31073e-06 0.0001586 0.003227
9.15321e-06 0.000145633 0.00347495
9.00466e-06 0.000155149 0.00375319
9.47614e-06 0.000164147 0.00376606
9.1224e-06 0.00015759 0.00356007
9.13639e-06 0.000150859 0.00322604
9.26832e-06 0.000158389 0.00316882
9.03724e-06 0.000156152 0.00379515
9.44413e-06 0.000152193 0.00323296
9.37442e-06 0.000154507 0.00324702
9.22289e-06 0.000151639 0.00323606
9.43467e-06 0.000145452 0.00358582
8.57763e-06 0.000145035 0.00325012
9.11915e-06 0.0001593 0.00321603
9.48015e-06 0.000160193 0.00323081
8.4579e-06 0.000146947 0.00327587
9.0431e-06 0.000152468 0.0032599
9.0494e-06 0.000162832 0.00322199
9.65094e-06 0.000168431 0.00329185
9.27566e-06 0.000162278 0.00329494
8.83914e-06 0.000152426 0.00332713
9.33392e-06 0.000159072 0.00337219
8.70129e-06 0.000141576 0.00329494
9.1574e-06 0.000153587 0.00333118
8.73637e-06 0.000150676 0.0032959
8.96144e-06 0.000155064 0.00324297
8.79347e-06 0.000142972 0.00328803
8.56742e-06 0.000142384 0.00329113
9.31314e-06 0.00016291 0.00323105
8.76709e-06 0.000153456 0.00332904
9.22885e-06 0.000158841 0.00328302
8.96456e-06 0.000152642 0.00328517
8.95155e-06 0.00014618 0.00328994
9.49195e-06 0.000158108 0.00328112
8.64759e-06 0.00013452 0.00324893
9.7356e-06 0.000176539 0.00329185
8.95701e-06 0.000149294 0.00325799
8.74539e-06 0.000149924 0.00327301
9.34892e-06 0.000154983 0.00328302
9.11688e-06 0.00015773 0.00326896
8.9487e-06 0.000146511 0.00331807
9.13936e-06 0.000149316 0.0033021
