3.65983e-06 8.82232e-06 0.00610399 50
3.58802e-06 7.92534e-06 0.006248 50
2.98632e-06 5.67186e-06 0.00632596 50
2.99368e-06 8.34954e-06 0.00631809 50
3.66196e-06 7.31483e-06 0.0067842 50
3.88757e-06 9.37284e-06 0.0062139 50
3.92817e-06 8.59751e-06 0.00664997 50
3.36271e-06 7.56826e-06 0.00624394 50
2.94488e-06 6.62749e-06 0.007658 50
3.12211e-06 7.12387e-06 0.00648308 50
3.10885e-06 6.74297e-06 0.00614214 50
3.21572e-06 7.42054e-06 0.00619602 50
3.41616e-06 6.56897e-06 0.00635099 50
3.09301e-06 8.2732e-06 0.00618696 50
3.74399e-06 9.29625e-06 0.00612593 50
3.28816e-06 8.86951e-06 0.00623703 50
3.05106e-06 7.25689e-06 0.00611401 50
4.18928e-06 9.0112e-06 0.00674987 50
3.24041e-06 7.81575e-06 0.00614095 50
3.86546e-06 7.69181e-06 0.00611496 50
3.52939e-06 8.34063e-06 0.00619292 50
3.83008e-06 8.10436e-06 0.00637913 50
3.72833e-06 7.56491e-06 0.00645018 50
3.62547e-06 7.93662e-06 0.00618911 50
3.20862e-06 7.89586e-06 0.00612617 50
3.80765e-06 1.00708e-05 0.0062499 50
3.37565e-06 7.13904e-06 0.00626493 50
3.69125e-06 9.60154e-06 0.00614285 50
3.80899e-06 8.06407e-06 0.00611901 50
2.99901e-06 8.08604e-06 0.00619221 50
3.28297e-06 8.71386e-06 0.00789905 50
4.08211e-06 8.71953e-06 0.00730205 50
3.07295e-06 7.85999e-06 0.00934482 50
3.22774e-06 7.11457e-06 0.00611305 50
3.26955e-06 9.74754e-06 0.006145 50
3.59365e-06 8.3825e-06 0.00609803 50
3.3192e-06 7.14133e-06 0.00611496 50
3.62173e-06 9.34173e-06 0.00610805 50
3.18803e-06 7.66114e-06 0.00658512 50
3.42093e-06 7.50252e-06 0.00611782 50
3.38339e-06 8.31779e-06 0.00622892 50
3.12324e-06 7.81244e-06 0.00621605 50
3.14407e-06 8.12993e-06 0.00611687 50
3.27944e-06 6.96721e-06 0.00611305 50
3.14881e-06 5.589e-06 0.00622892 50
3.71495e-06 9.55714e-06 0.00609994 50
2.97519e-06 5.67253e-06 0.00643086 50
3.35115e-06 7.43751e-06 0.00613809 50
3.36015e-06 6.701e-06 0.00617504 50
2.27697e-06 5.66203e-06 0.00620294 50
