4.63712e-06 2.43043e-05 0.0120671 4008
4.569e-06 2.10558e-05 0.0121112 4008
4.66098e-06 2.02212e-05 0.011991 4008
5.13097e-06 2.23503e-05 0.012002 4008
4.35129e-06 2.10798e-05 0.012053 4008
4.29386e-06 2.09949e-05 0.011776 4008
4.68397e-06 2.15239e-05 0.0117209 4008
4.48878e-06 2.24656e-05 0.0119681 4008
4.36703e-06 1.85642e-05 0.0125761 4008
4.26376e-06 2.22863e-05 0.0118561 4008
4.76944e-06 2.09021e-05 0.011842 4008
4.54343e-06 2.19502e-05 0.012104 4008
5.14823e-06 2.37988e-05 0.0117939 4008
4.41343e-06 2.19441e-05 0.013133 4008
4.59726e-06 2.04626e-05 0.0147359 4008
4.87646e-06 2.18864e-05 0.0148108 4008
4.9163e-06 2.21844e-05 0.0120029 4008
4.89966e-06 2.51337e-05 0.011884 4008
4.49079e-06 2.38752e-05 0.0167758 4008
4.28795e-06 2.09711e-05 0.014106 4008
4.28531e-06 2.05482e-05 0.0119879 4008
4.29073e-06 1.98971e-05 0.011729 4008
4.49189e-06 1.97899e-05 0.0121181 4008
4.28787e-06 2.01198e-05 0.0123541 4008
4.83613e-06 2.03248e-05 0.012315 4008
5.08174e-06 2.54933e-05 0.011816 4008
4.38408e-06 2.13805e-05 0.0118291 4008
4.95319e-06 2.42691e-05 0.0128312 4008
4.10162e-06 1.87612e-05 0.0120699 4008
4.2192e-06 2.31401e-05 0.011826 4008
3.81992e-06 2.01858e-05 0.0127521 4008
4.76573e-06 2.47077e-05 0.0118191 4008
4.85444e-06 2.59977e-05 0.0117669 4008
4.69994e-06 2.29722e-05 0.0118148 4008
4.25039e-06 2.07267e-05 0.0120351 4008
5.11624e-06 2.20589e-05 0.0120599 4008
4.03571e-06 2.11714e-05 0.011869 4008
4.85631e-06 2.16648e-05 0.0118501 4008
4.89569e-06 2.16216e-05 0.011764 4008
4.56612e-06 2.06571e-05 0.011827 4008
4.83928e-06 2.05903e-05 0.0119109 4008
4.51453e-06 2.04905e-05 0.0124741 4008
4.51825e-06 2.15641e-05 0.0123959 4008
4.76556e-06 2.09462e-05 0.0118461 4008
5.219e-06 2.61494e-05 0.011776 4008
4.99854e-06 2.35013e-05 0.011867 4008
4.79089e-06 2.38051e-05 0.011874 4008
4.79626e-06 2.15659e-05 0.011826 4008
4.85222e-06 2.21688e-05 0.011771 4008
4.07896e-06 1.91932e-05 0.0117369 4008
