7.08971e-06 9.52246e-05 0.005229
7.31148e-06 0.000103043 0.00523496
7.22913e-06 9.49349e-05 0.0052669
7.64369e-06 0.000104295 0.00473404
7.40712e-06 0.00010418 0.0052669
7.76739e-06 0.000100701 0.00521398
6.76319e-06 9.86698e-05 0.00525808
7.20692e-06 9.83183e-05 0.00536418
7.40743e-06 0.000105524 0.00530005
7.71922e-06 0.000101698 0.00521302
7.02223e-06 0.000106998 0.00522208
7.12958e-06 0.000101231 0.00521994
6.65505e-06 9.06734e-05 0.00506401
7.61199e-06 0.000108012 0.00526381
6.89035e-06 9.73081e-05 0.00528884
7.12815e-06 9.27745e-05 0.0052309
7.27237e-06 0.000106789 0.00524783
7.36673e-06 9.44065e-05 0.00520301
6.90809e-06 9.13379e-05 0.005229
7.66914e-06 9.85513e-05 0.00533986
6.81931e-06 8.90041e-05 0.00525212
7.55072e-06 0.000101591 0.00525212
7.09447e-06 9.73643e-05 0.00527596
7.66387e-06 0.000101447 0.00525308
7.11969e-06 0.000100464 0.00524187
7.0118e-06 9.36681e-05 0.00530291
6.63396e-06 8.55671e-05 0.00528097
7.64294e-06 9.5677e-05 0.00520897
7.58797e-06 0.000104629 0.0052259
7.54141e-06 9.56057e-05 0.005234
7.64872e-06 9.91143e-05 0.00527096
7.05863e-06 9.24834e-05 0.00533104
7.30904e-06 9.82259e-05 0.00533605
7.57433e-06 0.000107872 0.00524902
7.36625e-06 0.000100921 0.00520301
7.19505e-06 9.80075e-05 0.00522304
8.08892e-06 0.000106308 0.00527692
6.96967e-06 0.000101526 0.00532484
7.35869e-06 0.000109217 0.00527406
6.7921e-06 9.71707e-05 0.00523996
7.30652e-06 9.65656e-05 0.00522494
6.9027e-06 9.32832e-05 0.00521398
6.99979e-06 0.000103632 0.00523186
7.83857e-06 0.000107282 0.00552702
7.141e-06 9.83317e-05 0.00526714
7.54428e-06 9.69206e-05 0.00532317
7.15332e-06 9.65235e-05 0.00526285
7.286e-06 0.000106497 0.005265
6.53094e-06 8.07473e-05 0.00525808
7.5289e-06 0.000101048 0.0052228
