4.99558e-06 2.48362e-05 0.00711298 806
4.65871e-06 2.07224e-05 0.00726795 806
4.63904e-06 2.21339e-05 0.00709915 806
4.66871e-06 2.37621e-05 0.007411 806
4.73145e-06 2.15635e-05 0.00709796 806
4.81499e-06 2.34801e-05 0.00718594 806
4.62387e-06 2.08951e-05 0.007303 806
4.55442e-06 2.25204e-05 0.00710607 806
4.27174e-06 2.02792e-05 0.00714493 806
4.77266e-06 2.04479e-05 0.00708604 806
4.30429e-06 2.14223e-05 0.00709891 806
4.95178e-06 2.33868e-05 0.00710392 806
4.65674e-06 2.03561e-05 0.00710988 806
4.49098e-06 2.27492e-05 0.00711393 806
4.77802e-06 2.14676e-05 0.00710106 806
4.79338e-06 2.19293e-05 0.00710988 806
4.15839e-06 1.93986e-05 0.00713396 806
4.47815e-06 2.29505e-05 0.00719905 806
5.0316e-06 2.26603e-05 0.00712204 806
5.02411e-06 2.17212e-05 0.00710511 806
4.81647e-06 2.06768e-05 0.00991702 806
4.62159e-06 2.03897e-05 0.00800896 806
4.19151e-06 1.8653e-05 0.00713301 806
4.9067e-06 2.50207e-05 0.00711107 806
4.17905e-06 1.8297e-05 0.0070951 806
5.11847e-06 2.38687e-05 0.00710607 806
3.91737e-06 1.9311e-05 0.00715089 806
4.46901e-06 2.14364e-05 0.00709987 806
4.34668e-06 2.17399e-05 0.00711513 806
4.22752e-06 2.31278e-05 0.00710797 806
4.08886e-06 2.26638e-05 0.00714517 806
4.63611e-06 2.25137e-05 0.00714803 806
4.51502e-06 2.12063e-05 0.00711489 806
4.77954e-06 2.45532e-05 0.00711393 806
3.94944e-06 1.96203e-05 0.00711012 806
4.51237e-06 2.25998e-05 0.00713897 806
4.59588e-06 2.07473e-05 0.00711393 806
4.24929e-06 2.2368e-05 0.00730181 806
4.91112e-06 2.54574e-05 0.00717783 806
4.38174e-06 1.88241e-05 0.00866413 806
4.85427e-06 2.17965e-05 0.00854611 806
4.46701e-06 2.24204e-05 0.00849509 806
4.84112e-06 2.33715e-05 0.00766087 806
4.10676e-06 1.90259e-05 0.00711703 806
4.04612e-06 1.8729e-05 0.00712299 806
4.28273e-06 1.98257e-05 0.00712109 806
4.09912e-06 2.11813e-05 0.00717187 806
4.05422e-06 1.92227e-05 0.00718307 806
5.00436e-06 2.57396e-05 0.00714898 806
4.33386e-06 2.14351e-05 0.00712204 806
