1.00075e-05 0.000157278 0.00475192
9.14602e-06 0.000150699 0.00452995
8.863e-06 0.000145964 0.00399303
9.24877e-06 0.00016245 0.00404692
1.00144e-05 0.000168875 0.00420594
9.21767e-06 0.000155155 0.0040071
9.03974e-06 0.000147364 0.00401497
8.94517e-06 0.000152619 0.00401187
9.097e-06 0.000158451 0.00402904
8.77523e-06 0.00014409 0.00402808
9.37989e-06 0.000158951 0.00401807
9.36941e-06 0.000157017 0.00403905
9.2174e-06 0.000151802 0.00404501
9.59568e-06 0.000165937 0.00404096
9.55992e-06 0.000158535 0.00402594
9.05486e-06 0.000144475 0.00401306
9.52744e-06 0.000157945 0.00401998
9.85635e-06 0.000171866 0.0040338
9.40283e-06 0.000166018 0.00399899
9.70677e-06 0.000168119 0.00400496
9.46465e-06 0.000155914 0.00403714
9.61712e-06 0.000165993 0.00401807
9.132e-06 0.000152101 0.00402212
8.95174e-06 0.000143696 0.00408483
9.87561e-06 0.000165236 0.004035
9.58403e-06 0.000150466 0.00402093
9.19635e-06 0.000145943 0.00405383
9.15728e-06 0.000151475 0.00402093
9.28487e-06 0.000160178 0.00405383
9.34598e-06 0.000162201 0.00401092
9.79102e-06 0.000161321 0.00400305
9.29957e-06 0.000150672 0.00412083
9.05268e-06 0.000152118 0.00412798
9.11965e-06 0.000158899 0.004076
9.07627e-06 0.000152767 0.00414109
8.89857e-06 0.000145125 0.00410509
9.55491e-06 0.000163631 0.00537801
8.81269e-06 0.000138448 0.00401807
8.89303e-06 0.000140998 0.00417018
9.78684e-06 0.000158019 0.00413108
9.79902e-06 0.000158538 0.00412202
8.47765e-06 0.000147874 0.00410509
8.97312e-06 0.000148892 0.00408912
9.21639e-06 0.000169325 0.00409698
9.10995e-06 0.000148828 0.0042119
8.89678e-06 0.000148525 0.00414491
9.75387e-06 0.000162088 0.00415897
9.54678e-06 0.000155449 0.00421882
9.42955e-06 0.000149959 0.00420094
8.79082e-06 0.00014438 0.00418401
