4.63385e-06 2.12092e-05 0.00665903
4.70972e-06 2.13476e-05 0.00671005
4.71415e-06 2.29779e-05 0.00669098
4.58964e-06 1.9926e-05 0.00668502
4.08406e-06 2.11624e-05 0.00674009
4.9775e-06 2.32185e-05 0.00668097
4.41388e-06 1.8492e-05 0.00675011
3.86012e-06 1.84954e-05 0.00669694
4.75898e-06 2.39193e-05 0.00670123
4.25424e-06 2.17246e-05 0.00684214
4.79809e-06 2.0389e-05 0.00688195
4.2206e-06 1.92787e-05 0.00685883
4.81898e-06 2.50284e-05 0.00678396
5.12491e-06 2.38204e-05 0.00679398
4.61112e-06 2.09095e-05 0.00673008
4.31224e-06 1.8921e-05 0.00673604
4.70464e-06 2.26988e-05 0.00669408
4.79021e-06 2.23751e-05 0.00669193
4.33736e-06 2.23751e-05 0.00673103
5.14431e-06 2.38747e-05 0.006634
4.53289e-06 2.18879e-05 0.00665689
4.69364e-06 2.10216e-05 0.00678587
4.33622e-06 2.24718e-05 0.00670409
5.1567e-06 2.56532e-05 0.00715899
4.69254e-06 2.36167e-05 0.00753212
5.0161e-06 2.24707e-05 0.00641108
4.70101e-06 2.11469e-05 0.006387
5.16068e-06 2.49222e-05 0.00624609
4.95449e-06 2.08154e-05 0.00645208
4.97288e-06 2.44774e-05 0.00624609
4.58046e-06 1.99841e-05 0.00625491
4.5796e-06 2.21185e-05 0.006253
4.06639e-06 1.88438e-05 0.00643587
4.88271e-06 2.21357e-05 0.006284
4.53713e-06 2.1119e-05 0.00622582
4.55783e-06 2.18109e-05 0.006423
4.47499e-06 1.90063e-05 0.00628781
4.79912e-06 2.10185e-05 0.00650001
3.80659e-06 1.84019e-05 0.00632596
4.5071e-06 1.86963e-05 0.00634599
4.2835e-06 2.18944e-05 0.00715494
4.02814e-06 1.99715e-05 0.0064261
4.61843e-06 2.31805e-05 0.00623798
4.43643e-06 2.20407e-05 0.00647616
4.18506e-06 2.06502e-05 0.00623512
4.81238e-06 1.93967e-05 0.00643587
4.73728e-06 2.26342e-05 0.00626016
4.71176e-06 2.20958e-05 0.00642705
4.84122e-06 2.2192e-05 0.00700688
4.53113e-06 2.31832e-05 0.00625801
