0.00226455 0.00284572 0.00531197 12006
0.00226455 0.00284572 0.00518703 12006
0.00226455 0.00284572 0.00521612 12006
0.00226455 0.00284572 0.00537491 12006
0.00226455 0.00284572 0.00524998 12006
0.00226455 0.00284572 0.00523305 12006
0.00226455 0.00284572 0.00543213 12006
0.00226455 0.00284572 0.00522995 12006
0.00226455 0.00284572 0.00520396 12006
0.00226455 0.00284572 0.00531006 12006
0.00226455 0.00284572 0.00523114 12006
0.00226455 0.00284572 0.00521207 12006
0.00226455 0.00284572 0.00520897 12006
0.00226455 0.00284572 0.00529504 12006
0.00226455 0.00284572 0.005265 12006
0.00226455 0.00284572 0.00517011 12006
0.00226455 0.00284572 0.00522017 12006
0.00226455 0.00284572 0.00536919 12006
0.00226455 0.00284572 0.00526595 12006
0.00226455 0.00284572 0.00532007 12006
0.00226455 0.00284572 0.00529313 12006
0.00226455 0.00284572 0.005301 12006
0.00226455 0.00284572 0.00528216 12006
0.00226455 0.00284572 0.00538802 12006
0.00226455 0.00284572 0.00531793 12006
0.00226455 0.00284572 0.00530982 12006
0.00226455 0.00284572 0.00530505 12006
0.00226455 0.00284572 0.00527692 12006
0.00226455 0.00284572 0.00527406 12006
0.00226455 0.00284572 0.00531101 12006
0.00226455 0.00284572 0.00530791 12006
0.00226455 0.00284572 0.00526404 12006
0.00226455 0.00284572 0.00524211 12006
0.00226455 0.00284572 0.00525093 12006
0.00226455 0.00284572 0.005265 12006
0.00226455 0.00284572 0.00531101 12006
0.00226455 0.00284572 0.00531793 12006
0.00226455 0.00284572 0.00535011 12006
0.00226455 0.00284572 0.00532007 12006
0.00226455 0.00284572 0.00520587 12006
0.00226455 0.00284572 0.00520611 12006
0.00226455 0.00284572 0.00524211 12006
0.00226455 0.00284572 0.00520992 12006
0.00226455 0.00284572 0.00535011 12006
0.00226455 0.00284572 0.00530505 12006
0.00226455 0.00284572 0.00528598 12006
0.00226455 0.00284572 0.00524497 12006
0.00226455 0.00284572 0.005337 12006
0.00226455 0.00284572 0.00526905 12006
0.00226455 0.00284572 0.00522089 12006
