2.93904e-06 5.27646e-06 0.00730991
4.81028e-06 6.77494e-06 0.00728083
6.24969e-06 9.29175e-06 0.00727105
3.31875e-06 5.68858e-06 0.00791788
2.91281e-06 4.33166e-06 0.007267
3.86569e-06 5.7735e-06 0.00794101
2.69466e-06 3.71379e-06 0.0088551
5.89308e-06 9.02585e-06 0.0089469
2.9172e-06 4.90567e-06 0.00891805
2.94766e-06 4.19032e-06 0.0073061
2.49319e-06 4.11212e-06 0.00734496
3.43889e-06 5.96364e-06 0.00725913
2.73023e-06 4.47295e-06 0.00730681
4.17082e-06 7.31325e-06 0.00738096
3.23962e-06 4.60498e-06 0.00729704
3.5119e-06 5.33161e-06 0.00735402
3.11136e-06 5.39719e-06 0.00731921
4.41835e-06 7.45416e-06 0.007303
2.99416e-06 5.25063e-06 0.00732994
3.80392e-06 6.39726e-06 0.00728202
6.63903e-06 1.00477e-05 0.00730991
3.12135e-06 5.28298e-06 0.0073781
3.57332e-06 6.21258e-06 0.00731897
2.88579e-06 6.01259e-06 0.00729394
4.32131e-06 6.63462e-06 0.00729489
4.65956e-06 8.27045e-06 0.00728393
2.78417e-06 5.59309e-06 0.00734115
2.50315e-06 4.75981e-06 0.00735116
1.92687e-06 2.84388e-06 0.0072701
3.28667e-06 4.40893e-06 0.00727487
3.38267e-06 6.7708e-06 0.0073421
3.81003e-06 5.79872e-06 0.00731993
2.67493e-06 4.95051e-06 0.00729918
3.17943e-06 6.17491e-06 0.00732398
4.51614e-06 7.27894e-06 0.00740004
3.32757e-06 5.62864e-06 0.00736618
5.22243e-06 7.42858e-06 0.00730109
3.0955e-06 5.17607e-06 0.00756907
4.44889e-06 7.8983e-06 0.00794101
4.78636e-06 7.49111e-06 0.00771594
3.68065e-06 6.24207e-06 0.00774789
3.02739e-06 4.12594e-06 0.007658
3.56084e-06 5.52945e-06 0.00766301
5.58565e-06 8.4834e-06 0.0076611
3.07725e-06 4.63562e-06 0.00770187
2.88424e-06 4.8487e-06 0.00770307
4.08743e-06 7.96114e-06 0.00838685
3.20981e-06 5.60221e-06 0.00764799
4.00448e-06 7.1909e-06 0.0076859
3.70296e-06 6.44056e-06 0.00775409
