7.97172e-06 0.000104537 0.00719619
7.10005e-06 9.53739e-05 0.00753498
7.46496e-06 9.37524e-05 0.00669289
7.9584e-06 9.95519e-05 0.006675
8.04133e-06 0.000109416 0.00665784
7.66634e-06 9.73082e-05 0.00667286
8.27577e-06 0.00010478 0.00665998
6.71348e-06 8.97379e-05 0.00668502
8.30866e-06 0.000105719 0.00667191
7.13903e-06 9.51679e-05 0.00700903
8.09417e-06 0.000106258 0.00665498
7.78597e-06 0.000101105 0.00665998
8.02406e-06 0.000101832 0.00668216
7.17707e-06 8.96654e-05 0.00686812
7.78601e-06 0.000102348 0.00664997
7.95433e-06 0.000100043 0.00663996
8.11977e-06 0.000105547 0.00679898
7.94959e-06 0.000103961 0.00666094
7.54456e-06 9.8459e-05 0.00668406
7.56744e-06 9.5135e-05 0.00666785
7.58163e-06 0.000101283 0.00667405
7.45877e-06 0.000101729 0.00669408
7.87622e-06 9.9372e-05 0.00667596
7.75546e-06 0.000104999 0.00669098
7.8713e-06 0.000101486 0.00668693
7.80965e-06 0.000102471 0.00665998
7.2906e-06 9.83391e-05 0.00668812
7.4765e-06 9.90327e-05 0.00669217
7.45927e-06 9.76894e-05 0.00673604
7.22408e-06 9.59468e-05 0.00668001
7.82052e-06 0.00010033 0.00667095
7.03686e-06 8.97137e-05 0.00666189
7.20857e-06 9.3264e-05 0.0066669
7.4562e-06 8.93991e-05 0.00666285
7.56673e-06 9.66885e-05 0.00664902
6.94944e-06 9.53742e-05 0.00665998
7.72638e-06 9.96232e-05 0.00667095
7.15506e-06 9.39668e-05 0.00690103
7.77611e-06 0.000103951 0.006706
8.01953e-06 0.00011157 0.00665903
7.33241e-06 9.41152e-05 0.00669503
8.53598e-06 0.000118303 0.00668693
7.62776e-06 9.56587e-05 0.00666213
8.34912e-06 0.00010718 0.00669003
8.1876e-06 0.000105164 0.00669408
7.66861e-06 0.000101283 0.00668311
8.26973e-06 0.000106449 0.00668097
7.88404e-06 0.000102508 0.0066731
7.92475e-06 0.000107951 0.00669408
7.59533e-06 9.04704e-05 0.006809
