3.01114e-06 5.93598e-06 0.00731421
3.44233e-06 7.36446e-06 0.007339
3.32245e-06 6.62094e-06 0.00745797
2.85433e-06 7.36074e-06 0.00738907
2.71197e-06 7.24047e-06 0.007267
3.51899e-06 6.61063e-06 0.00767112
3.27822e-06 6.64187e-06 0.0075531
2.9317e-06 5.46133e-06 0.00763702
3.4524e-06 6.52836e-06 0.00762105
2.97192e-06 7.16768e-06 0.00762296
3.18444e-06 6.0367e-06 0.00759792
3.4684e-06 7.35184e-06 0.00770807
3.72211e-06 7.94762e-06 0.00766897
3.26582e-06 6.27801e-06 0.00765705
3.22605e-06 7.82014e-06 0.00760508
2.96789e-06 5.93668e-06 0.00757694
3.01607e-06 6.77476e-06 0.00758505
3.2039e-06 7.19713e-06 0.00759292
3.04508e-06 6.52402e-06 0.00761008
3.09981e-06 7.86316e-06 0.00759697
3.60894e-06 7.57779e-06 0.00760794
3.81186e-06 7.69381e-06 0.00760198
3.12084e-06 5.47282e-06 0.00770402
3.41453e-06 7.47082e-06 0.0076201
3.60251e-06 8.08418e-06 0.00760508
2.71968e-06 5.39759e-06 0.00767183
3.78284e-06 8.09051e-06 0.00762081
2.54572e-06 4.40579e-06 0.00768805
2.71144e-06 6.99056e-06 0.0076251
3.16134e-06 6.23498e-06 0.00760579
3.67567e-06 9.11901e-06 0.00777888
2.99449e-06 5.64217e-06 0.00767493
3.54448e-06 7.87422e-06 0.00762701
3.11155e-06 6.59628e-06 0.00772691
3.12651e-06 5.62044e-06 0.00771809
3.33195e-06 7.42065e-06 0.00867295
3.85363e-06 7.94249e-06 0.00826502
3.22127e-06 6.1197e-06 0.0078311
2.812e-06 5.41936e-06 0.00775599
3.95017e-06 8.70861e-06 0.00760317
2.98081e-06 5.91305e-06 0.0076921
3.18298e-06 6.64852e-06 0.00771904
3.40989e-06 6.651e-06 0.00766397
3.38036e-06 7.61613e-06 0.00777888
3.8411e-06 8.70456e-06 0.00774813
3.27683e-06 8.85672e-06 0.0077281
2.77102e-06 6.45331e-06 0.00769114
3.51075e-06 8.47047e-06 0.00764179
3.11741e-06 7.05365e-06 0.00759888
3.62247e-06 8.46587e-06 0.00780582
