7.33561e-06 0.000262875 0.00858402
7.81071e-06 0.000268795 0.00874686
7.58972e-06 0.000267853 0.00861883
6.55551e-06 0.000213194 0.00861812
7.89007e-06 0.000264924 0.00866294
7.29195e-06 0.000254182 0.00864697
7.68058e-06 0.000277847 0.00861788
7.01874e-06 0.000239256 0.00867891
7.53278e-06 0.000264094 0.008744
6.58979e-06 0.000225693 0.00863099
7.23357e-06 0.000264217 0.00875401
7.27413e-06 0.000255522 0.00857306
7.70701e-06 0.000259189 0.00865102
7.35976e-06 0.000255179 0.00855708
7.71234e-06 0.000245431 0.00858402
7.44474e-06 0.000253127 0.00865602
7.65445e-06 0.00025124 0.00868392
7.95603e-06 0.000274922 0.00857615
6.52969e-06 0.000215582 0.00856495
6.9141e-06 0.000236608 0.00857615
6.97555e-06 0.000251641 0.00866294
7.30951e-06 0.000253398 0.008636
7.92314e-06 0.000273041 0.00861478
7.11e-06 0.000248046 0.00858283
7.28563e-06 0.000236847 0.00865579
6.90559e-06 0.000239731 0.00860786
7.09683e-06 0.000246671 0.00869393
7.29563e-06 0.000252652 0.00857592
7.62886e-06 0.00025867 0.00860691
7.41264e-06 0.000269659 0.00859118
7.41263e-06 0.000247358 0.00864887
7.66474e-06 0.00026764 0.00861311
7.02772e-06 0.00023611 0.00861096
7.47132e-06 0.000261024 0.00863099
7.91199e-06 0.00028224 0.00864005
7.18593e-06 0.000235813 0.00861311
7.02205e-06 0.000240121 0.008605
7.2327e-06 0.000248173 0.008636
7.33852e-06 0.000243568 0.00859094
7.32512e-06 0.000238194 0.00859308
7.43927e-06 0.000253555 0.00864315
7.75395e-06 0.000252924 0.00858998
7.857e-06 0.000287467 0.0086112
7.07055e-06 0.000228935 0.00862908
7.73897e-06 0.000284412 0.00870085
7.6308e-06 0.000257538 0.00874996
6.41476e-06 0.0002152 0.00865507
6.97964e-06 0.000238523 0.00861597
7.32949e-06 0.000244089 0.00867796
7.63758e-06 0.000254015 0.00864005
