9.82681e-06 0.000183615 0.00526595
9.839e-06 0.000170687 0.00538707
9.42136e-06 0.000169309 0.00538707
9.73705e-06 0.000168473 0.00632095
9.66772e-06 0.000170746 0.00608611
9.40084e-06 0.000167321 0.00598001
9.31196e-06 0.000166557 0.00597501
9.54046e-06 0.000165279 0.00640202
9.39491e-06 0.000166536 0.00630498
9.2699e-06 0.000163629 0.00624704
9.66322e-06 0.000177967 0.00613904
9.35318e-06 0.000164598 0.00570893
1.0328e-05 0.000185534 0.00591993
9.63667e-06 0.000158561 0.00538683
1.0048e-05 0.000180017 0.00527692
9.13605e-06 0.000161391 0.00547719
9.5028e-06 0.000165695 0.0052731
8.9169e-06 0.000163742 0.00538087
9.68782e-06 0.000165601 0.00528383
9.60128e-06 0.000188829 0.00551605
1.05871e-05 0.000186376 0.00529599
1.00041e-05 0.00017422 0.00540996
9.45946e-06 0.000165435 0.00542092
9.3578e-06 0.000168958 0.00547981
9.94662e-06 0.00016902 0.00546098
9.85945e-06 0.000174698 0.00540304
9.54547e-06 0.000166524 0.0061481
9.748e-06 0.000184867 0.00604296
9.16889e-06 0.000168755 0.00591588
9.90172e-06 0.000173038 0.00525093
9.32859e-06 0.000170635 0.00525904
9.49442e-06 0.000165831 0.00525713
1.00793e-05 0.000173847 0.00525403
9.93734e-06 0.000172563 0.00528383
9.43883e-06 0.000163981 0.00526595
9.86516e-06 0.000182624 0.00530791
9.17128e-06 0.000162994 0.00529504
9.52869e-06 0.000158029 0.00529909
9.60571e-06 0.000163236 0.00524402
9.84377e-06 0.000172924 0.00525379
9.66756e-06 0.000166755 0.00531316
9.4451e-06 0.0001685 0.00529313
9.63746e-06 0.000162549 0.00528502
9.90251e-06 0.000176531 0.00528312
9.93028e-06 0.000175818 0.005265
9.4327e-06 0.000172658 0.00528407
9.27053e-06 0.000164473 0.00526118
9.43498e-06 0.000162182 0.00528502
9.81574e-06 0.000172469 0.00527215
9.38251e-06 0.000167273 0.0052731
