6.37045e-06 7.02954e-05 0.00565386
6.80589e-06 7.9301e-05 0.00578809
7.00369e-06 8.44454e-05 0.00570703
6.67064e-06 8.1143e-05 0.00573397
6.66512e-06 8.28844e-05 0.00577497
6.43165e-06 8.05377e-05 0.00580812
6.41583e-06 7.60786e-05 0.00571799
6.81868e-06 7.94084e-05 0.00574994
7.09876e-06 8.26096e-05 0.00575995
6.82751e-06 7.8315e-05 0.00636721
6.67002e-06 8.00747e-05 0.00581694
7.32298e-06 8.40747e-05 0.00573516
6.4541e-06 7.69468e-05 0.00572395
6.35501e-06 7.27656e-05 0.00574303
6.9001e-06 8.24423e-05 0.00574207
6.27349e-06 7.32574e-05 0.00577712
6.72886e-06 8.46011e-05 0.00577998
7.31297e-06 8.70194e-05 0.00572991
7.06517e-06 9.07904e-05 0.00577307
6.2987e-06 7.63754e-05 0.00579405
6.17838e-06 6.81696e-05 0.00572395
7.16695e-06 7.34622e-05 0.00579286
6.19659e-06 6.90941e-05 0.00586915
5.99618e-06 6.84925e-05 0.00595498
7.04542e-06 7.60579e-05 0.00593281
6.29485e-06 7.75419e-05 0.00586009
7.05805e-06 9.07238e-05 0.00587106
6.81594e-06 8.98594e-05 0.00592494
6.34343e-06 7.85381e-05 0.00592399
6.76873e-06 7.75731e-05 0.00594997
6.01315e-06 7.73218e-05 0.00594902
6.95507e-06 8.22056e-05 0.00600505
7.69459e-06 9.45708e-05 0.00596786
6.96732e-06 8.3526e-05 0.00604892
5.80466e-06 6.39212e-05 0.00605202
5.66832e-06 6.46404e-05 0.00595593
6.74469e-06 8.23355e-05 0.00596213
7.12104e-06 7.39095e-05 0.00591493
6.76804e-06 8.47299e-05 0.00594211
6.47612e-06 7.47045e-05 0.00589609
6.98676e-06 8.56713e-05 0.00585914
6.62747e-06 7.61088e-05 0.00587511
6.22271e-06 7.58158e-05 0.00596213
6.77992e-06 8.11972e-05 0.0061202
6.73094e-06 7.80628e-05 0.00583005
6.7762e-06 7.80078e-05 0.00590396
6.56614e-06 8.07005e-05 0.0058651
6.97422e-06 8.04637e-05 0.00590706
6.99908e-06 8.8237e-05 0.00586915
6.58988e-06 7.73814e-05 0.005934
