7.52418e-06 0.000105655 0.00443482
8.05385e-06 0.000128519 0.00365496
7.69439e-06 0.000113096 0.00315905
7.43456e-06 0.000107576 0.00315213
7.51033e-06 0.000112137 0.00314689
7.53373e-06 0.000112294 0.00314999
7.66748e-06 0.000105769 0.00323415
8.19782e-06 0.000117113 0.00316191
7.38397e-06 0.000110866 0.00315189
7.43477e-06 0.000107346 0.00313401
7.37255e-06 0.000110199 0.00317407
7.5796e-06 0.000111994 0.00316
7.81627e-06 0.000122884 0.00314498
7.03928e-06 9.73188e-05 0.00315094
8.42394e-06 0.000125782 0.00314403
8.00596e-06 0.000110488 0.0031662
7.88273e-06 0.000115751 0.00315714
7.36321e-06 0.000109714 0.00323606
7.74409e-06 0.000106149 0.00323486
7.43445e-06 0.000105527 0.00315595
7.56012e-06 0.000109687 0.0031631
8.14354e-06 0.00012169 0.00317502
7.8823e-06 0.000116464 0.00319815
7.55811e-06 0.000104396 0.00335598
8.39431e-06 0.000124499 0.0031569
7.4969e-06 0.000109292 0.00316596
7.59476e-06 0.000111775 0.00317001
8.1435e-06 0.000119082 0.00315094
7.68637e-06 0.000105993 0.00315595
6.54595e-06 9.45842e-05 0.00315404
7.48799e-06 0.000105877 0.00316191
7.51329e-06 0.000109806 0.00313306
7.59414e-06 0.000100761 0.00316
7.47832e-06 0.000109994 0.00316
8.09618e-06 0.000110018 0.00314999
7.62618e-06 0.000114134 0.00315785
7.40901e-06 0.000104634 0.00316906
7.63823e-06 0.000110161 0.00317001
7.38243e-06 0.000106156 0.003232
8.07332e-06 0.000122135 0.00332618
8.41809e-06 0.000116637 0.0032239
7.5992e-06 0.000114914 0.00315094
7.96351e-06 0.000121654 0.00315285
7.69812e-06 0.00011074 0.00316
7.45955e-06 0.000102348 0.00316596
8.10299e-06 0.000121615 0.00314903
7.5295e-06 0.000109897 0.00315595
7.63566e-06 0.00011353 0.00316095
8.377e-06 0.000116391 0.00316906
8.32886e-06 0.000124194 0.00315595
