3.41502e-06 5.87148e-06 0.00831604 28
2.70368e-06 4.4743e-06 0.0086329 28
2.92845e-06 4.52749e-06 0.00870395 28
3.3454e-06 5.40538e-06 0.00855589 28
2.63914e-06 3.6089e-06 0.00853992 28
3.34721e-06 5.25127e-06 0.00843716 28
2.6874e-06 4.43403e-06 0.00841784 28
2.47772e-06 3.88659e-06 0.00841308 28
2.93079e-06 5.11736e-06 0.00851202 28
2.6155e-06 4.28443e-06 0.00902796 28
2.86122e-06 4.78504e-06 0.008286 28
3.41835e-06 6.20197e-06 0.00833297 28
2.54233e-06 4.59493e-06 0.00830817 28
3.11019e-06 5.7869e-06 0.00828099 28
2.90086e-06 4.26394e-06 0.00831604 28
2.59362e-06 3.59031e-06 0.00829101 28
3.05805e-06 4.454e-06 0.00851107 28
3.01442e-06 5.19548e-06 0.00826192 28
3.65218e-06 6.36585e-06 0.00840592 28
2.52692e-06 4.87525e-06 0.00833607 28
3.78747e-06 6.56149e-06 0.008322 28
2.50885e-06 3.87381e-06 0.00827885 28
2.52718e-06 4.94527e-06 0.00827098 28
2.84196e-06 4.09535e-06 0.00837517 28
3.24818e-06 4.67467e-06 0.00845814 28
3.29646e-06 4.9859e-06 0.00830102 28
2.94943e-06 5.29165e-06 0.008322 28
2.69703e-06 4.2629e-06 0.00831079 28
3.33922e-06 5.40836e-06 0.00836682 28
3.28729e-06 5.87609e-06 0.00843191 28
2.46176e-06 4.44443e-06 0.00852394 28
2.93751e-06 4.39086e-06 0.00828004 28
3.06294e-06 4.93631e-06 0.00840402 28
2.8439e-06 5.02778e-06 0.00830603 28
3.33947e-06 6.75378e-06 0.00826502 28
2.31917e-06 4.15841e-06 0.00827098 28
3.06949e-06 5.68515e-06 0.00828314 28
3.58696e-06 6.2862e-06 0.00829887 28
3.23187e-06 4.4402e-06 0.0082891 28
2.97506e-06 5.31682e-06 0.00829887 28
3.55958e-06 6.45334e-06 0.00830698 28
3.03453e-06 5.38075e-06 0.00827694 28
3.30111e-06 5.83108e-06 0.0114479 28
2.43879e-06 4.32051e-06 0.00926614 28
3.17516e-06 5.53162e-06 0.00908017 28
2.68688e-06 4.89807e-06 0.00907302 28
2.95224e-06 4.75277e-06 0.00913095 28
2.75273e-06 4.82776e-06 0.00907683 28
3.6158e-06 6.22227e-06 0.00915003 28
3.44392e-06 5.05396e-06 0.00918698 28
