3.20817e-06 6.12417e-06 0.00317597 24
3.6901e-06 5.20407e-06 0.00320411 24
3.6455e-06 6.83809e-06 0.00314808 24
3.07348e-06 5.65739e-06 0.00318122 24
2.89627e-06 4.64643e-06 0.00309992 24
3.2914e-06 5.20456e-06 0.00315905 24
3.29445e-06 6.50397e-06 0.00303698 24
3.11575e-06 4.68318e-06 0.00269914 24
2.81483e-06 5.02248e-06 0.00267911 24
3.19446e-06 4.63778e-06 0.00269699 24
2.6501e-06 3.85467e-06 0.00321317 24
3.79038e-06 6.30036e-06 0.00323582 24
3.97627e-06 6.55752e-06 0.00294185 24
1.93884e-06 3.67884e-06 0.00281286 24
3.21493e-06 6.20963e-06 0.00297594 24
3.78664e-06 5.53279e-06 0.00266695 24
3.19228e-06 4.49392e-06 0.002666 24
4.41992e-06 7.38445e-06 0.00272417 24
3.09799e-06 4.86984e-06 0.00268006 24
2.86e-06 4.92643e-06 0.00273299 24
2.76326e-06 4.28925e-06 0.00272393 24
3.35516e-06 5.61745e-06 0.00269794 24
2.26465e-06 3.78527e-06 0.00266099 24
2.9068e-06 4.8022e-06 0.00267792 24
2.95448e-06 5.46067e-06 0.0027678 24
3.18426e-06 5.48855e-06 0.00279188 24
3.37738e-06 5.8483e-06 0.00272989 24
3.15883e-06 5.9627e-06 0.00272608 24
2.58387e-06 3.94457e-06 0.00274611 24
3.06133e-06 5.35259e-06 0.00271702 24
3.2043e-06 5.5693e-06 0.00271988 24
2.62382e-06 4.07321e-06 0.00267696 24
3.04614e-06 5.00816e-06 0.0031271 24
3.96108e-06 7.02974e-06 0.00274706 24
2.8225e-06 5.68243e-06 0.0027349 24
3.46193e-06 5.03159e-06 0.00273204 24
4.18138e-06 6.19571e-06 0.00275207 24
3.79348e-06 6.32219e-06 0.00273108 24
3.11557e-06 5.35849e-06 0.00276995 24
5.14078e-06 8.98715e-06 0.00274801 24
2.89641e-06 5.22893e-06 0.00281906 24
3.40852e-06 5.46645e-06 0.00281596 24
2.57537e-06 4.32814e-06 0.00287509 24
3.02544e-06 4.57528e-06 0.00286889 24
2.61572e-06 4.73869e-06 0.00288916 24
2.70608e-06 4.95268e-06 0.003124 24
3.1749e-06 4.82712e-06 0.00285602 24
2.70106e-06 3.64252e-06 0.00286984 24
2.53892e-06 5.19129e-06 0.00304294 24
2.31514e-06 4.55561e-06 0.0028789 24
