4.09243e-06 1.53563e-05 0.006639 90
4.05489e-06 1.41371e-05 0.00668502 90
3.98216e-06 1.50354e-05 0.00675702 90
4.47421e-06 1.4854e-05 0.00669003 90
4.19034e-06 1.26091e-05 0.00686193 90
4.24722e-06 1.36564e-05 0.00708795 90
3.83376e-06 1.14555e-05 0.0067451 90
3.60657e-06 1.1371e-05 0.00665021 90
4.28932e-06 1.38157e-05 0.0066309 90
4.46428e-06 1.43681e-05 0.00713086 90
3.8667e-06 1.27063e-05 0.00668597 90
4.65429e-06 1.52586e-05 0.00667596 90
3.88843e-06 1.50196e-05 0.00667405 90
4.38863e-06 1.60458e-05 0.00658798 90
4.39786e-06 1.50799e-05 0.00666404 90
4.55801e-06 1.4497e-05 0.00658894 90
3.81232e-06 1.31482e-05 0.00666881 90
4.32781e-06 1.6427e-05 0.00669909 90
4.09627e-06 1.29394e-05 0.00667191 90
4.26845e-06 1.49351e-05 0.00687718 90
3.56683e-06 1.05967e-05 0.00661492 90
3.50304e-06 1.16741e-05 0.00681019 90
3.88622e-06 1.2627e-05 0.00666404 90
4.57791e-06 1.47247e-05 0.0065639 90
4.24622e-06 1.65469e-05 0.006598 90
4.21325e-06 1.47076e-05 0.006675 90
4.56524e-06 1.66178e-05 0.00672102 90
3.75675e-06 1.08281e-05 0.0068121 90
3.6858e-06 1.19265e-05 0.00663209 90
4.11107e-06 1.60848e-05 0.00664902 90
4.92172e-06 1.62048e-05 0.00668311 90
4.29663e-06 1.34046e-05 0.00667906 90
3.72428e-06 1.16869e-05 0.00672102 90
3.93082e-06 1.40905e-05 0.0066731 90
3.74118e-06 1.3136e-05 0.00664282 90
4.25667e-06 1.53475e-05 0.0068109 90
3.85847e-06 1.47425e-05 0.00666213 90
4.12137e-06 1.26952e-05 0.00663304 90
4.57203e-06 1.38582e-05 0.00664306 90
3.64045e-06 1.22745e-05 0.00663686 90
4.51016e-06 1.54272e-05 0.00664306 90
4.11065e-06 1.34833e-05 0.00670004 90
3.99333e-06 1.53473e-05 0.00673389 90
4.28149e-06 1.42069e-05 0.00666714 90
4.19797e-06 1.38996e-05 0.00677109 90
4.49467e-06 1.79612e-05 0.00677514 90
4.48728e-06 1.32553e-05 0.00669789 90
4.0864e-06 1.44454e-05 0.00664592 90
3.76678e-06 1.23214e-05 0.00666404 90
4.00028e-06 1.57584e-05 0.00668001 90
