1.00623e-05 0.000197133 0.00407815 406
1.01558e-05 0.000197535 0.00410008 406
1.01337e-05 0.000189563 0.00409603 406
1.05871e-05 0.000196791 0.00420904 406
1.01549e-05 0.000192806 0.0044899 406
1.02112e-05 0.000185151 0.00448298 406
1.04641e-05 0.000198006 0.00470209 406
9.71319e-06 0.000172352 0.00413489 406
1.03893e-05 0.000193566 0.003721 406
9.81226e-06 0.000173672 0.00379419 406
1.05822e-05 0.000194347 0.00376511 406
1.07417e-05 0.000200967 0.00377393 406
9.61748e-06 0.000173242 0.00383019 406
9.94735e-06 0.000180299 0.00384498 406
9.88912e-06 0.000178514 0.0038271 406
9.87386e-06 0.000175665 0.00453496 406
1.00021e-05 0.000183803 0.00421405 406
1.07329e-05 0.000198782 0.0037322 406
1.02907e-05 0.000186959 0.00373602 406
1.05845e-05 0.000192671 0.00374985 406
9.8099e-06 0.000180071 0.00375199 406
1.03626e-05 0.000194808 0.00373602 406
1.05379e-05 0.000191943 0.00380087 406
1.05552e-05 0.000189392 0.00374508 406
9.51887e-06 0.000162791 0.00374007 406
9.77072e-06 0.000177119 0.00386596 406
1.05378e-05 0.000188631 0.00373602 406
1.00593e-05 0.000194902 0.00373912 406
1.05725e-05 0.000202305 0.00376511 406
9.42076e-06 0.000174844 0.00383997 406
1.01091e-05 0.000189011 0.00398588 406
1.03233e-05 0.000192739 0.0037961 406
1.05188e-05 0.000194072 0.00374103 406
1.03498e-05 0.000199489 0.00373602 406
9.94576e-06 0.000190154 0.00372601 406
1.0338e-05 0.000198626 0.00383806 406
9.81551e-06 0.000181444 0.00375485 406
9.9656e-06 0.000184818 0.00375104 406
1.10524e-05 0.000210662 0.00376201 406
1.05016e-05 0.000203769 0.00378203 406
1.02741e-05 0.000189543 0.00375605 406
1.10104e-05 0.000204561 0.00373602 406
1.06758e-05 0.000205864 0.00376201 406
9.43778e-06 0.000179687 0.00376987 406
1.00589e-05 0.000186501 0.0037291 406
9.91822e-06 0.00018654 0.00385594 406
1.0246e-05 0.000177919 0.00378799 406
1.0199e-05 0.00017375 0.0038321 406
1.02954e-05 0.00018384 0.00380707 406
1.06755e-05 0.000186 0.003757 406
