9.5024e-06 0.000176182 0.00447989
9.8619e-06 0.000177516 0.00445199
9.19307e-06 0.000167337 0.0044589
9.71809e-06 0.000181627 0.00450301
9.60226e-06 0.000174683 0.00452304
9.77307e-06 0.000170184 0.00449705
9.49145e-06 0.000171819 0.00444388
9.05253e-06 0.000163871 0.00447702
9.82088e-06 0.000181424 0.00491691
9.46405e-06 0.000165369 0.00450182
9.99512e-06 0.000179584 0.00448179
9.56172e-06 0.00017481 0.00452209
9.69501e-06 0.000175969 0.0044539
9.36567e-06 0.000179634 0.00449085
9.15576e-06 0.00016327 0.00453305
9.19955e-06 0.000158169 0.00453901
8.86328e-06 0.00015869 0.00447512
9.6512e-06 0.000168542 0.00452113
9.59155e-06 0.000174305 0.00450802
9.36088e-06 0.000165047 0.00449109
8.80103e-06 0.000167444 0.00607586
9.67025e-06 0.000178808 0.00463009
9.87938e-06 0.000180604 0.00448608
9.47137e-06 0.000167434 0.00449491
8.70309e-06 0.000152346 0.00457311
8.7902e-06 0.000159796 0.00454617
8.77578e-06 0.000163083 0.00450897
9.36943e-06 0.000173716 0.00451684
9.99346e-06 0.000183733 0.00566316
9.36626e-06 0.000180165 0.0045321
9.44511e-06 0.000173058 0.00453806
9.24642e-06 0.000159157 0.00454211
1.0002e-05 0.000185859 0.00455093
9.7802e-06 0.00017595 0.00451994
9.8411e-06 0.000181263 0.00497079
9.85046e-06 0.000167478 0.00450802
9.04342e-06 0.000165426 0.00450706
1.00905e-05 0.00018979 0.00457501
8.96983e-06 0.000176283 0.00450587
9.09301e-06 0.000167789 0.00482416
9.2196e-06 0.00016869 0.0044961
9.64232e-06 0.000173344 0.004498
9.62235e-06 0.000164764 0.00459003
9.37006e-06 0.000161195 0.00448298
9.83384e-06 0.000180153 0.00450397
9.48786e-06 0.000173667 0.00451684
9.4091e-06 0.000179588 0.00450802
1.00087e-05 0.000174614 0.00444293
9.16971e-06 0.000164591 0.00450993
1.00487e-05 0.00018939 0.00450683
