9.96953e-06 0.000183299 0.00381804 406
1.05791e-05 0.000199064 0.00383997 406
1.04306e-05 0.000204604 0.00391698 406
9.82069e-06 0.000183718 0.00388098 406
1.01542e-05 0.000191622 0.00377202 406
1.01452e-05 0.000181622 0.00384784 406
9.94088e-06 0.000183472 0.00388217 406
9.75003e-06 0.000172138 0.00401497 406
1.01521e-05 0.000177265 0.00385189 406
1.00585e-05 0.000193369 0.00388002 406
1.04726e-05 0.000190482 0.00385904 406
1.04865e-05 0.000206306 0.00386214 406
1.01204e-05 0.00018609 0.00385094 406
1.00964e-05 0.000182436 0.00383902 406
9.65561e-06 0.000177888 0.00376391 406
9.92698e-06 0.00018997 0.00385404 406
9.57118e-06 0.000181914 0.00388694 406
1.03972e-05 0.000189932 0.00380802 406
9.51804e-06 0.000179194 0.0038569 406
9.84365e-06 0.000186967 0.00388789 406
9.71425e-06 0.000173759 0.00382113 406
1.02029e-05 0.000179187 0.00387907 406
1.03025e-05 0.00018136 0.00384784 406
1.00245e-05 0.00019744 0.00381994 406
9.9197e-06 0.000183035 0.00381303 406
1.04197e-05 0.000199239 0.00389314 406
1.0138e-05 0.000184723 0.00378704 406
1.04442e-05 0.000194802 0.00388789 406
1.02603e-05 0.000187042 0.00402689 406
9.84926e-06 0.00018499 0.00381708 406
1.1111e-05 0.000195646 0.00383115 406
9.66966e-06 0.000180178 0.0038271 406
9.66611e-06 0.000176956 0.00402093 406
1.04697e-05 0.000191122 0.00388789 406
9.9262e-06 0.000200016 0.00376701 406
9.75934e-06 0.000182422 0.00376701 406
1.04582e-05 0.000189015 0.00374603 406
1.00375e-05 0.000180239 0.00375295 406
9.48862e-06 0.000170328 0.00384879 406
9.77278e-06 0.000172919 0.00374699 406
9.12477e-06 0.000170364 0.00397182 406
1.01155e-05 0.000190163 0.00386691 406
9.77155e-06 0.000190963 0.00378919 406
9.83098e-06 0.000188024 0.00388002 406
1.02817e-05 0.000183615 0.00388503 406
1.04124e-05 0.000204665 0.00402498 406
9.81397e-06 0.000190624 0.00413203 406
1.04545e-05 0.000188924 0.00405288 406
1.01893e-05 0.000187893 0.00402212 406
9.64579e-06 0.000183427 0.00405812 406
