2.89339e-06 5.59272e-06 0.00360799 46
3.52297e-06 7.98694e-06 0.00366879 46
3.34485e-06 7.24439e-06 0.0035851 46
3.42017e-06 5.9311e-06 0.00363111 46
3.51318e-06 6.06993e-06 0.00371504 46
3.54026e-06 9.34064e-06 0.00371099 46
3.5509e-06 7.49861e-06 0.00364804 46
3.80494e-06 8.49144e-06 0.00374794 46
3.62529e-06 7.20373e-06 0.00377393 46
3.52807e-06 7.04924e-06 0.00423598 46
3.69548e-06 6.06137e-06 0.00365686 46
3.04192e-06 6.55131e-06 0.00364685 46
3.5399e-06 6.85427e-06 0.00360918 46
3.00035e-06 6.88554e-06 0.00369811 46
2.90348e-06 6.17165e-06 0.00367498 46
3.0538e-06 6.38768e-06 0.003654 46
3.65271e-06 7.05272e-06 0.00370288 46
3.42791e-06 6.67482e-06 0.00367117 46
3.31152e-06 7.70286e-06 0.00374222 46
3.15107e-06 7.19754e-06 0.00368309 46
3.06821e-06 6.30334e-06 0.00362301 46
2.09915e-06 5.36863e-06 0.00369501 46
3.22054e-06 7.60785e-06 0.00365615 46
3.73985e-06 7.45894e-06 0.00371981 46
3.3313e-06 5.96318e-06 0.00369191 46
3.74313e-06 8.10944e-06 0.00385809 46
3.72279e-06 8.57168e-06 0.00368905 46
3.55085e-06 6.83306e-06 0.00366402 46
3.23113e-06 6.36867e-06 0.00366592 46
3.14196e-06 6.77696e-06 0.00370002 46
3.22465e-06 7.69332e-06 0.00362301 46
3.10842e-06 6.17467e-06 0.00377202 46
3.38812e-06 6.68611e-06 0.00369096 46
3.39787e-06 8.30573e-06 0.00367904 46
3.92767e-06 6.66035e-06 0.00366116 46
2.96719e-06 6.64238e-06 0.003721 46
2.85895e-06 4.98672e-06 0.00369787 46
3.68604e-06 8.17806e-06 0.00370097 46
3.21606e-06 6.90998e-06 0.00375795 46
3.65446e-06 8.3164e-06 0.00371599 46
3.24552e-06 6.1413e-06 0.00369501 46
3.20916e-06 7.35114e-06 0.00420094 46
3.49276e-06 6.38473e-06 0.00370002 46
3.21834e-06 7.45704e-06 0.00368905 46
3.30538e-06 6.63009e-06 0.003685 46
3.0683e-06 6.90011e-06 0.0037241 46
3.45717e-06 7.47938e-06 0.00367808 46
3.35188e-06 5.76606e-06 0.00371814 46
3.22203e-06 6.42805e-06 0.00366282 46
3.28537e-06 6.20283e-06 0.00369096 46
