5.09848e-06 1.94839e-05 0.00677109 90
4.25266e-06 1.84223e-05 0.00674891 90
4.12227e-06 1.55805e-05 0.00676298 90
4.9312e-06 1.98658e-05 0.00682592 90
4.27448e-06 1.6432e-05 0.00668502 90
5.38093e-06 1.88018e-05 0.00679493 90
4.49349e-06 1.88562e-05 0.00671196 90
4.50983e-06 1.67838e-05 0.00675416 90
4.02586e-06 1.64263e-05 0.00690699 90
3.92499e-06 1.53385e-05 0.00682998 90
4.30046e-06 1.55678e-05 0.00679588 90
4.44993e-06 1.62724e-05 0.00668406 90
4.91326e-06 2.23595e-05 0.00666189 90
4.69423e-06 1.95949e-05 0.00669098 90
4.52283e-06 1.8672e-05 0.00667691 90
4.82035e-06 1.84487e-05 0.00713181 90
4.80784e-06 1.70809e-05 0.00666499 90
4.31079e-06 1.83631e-05 0.00662184 90
4.68024e-06 1.96933e-05 0.0067451 90
4.11654e-06 1.71688e-05 0.00665092 90
4.32389e-06 1.6863e-05 0.00723696 90
4.66067e-06 1.81418e-05 0.00685716 90
4.6268e-06 1.92179e-05 0.00676513 90
4.58097e-06 1.9659e-05 0.00680804 90
4.88623e-06 1.99668e-05 0.00679779 90
5.10979e-06 2.1626e-05 0.006392 90
5.25246e-06 2.04382e-05 0.0068419 90
5.18112e-06 2.07942e-05 0.00696301 90
4.88449e-06 1.96894e-05 0.00700879 90
5.20269e-06 2.19561e-05 0.00683308 90
5.082e-06 1.84796e-05 0.00678205 90
4.76161e-06 2.00136e-05 0.00680804 90
3.63787e-06 1.58783e-05 0.00686193 90
4.80891e-06 1.702e-05 0.00676203 90
3.83406e-06 1.74389e-05 0.00676203 90
4.35595e-06 1.81286e-05 0.00672317 90
4.49244e-06 1.94983e-05 0.00677705 90
4.91789e-06 1.94079e-05 0.00676012 90
4.59316e-06 1.78364e-05 0.00675201 90
4.40357e-06 1.8884e-05 0.00672412 90
4.95111e-06 1.74417e-05 0.00679779 90
4.36215e-06 1.8418e-05 0.00676894 90
4.82635e-06 1.99274e-05 0.00675702 90
4.65714e-06 1.79791e-05 0.00674319 90
4.09319e-06 1.59413e-05 0.00679111 90
4.28692e-06 1.71665e-05 0.00676203 90
4.63907e-06 1.83261e-05 0.00668597 90
4.14671e-06 1.47906e-05 0.006706 90
4.62608e-06 1.51296e-05 0.00676298 90
4.34255e-06 1.64417e-05 0.00676012 90
