3.02067e-06 5.02619e-06 0.00456285
3.67886e-06 4.95678e-06 0.0045979
2.58622e-06 4.43802e-06 0.00464988
3.2193e-06 4.46656e-06 0.00468302
2.61401e-06 4.25871e-06 0.0047369
3.91129e-06 6.17454e-06 0.00465798
3.1384e-06 4.35303e-06 0.00478983
3.71271e-06 5.80889e-06 0.00455904
2.64648e-06 4.35676e-06 0.00446296
4.31812e-06 6.02529e-06 0.00444889
5.0741e-06 7.41592e-06 0.00447702
4.60665e-06 7.61502e-06 0.00453615
2.57302e-06 4.92015e-06 0.0046742
3.64505e-06 4.7709e-06 0.00458598
3.86059e-06 5.38069e-06 0.0044601
2.66678e-06 4.41667e-06 0.00449085
5.36603e-06 7.87845e-06 0.00444984
3.45902e-06 5.99344e-06 0.00447297
5.26611e-06 7.54677e-06 0.00446296
2.93148e-06 4.95932e-06 0.00457501
5.86645e-06 1.02604e-05 0.00521708
5.6455e-06 7.64795e-06 0.00447607
2.40551e-06 4.15026e-06 0.00450611
6.55129e-06 9.46953e-06 0.00449204
4.95196e-06 7.08912e-06 0.00460792
3.86506e-06 7.22558e-06 0.00445986
2.93547e-06 4.95495e-06 0.0044899
3.78377e-06 6.06549e-06 0.00446892
6.06239e-06 8.21324e-06 0.00448513
5.90255e-06 9.101e-06 0.00448704
4.96245e-06 6.53764e-06 0.00448203
6.27289e-06 9.59134e-06 0.00448799
7.87339e-06 1.15064e-05 0.00446987
3.78566e-06 7.02724e-06 0.00447512
7.68658e-06 1.07105e-05 0.004462
5.18261e-06 7.57068e-06 0.00446701
3.48793e-06 5.6455e-06 0.0044651
3.00533e-06 4.95158e-06 0.00451612
3.5642e-06 5.5728e-06 0.00446796
4.25732e-06 6.48542e-06 0.00448203
3.64714e-06 4.65581e-06 0.00447083
4.18013e-06 6.65869e-06 0.00447106
4.97363e-06 7.50572e-06 0.00449896
3.90923e-06 5.59914e-06 0.00445485
5.58576e-06 8.76329e-06 0.00446606
2.94229e-06 4.05809e-06 0.00443602
3.48657e-06 4.41307e-06 0.00447392
3.8332e-06 5.71848e-06 0.00448179
4.03603e-06 5.8873e-06 0.00448799
5.12415e-06 7.73252e-06 0.00446081
