4.48852e-06 2.17346e-05 0.00637412
4.64382e-06 2.28613e-05 0.00645399
5.08021e-06 2.40396e-05 0.00653315
4.09141e-06 2.1012e-05 0.00650001
5.27531e-06 2.30563e-05 0.00648308
5.39049e-06 2.69433e-05 0.00659704
4.82084e-06 2.17867e-05 0.00799799
4.69389e-06 1.95367e-05 0.00651503
4.50351e-06 1.90726e-05 0.00654411
4.70152e-06 2.21099e-05 0.00639009
4.25568e-06 1.93537e-05 0.00645494
4.23768e-06 1.87647e-05 0.00648689
5.3606e-06 2.2436e-05 0.00640297
4.45918e-06 2.35344e-05 0.00640702
4.52979e-06 2.23535e-05 0.00673199
4.46038e-06 1.93195e-05 0.006423
4.86985e-06 2.15911e-05 0.00645709
4.15053e-06 1.92226e-05 0.00649214
4.85102e-06 2.30711e-05 0.00636196
4.55525e-06 2.28992e-05 0.00646305
5.25784e-06 2.21924e-05 0.00647497
4.07467e-06 2.00964e-05 0.00653005
4.41535e-06 2.14324e-05 0.00643206
5.26464e-06 2.21146e-05 0.00637007
4.80179e-06 2.37003e-05 0.00650501
4.56069e-06 1.98452e-05 0.00642705
4.6138e-06 2.01921e-05 0.00655293
4.68193e-06 1.89598e-05 0.00648117
3.87441e-06 1.99306e-05 0.00635099
4.20865e-06 2.06524e-05 0.00650311
4.61058e-06 2.16089e-05 0.00648403
4.65124e-06 2.24518e-05 0.00648093
4.67009e-06 2.39053e-05 0.00644994
4.60008e-06 1.95986e-05 0.00652409
4.59368e-06 2.39672e-05 0.00647688
4.01401e-06 1.88564e-05 0.00648189
3.99717e-06 1.94048e-05 0.00636292
4.17763e-06 2.11711e-05 0.00641894
4.8908e-06 2.33959e-05 0.00639987
4.60653e-06 2.19896e-05 0.00641298
4.33494e-06 1.95507e-05 0.00644803
5.44162e-06 2.17617e-05 0.00645399
4.55495e-06 2.20048e-05 0.00650716
4.66733e-06 2.26218e-05 0.00655007
3.88984e-06 1.95399e-05 0.00656199
4.3879e-06 1.90176e-05 0.00654483
4.57934e-06 2.10291e-05 0.00659609
5.40377e-06 2.43792e-05 0.00661302
4.58356e-06 2.31168e-05 0.00654697
4.80057e-06 2.22452e-05 0.00656104
