0.000895702 0.283137 0.00419521 4004
0.000433798 0.136894 0.00420499 4004
0.000709839 0.22431 0.00422287 4004
0.000299957 0.0944267 0.00425196 4004
0.000332233 0.104661 0.00422001 4004
0.00116766 0.369183 0.00421596 4004
0.00165048 0.521904 0.00423098 4004
0.000999218 0.315888 0.00429487 4004
0.000656746 0.207507 0.00422001 4004
0.000413002 0.130305 0.00424218 4004
0.000470612 0.148565 0.00421405 4004
0.000870969 0.275307 0.00423717 4004
0.000484244 0.152878 0.00421596 4004
0.000807514 0.255227 0.0042429 4004
0.00194334 0.614538 0.00423193 4004
0.0010866 0.343529 0.00423098 4004
0.00086039 0.27196 0.00421882 4004
0.000382817 0.12072 0.00422597 4004
0.000889749 0.281258 0.00420904 4004
0.000705185 0.222842 0.004246 4004
0.000707751 0.223644 0.00422096 4004
0.00117158 0.370416 0.00425696 4004
0.0006928 0.21892 0.00426602 4004
0.00174967 0.553278 0.00422502 4004
0.000453452 0.143123 0.00422001 4004
0.000330046 0.103988 0.00418496 4004
0.000487534 0.153926 0.00421691 4004
0.000962539 0.304272 0.004215 4004
0.000989526 0.312828 0.00421095 4004
0.00111802 0.353473 0.00421286 4004
0.00081588 0.257882 0.0042181 4004
0.00107141 0.338724 0.00419784 4004
0.000717764 0.22683 0.00419903 4004
0.000885205 0.279814 0.00423312 4004
0.000649139 0.205104 0.0042119 4004
0.00100796 0.318655 0.00438285 4004
0.00138474 0.437846 0.00425506 4004
0.00161831 0.511731 0.00419402 4004
0.000520559 0.164387 0.00422287 4004
0.000833357 0.263399 0.00426388 4004
0.0013425 0.424486 0.00422907 4004
0.00174608 0.552143 0.0042181 4004
0.000559435 0.176696 0.00420713 4004
0.00125955 0.398241 0.00420904 4004
0.000718092 0.226917 0.00424194 4004
0.000438521 0.138387 0.00422812 4004
0.000487271 0.15383 0.00422597 4004
0.00108746 0.343801 0.00424814 4004
0.000884138 0.279475 0.004246 4004
0.00104413 0.330088 0.00419807 4004
