4.48134e-06 2.1878e-05 0.00535417 806
4.44956e-06 2.15491e-05 0.00536299 806
4.7746e-06 2.28872e-05 0.00547099 806
4.9431e-06 2.34296e-05 0.00560212 806
3.96034e-06 1.97232e-05 0.00595307 806
4.30871e-06 2.1631e-05 0.00570703 806
4.57252e-06 2.0687e-05 0.00559402 806
4.65198e-06 2.32375e-05 0.00535083 806
4.22767e-06 1.9966e-05 0.00522184 806
4.26637e-06 2.14453e-05 0.00525403 806
5.26658e-06 2.33799e-05 0.00520992 806
4.76154e-06 2.23893e-05 0.00532293 806
4.32159e-06 2.08625e-05 0.00536108 806
4.20068e-06 2.16703e-05 0.00532198 806
4.1608e-06 2.37484e-05 0.00522995 806
4.61336e-06 2.0869e-05 0.00533795 806
3.97973e-06 2.1188e-05 0.00545502 806
4.67126e-06 2.26581e-05 0.00537705 806
4.74634e-06 2.15859e-05 0.00571108 806
4.29692e-06 2.26764e-05 0.005548 806
4.16282e-06 2.07975e-05 0.00544691 806
5.02799e-06 2.29964e-05 0.00536084 806
4.51521e-06 2.05835e-05 0.00542402 806
4.99575e-06 2.1605e-05 0.00545597 806
4.81077e-06 2.29824e-05 0.00535417 806
4.5364e-06 2.0656e-05 0.00550604 806
4.44603e-06 2.08479e-05 0.00543594 806
4.27324e-06 1.80459e-05 0.00547004 806
4.30504e-06 2.24438e-05 0.00538206 806
3.79229e-06 1.94254e-05 0.00529313 806
4.76445e-06 2.26522e-05 0.00547695 806
4.65217e-06 2.26748e-05 0.00543404 806
4.69175e-06 2.33055e-05 0.00542998 806
4.55099e-06 2.16781e-05 0.0054481 806
5.11071e-06 2.27362e-05 0.00544882 806
4.24766e-06 2.00642e-05 0.00547504 806
4.18775e-06 1.98537e-05 0.00542307 806
4.64848e-06 2.23389e-05 0.00530005 806
4.55948e-06 2.20348e-05 0.00552797 806
4.58128e-06 2.15881e-05 0.005476 806
4.89145e-06 2.06992e-05 0.00546193 806
4.69337e-06 2.42265e-05 0.00537395 806
4.30506e-06 1.90717e-05 0.00542188 806
4.58199e-06 1.89594e-05 0.00543714 806
4.67392e-06 2.31254e-05 0.00546193 806
4.57014e-06 2.30031e-05 0.00547504 806
4.84914e-06 2.63143e-05 0.00541496 806
4.0885e-06 1.951e-05 0.00543809 806
4.4731e-06 1.89152e-05 0.00533795 806
4.37366e-06 2.15195e-05 0.00534511 806
