3.32797e-06 4.70048e-06 0.00505209 28
2.94873e-06 5.11487e-06 0.00497293 28
3.5701e-06 6.02103e-06 0.00504184 28
3.20572e-06 5.18148e-06 0.0049789 28
3.12093e-06 4.5055e-06 0.00501084 28
2.81819e-06 4.73452e-06 0.00509596 28
2.89379e-06 4.53437e-06 0.00509906 28
3.33354e-06 4.76792e-06 0.0049839 28
3.64151e-06 6.26424e-06 0.00506806 28
2.59392e-06 4.37213e-06 0.00508118 28
2.93449e-06 4.08527e-06 0.00504208 28
2.4737e-06 4.17167e-06 0.00514102 28
3.00653e-06 5.3046e-06 0.00509191 28
2.90653e-06 4.32359e-06 0.00514197 28
2.99882e-06 5.0668e-06 0.00551295 28
3.12139e-06 5.44791e-06 0.00555706 28
3.19459e-06 5.48985e-06 0.00548196 28
3.27668e-06 5.17799e-06 0.00548387 28
2.63688e-06 4.98347e-06 0.00634003 28
2.90522e-06 4.69102e-06 0.0054059 28
2.8278e-06 4.0664e-06 0.00544095 28
3.31725e-06 5.79695e-06 0.00530696 28
3.1407e-06 5.03377e-06 0.00538301 28
2.47257e-06 5.36699e-06 0.00543785 28
3.59236e-06 5.30535e-06 0.00551701 28
2.85828e-06 5.23952e-06 0.00535297 28
2.91029e-06 5.00163e-06 0.00538015 28
3.26045e-06 5.38447e-06 0.005409 28
2.67942e-06 4.39126e-06 0.00537181 28
2.56943e-06 4.3471e-06 0.00536513 28
2.40761e-06 3.55029e-06 0.00534105 28
2.61148e-06 5.43331e-06 0.00535798 28
2.96128e-06 5.14167e-06 0.00550985 28
2.12037e-06 3.68765e-06 0.00532508 28
3.28801e-06 5.85625e-06 0.00547314 28
3.37435e-06 4.65753e-06 0.00541615 28
2.4355e-06 3.25291e-06 0.00547409 28
2.83548e-06 4.72409e-06 0.00538993 28
2.90672e-06 5.26524e-06 0.00550008 28
3.2966e-06 5.12462e-06 0.00552487 28
2.8512e-06 5.11997e-06 0.00560904 28
2.6144e-06 5.27125e-06 0.00553322 28
2.70756e-06 4.7751e-06 0.00550389 28
3.1238e-06 5.21263e-06 0.0054369 28
2.94095e-06 4.7832e-06 0.00550389 28
3.67646e-06 6.74233e-06 0.00536108 28
2.15107e-06 3.54845e-06 0.00546885 28
3.13349e-06 5.5254e-06 0.00537205 28
3.3132e-06 5.2594e-06 0.00539517 28
2.82702e-06 5.0463e-06 0.005404 28
