105.005 -0.233813 -0.272275 0.71209 -1.87753 -8.87854 -5.75733
105.015 -0.263484 -0.240859 0.521849 -1.89564 -8.48857 -5.92393
105.025 -0.2949 -0.045383 0.361278 -1.63956 -8.10485 -6.27175
105.035 -0.300136 0.237361 0.256559 -0.986295 -7.72195 -6.87303
105.045 -0.270465 0.492179 0.244341 -0.29735 -7.57364 -7.63247
105.055 -0.191925 0.657985 0.298447 0.272579 -7.47728 -8.32836
105.065 -0.074988 0.701618 0.364769 0.478819 -7.3959 -8.77892
105.075 0.034967 0.652749 0.436328 0.442406 -7.24351 -8.73496
105.085 0.130961 0.521849 0.47647 0.266293 -7.0578 -8.37866
105.095 0.158886 0.366515 0.499159 0.046318 -6.97136 -7.47521
105.105 0.132706 0.230379 0.507886 -0.199895 -6.91713 -6.67888
105.115 0.076855 0.153585 0.506141 -0.471003 -6.89982 -6.01627
105.125 -0.001684 0.141368 0.485197 -0.8125 -6.89271 -5.73499
105.135 -0.083715 0.165802 0.438073 -1.09058 -6.88118 -5.65725
105.145 -0.139565 0.179765 0.361278 -1.19665 -6.85616 -5.937
105.155 -0.151783 0.171038 0.282739 -1.0109 -6.81737 -6.23264
105.165 -0.118621 0.169293 0.228633 -0.702367 -6.79083 -6.4678
105.175 -0.109895 0.219908 0.207689 -0.287135 -6.9066 -6.18845
105.185 -0.120367 0.319391 0.232124 -0.016094 -7.05955 -6.04131
105.195 -0.144801 0.432838 0.270521 0.129779 -7.24648 -6.0097
105.205 -0.134329 0.488688 0.284484 -0.060605 -7.3856 -6.21796
105.215 -0.113385 0.474726 0.26354 -0.253884 -7.51557 -6.29032
105.225 -0.132584 0.453782 0.207689 -0.409227 -7.63144 -6.1036
105.235 -0.167491 0.434583 0.148348 -0.367695 -7.65694 -6.06033
105.245 -0.191925 0.445055 0.094243 -0.223008 -7.64971 -6.11517
105.255 -0.183199 0.479962 0.048864 0.124134 -7.61715 -6.41914
105.265 -0.162255 0.52534 0.052355 0.584062 -7.59074 -6.62704
105.275 -0.153528 0.548029 0.120423 1.10366 -7.56915 -6.7658
105.285 -0.153528 0.504396 0.23736 1.36509 -7.57659 -6.92091
105.294 -0.13782 0.432838 0.357788 1.36811 -7.50872 -7.11191
105.305 -0.099423 0.342081 0.471234 0.993395 -7.32975 -7.35647
105.315 -0.071498 0.265286 0.527085 0.31798 -7.20437 -7.32603
105.324 -0.057535 0.218162 0.507886 -0.376 -7.08538 -7.26836
105.334 -0.02961 0.200709 0.436328 -0.925975 -6.94836 -7.31471
105.344 0.003552 0.246087 0.343825 -1.16706 -6.94678 -7.3486
105.354 0.043694 0.303683 0.258304 -1.21193 -7.02564 -7.38053
105.365 0.094309 0.345571 0.200708 -0.813553 -7.2232 -7.48059
105.375 0.139687 0.357789 0.186745 -0.395286 -7.4152 -7.55799
105.384 0.200774 0.347317 0.225143 0.042126 -7.60117 -7.61235
105.394 0.246152 0.317646 0.305428 0.172618 -7.64287 -7.45124
105.404 0.25837 0.256559 0.380477 0.170234 -7.58833 -7.27023
105.414 0.251388 0.164057 0.429346 -0.065756 -7.34762 -7.1268
105.424 0.240916 0.052356 0.436328 -0.240086 -7.11268 -7.03546
105.434 0.207755 -0.038401 0.417129 -0.364438 -6.90862 -6.99831
105.444 0.171103 -0.101233 0.404912 -0.321658 -6.89419 -7.19791
105.454 0.162377 -0.129158 0.410148 -0.290514 -6.8662 -7.47488
105.464 0.190302 -0.130904 0.422365 -0.268945 -6.82591 -7.82409
105.474 0.233935 -0.11345 0.445054 -0.327568 -6.78933 -7.79848
105.484 0.260115 -0.078544 0.472979 -0.406676 -6.65557 -7.66576
105.494 0.28804 -0.06109 0.459017 -0.514663 -6.34779 -7.37509
105.504 0.298512 -0.050619 0.434582 -0.479954 -6.08357 -7.00699
105.514 0.312475 -0.055855 0.436328 -0.415895 -5.91667 -6.54124
105.524 0.247898 -0.0576 0.459017 -0.414683 -6.19572 -5.73789
105.534 0.136197 -0.062836 0.465998 -0.50501 -6.44608 -5.24301
105.544 0.008788 -0.080289 0.462508 -0.661689 -6.68526 -4.94416
105.554 -0.094187 -0.094252 0.459017 -0.932464 -6.94857 -5.16576
105.564 -0.165745 -0.094252 0.418874 -1.21009 -7.2336 -5.33215
105.574 -0.219851 -0.054109 0.36826 -1.49686 -7.54805 -5.42334
105.584 -0.280937 0.019195 0.296701 -1.71871 -7.94848 -5.60469
105.594 -0.32457 0.12566 0.205944 -1.88377 -8.34769 -5.95279
105.604 -0.319334 0.249578 0.082026 -1.90949 -8.68055 -6.74456
105.614 -0.258248 0.361279 -0.034911 -1.57617 -8.64123 -7.44967
105.624 -0.162255 0.438074 -0.122178 -1.03341 -8.38223 -8.10207
105.634 -0.040082 0.516613 -0.15883 -0.36556 -7.6723 -7.97982
105.644 0.012278 0.624824 -0.150103 0.289845 -7.02694 -7.65536
105.654 -0.017392 0.726053 -0.090762 0.905163 -6.47946 -7.11808
105.664 -0.071498 0.746997 0.001741 1.40449 -6.24125 -7.23183
105.674 -0.104659 0.680674 0.134386 1.78976 -6.07223 -7.47947
105.684 -0.106404 0.530576 0.308919 1.93843 -5.97299 -7.84382
105.694 -0.127348 0.342081 0.488687 1.65059 -5.89555 -7.96528
105.704 -0.143056 0.141368 0.638786 1.1166 -5.82078 -7.96731
105.714 -0.144801 -0.03142 0.726052 0.225461 -5.71768 -7.84263
105.724 -0.157019 -0.127413 0.740015 -0.643388 -5.65734 -7.67342
105.733 -0.157019 -0.118686 0.68591 -1.46653 -5.63462 -7.47227
105.744 -0.157019 -0.034911 0.595152 -2.01529 -5.79264 -7.22297
105.753 -0.153528 0.106461 0.478215 -2.36498 -5.99131 -7.00368
105.764 -0.167491 0.274013 0.347316 -2.41247 -6.25644 -6.82854
105.774 -0.204143 0.403167 0.23736 -2.12699 -6.39429 -7.22737
105.783 -0.162255 0.4468 0.157075 -1.73749 -6.46591 -7.74741
105.794 -0.08546 0.42062 0.10646 -1.3 -6.39357 -8.09413
105.803 -0.031355 0.363025 0.07679 -0.936798 -6.2792 -8.01984
105.814 -0.027864 0.343826 0.062827 -0.62046 -6.13598 -7.66446
105.823 -0.047063 0.359534 0.085516 -0.434218 -6.06654 -7.41028
105.833 -0.099423 0.392695 0.108206 -0.290746 -6.0461 -7.40184
105.843 -0.123857 0.418875 0.137876 -0.210354 -6.09274 -7.7205
105.853 -0.090696 0.403167 0.181509 -0.227319 -6.04821 -8.13834
105.863 -0.0331 0.387459 0.212925 -0.279661 -5.97486 -8.44601
105.873 0.017514 0.363025 0.216416 -0.376181 -5.87456 -8.31682
105.883 0.04893 0.373497 0.226888 -0.476573 -5.74893 -8.06457
105.893 0.061147 0.403167 0.228633 -0.575638 -5.61288 -7.76387
105.903 0.073365 0.42062 0.225143 -0.587445 -5.56168 -7.76229
105.913 0.099545 0.403167 0.226888 -0.582118 -5.57311 -7.7475
105.923 0.150159 0.345571 0.212925 -0.559199 -5.64858 -7.71877
105.933 0.178084 0.310665 0.191981 -0.50169 -5.75437 -7.25982
105.943 0.141433 0.326373 0.183255 -0.421227 -5.84116 -6.89161
105.953 0.094309 0.371751 0.198963 -0.30899 -5.87598 -6.83291
105.963 0.061147 0.403167 0.225143 -0.107129 -5.90039 -7.1312
105.973 0.057657 0.389204 0.261795 0.116914 -5.92944 -7.56274
105.983 0.090818 0.349062 0.28972 0.246698 -6.02637 -7.85641
105.993 0.092563 0.335099 0.326372 0.265534 -6.16365 -7.99046
106.003 0.080346 0.347317 0.357788 0.186742 -6.33566 -7.98347
106.013 0.104781 0.349062 0.380477 0.064694 -6.39426 -8.10968
106.023 0.136197 0.349062 0.375241 -0.046598 -6.42323 -8.13173
106.033 0.143178 0.335099 0.364769 -0.138138 -6.41296 -7.96359
106.043 0.157141 0.301938 0.34557 -0.005483 -6.22462 -8.0081
106.053 0.200774 0.244342 0.301937 0.297226 -5.91849 -8.01173
106.063 0.2095 0.212926 0.291465 1.02733 -5.3414 -7.61042
106.073 0.192047 0.228634 0.411893 1.63123 -5.43042 -6.87427
106.083 0.083837 0.258305 0.649258 2.12271 -5.99338 -5.92509
106.093 -0.043572 0.256559 0.841244 1.43584 -6.82507 -5.58416
106.103 -0.158764 0.197218 0.938982 0.617527 -7.41179 -5.55643
106.113 -0.219851 0.113442 0.98087 -0.375453 -7.6598 -5.95742
106.123 -0.228577 0.048865 0.935492 -1.34795 -7.87602 -6.17956
106.133 -0.251266 0.064573 0.802847 -2.11184 -7.98943 -6.38885
106.143 -0.284428 0.171038 0.63704 -2.24663 -7.80635 -6.66421
106.153 -0.291409 0.350807 0.492178 -1.75622 -7.4176 -7.45691
106.163 -0.232068 0.507887 0.439818 -0.954759 -6.93874 -8.46841
106.173 -0.118621 0.614352 0.495669 -0.156975 -6.6015 -9.01378
106.183 -0.026119 0.642277 0.600388 0.266562 -6.28609 -9.16029
106.193 0.034967 0.579445 0.708599 0.342365 -5.96295 -8.9068
106.203 0.055911 0.453782 0.783648 -0.013056 -5.68267 -8.34104
106.213 0.017514 0.298447 0.818555 -0.48437 -5.49835 -7.76034
106.223 -0.0331 0.134386 0.801101 -1.07669 -5.5232 -7.2547
106.232 -0.087206 0.003487 0.731288 -1.62556 -5.57317 -7.01013
106.242 -0.106404 -0.045383 0.616096 -2.11108 -5.62934 -6.83679
106.252 -0.113385 -0.00524 0.488687 -2.28367 -5.65941 -6.44655
106.263 -0.153528 0.101225 0.34557 -2.22736 -5.73788 -6.0748
106.273 -0.226832 0.274013 0.228633 -1.97709 -5.85741 -5.71848
106.282 -0.261738 0.415384 0.136131 -1.41167 -6.00666 -6.09011
106.292 -0.27221 0.486943 0.082026 -0.860281 -6.20189 -6.38535
106.302 -0.27221 0.49567 0.068063 -0.326373 -6.48829 -6.52021
106.312 -0.303626 0.462508 0.08028 0.055427 -6.77598 -6.52646
106.322 -0.357732 0.427602 0.109951 0.371743 -7.03402 -6.5803
106.332 -0.390893 0.352553 0.15533 0.573541 -7.15496 -6.99436
106.342 -0.37693 0.23387 0.205944 0.741673 -7.12453 -7.43488
106.352 -0.29839 0.09948 0.246087 0.886514 -6.99352 -7.89068
106.362 -0.223341 0.02094 0.28972 0.943143 -6.8106 -7.52512
106.372 -0.170981 0.062828 0.357788 0.966644 -6.61701 -7.0655
106.382 -0.160509 0.176274 0.459017 0.944297 -6.41251 -6.47614
106.392 -0.169236 0.326373 0.541047 0.668202 -6.28972 -6.2186
106.402 -0.177963 0.4468 0.591662 0.299982 -6.1737 -6.07251
106.412 -0.176217 0.520104 0.591662 -0.230876 -6.0243 -6.06854
106.422 -0.202397 0.549775 0.574209 -0.624755 -5.92682 -6.09456
106.432 -0.226832 0.504396 0.530575 -0.931543 -5.86014 -6.1494
106.442 -0.24254 0.385714 0.485197 -1.01376 -5.84749 -6.39933
106.452 -0.251266 0.235615 0.439818 -1.02595 -5.91972 -6.58142
106.462 -0.289664 0.101225 0.39793 -0.963883 -6.08212 -6.69195
106.472 -0.282682 0.024431 0.361278 -0.807935 -6.34068 -7.20765
106.482 -0.218105 0.005232 0.363024 -0.672585 -6.57416 -7.62742
106.492 -0.136075 0.061083 0.390949 -0.596978 -6.74376 -7.76396
106.502 -0.087206 0.143113 0.404912 -0.64539 -6.791 -7.65734
106.512 -0.076734 0.211181 0.39444 -0.723837 -6.76699 -7.51449
106.522 -0.080224 0.237361 0.380477 -0.728191 -6.54476 -7.68199
106.532 -0.087206 0.232125 0.359533 -0.641301 -6.3695 -8.00156
106.542 -0.057535 0.183256 0.347316 -0.476546 -6.23713 -8.44868
106.552 -0.022628 0.115188 0.376986 -0.342657 -6.15777 -8.49733
106.562 0.001806 0.048865 0.432837 -0.313749 -6.12845 -8.42614
106.572 -0.00343 -0.008731 0.47647 -0.465461 -6.18294 -8.1722
106.582 0.005297 -0.038401 0.490433 -0.818229 -6.18993 -8.12754
106.592 0.010533 -0.054109 0.481706 -1.16294 -6.06718 -8.14759
106.602 0.066383 -0.082034 0.417129 -1.2568 -5.4685 -8.19746
106.612 0.111762 -0.132649 0.329862 -0.976574 -4.89181 -7.69571
106.622 0.078601 -0.144866 0.310664 -0.456547 -4.32927 -6.84035
106.632 0.010533 -0.106469 0.359533 -0.362778 -4.70524 -6.13497
106.642 -0.109895 -0.026184 0.389204 -0.406368 -5.14403 -5.61158
106.652 -0.273956 0.048865 0.418874 -0.653974 -5.69074 -5.36243
106.662 -0.394383 0.076791 0.431092 -0.932437 -6.00075 -6.01827
106.672 -0.446743 0.048865 0.42411 -1.1957 -6.26541 -6.85493
106.682 -0.438017 -0.001749 0.408402 -1.41134 -6.54718 -7.73627
106.692 -0.378676 -0.019203 0.357788 -1.60309 -6.68568 -8.15541
106.702 -0.345514 0.048865 0.291465 -1.75803 -6.73008 -8.33709
106.711 -0.362968 0.153585 0.225143 -1.63124 -6.53151 -8.50471
106.722 -0.352496 0.214672 0.178019 -1.32473 -6.25935 -8.83694
106.732 -0.314098 0.218162 0.171038 -0.834258 -5.91272 -9.33738
106.741 -0.287918 0.176274 0.212925 -0.463904 -5.68112 -9.46819
106.751 -0.265229 0.12566 0.307173 -0.221159 -5.48683 -9.54377
106.761 -0.256502 0.048865 0.404912 -0.281222 -5.37394 -9.56522
106.771 -0.240795 -0.041892 0.493923 -0.529584 -5.21171 -9.70766
106.781 -0.209379 -0.153593 0.561991 -0.86386 -5.02873 -9.85058
106.791 -0.184944 -0.282747 0.589917 -1.30658 -4.81638 -9.71441
106.801 -0.188435 -0.366523 0.558501 -1.65155 -4.63217 -9.51638
106.811 -0.177963 -0.356051 0.507886 -1.9111 -4.47363 -9.26951
106.821 -0.139565 -0.258313 0.478215 -1.96919 -4.53008 -9.06439
106.831 -0.113385 -0.076798 0.483451 -2.06709 -4.70967 -8.86118
106.841 -0.094187 0.090753 0.490433 -2.24312 -5.07628 -8.65983
106.851 -0.054044 0.167548 0.465998 -2.4536 -5.30236 -8.4203
106.861 -0.048808 0.130896 0.404912 -2.66513 -5.4843 -8.11125
106.871 -0.094187 0.061083 0.317645 -2.79243 -5.57783 -7.58996
106.881 -0.176217 0.006977 0.212925 -2.70816 -5.59796 -7.34756
106.891 -0.258248 -0.012221 0.12915 -2.48361 -5.56936 -7.29051
106.901 -0.312353 -0.003495 0.075044 -1.93712 -5.49381 -7.81888
106.911 -0.29839 0.017449 0.066318 -1.4448 -5.43606 -8.35785
106.921 -0.226832 0.040139 0.099479 -1.01597 -5.40081 -8.92355
106.931 -0.113385 0.066319 0.134386 -0.901749 -5.38509 -8.77956
106.941 -0.061026 0.116933 0.167547 -0.90668 -5.3739 -8.47582
106.951 -0.05579 0.232125 0.193727 -1.07615 -5.36604 -8.11316
106.961 -0.047063 0.345571 0.216416 -1.17208 -5.28491 -8.14172
106.971 -0.034846 0.403167 0.240851 -1.23479 -5.17354 -8.36827
106.981 -0.005175 0.376987 0.256559 -1.31755 -5.18636 -8.59918
106.991 0.017514 0.274013 0.246087 -1.3844 -5.19332 -8.73726
107.001 0.027986 0.15184 0.235615 -1.43392 -5.19393 -8.77481
107.011 0.052421 0.036648 0.242596 -1.34422 -5.13468 -8.88918
107.021 0.094309 -0.066326 0.258304 -1.25601 -5.07405 -8.92489
107.031 0.12747 -0.108214 0.279248 -1.20245 -5.02372 -8.77491
107.041 0.171103 -0.104724 0.301937 -1.15866 -4.91119 -8.69304
107.051 0.221718 -0.055855 0.326372 -1.12694 -4.80063 -8.59534
107.061 0.226954 0.022685 0.361278 -1.13566 -4.81528 -8.23452
107.071 0.20601 0.106461 0.39793 -1.16165 -4.84725 -8.06228
107.081 0.186811 0.134386 0.436328 -1.19956 -4.89092 -8.03954
107.091 0.158886 0.113442 0.464253 -1.34895 -4.9191 -8.12809
107.101 0.130961 0.045375 0.483451 -1.56078 -4.92816 -8.36379
107.111 0.150159 -0.043637 0.471234 -1.87261 -4.9052 -8.848
107.121 0.219972 -0.155338 0.434582 -2.03929 -4.86792 -8.9178
107.131 0.23568 -0.226897 0.36826 -2.09946 -4.74472 -8.83827
107.141 0.211246 -0.223406 0.293211 -1.86296 -4.2908 -8.59229
107.151 0.172848 -0.143121 0.246087 -1.31145 -3.9518 -8.61817
107.161 0.171103 -0.041892 0.328117 -0.552781 -3.67851 -8.81461
107.171 0.221718 0.054101 0.481706 -0.615449 -4.16747 -8.48645
107.181 0.212991 0.118678 0.595152 -0.944657 -4.61308 -8.01168
107.19 0.18332 0.113442 0.63704 -1.62577 -5.01776 -7.34844
107.2 0.106526 0.083772 0.617842 -2.24148 -5.17 -6.92294
107.21 0.043694 0.059337 0.532321 -2.75976 -5.27949 -6.54974
107.22 -0.047063 0.048865 0.403166 -3.02905 -5.41888 -6.18006
107.23 -0.188435 0.12566 0.260049 -2.94672 -5.70293 -6.31177
107.24 -0.270465 0.242597 0.165802 -2.67161 -6.02864 -6.73538
107.25 -0.310608 0.361279 0.10646 -2.17091 -6.04088 -7.69657
107.26 -0.293154 0.432838 0.068063 -1.57283 -5.79537 -8.634
107.27 -0.193671 0.429347 0.069808 -0.873392 -5.28396 -9.54862
107.28 -0.104659 0.387459 0.137876 -0.265604 -4.88215 -9.35081
107.29 -0.092442 0.361279 0.280993 0.174936 -4.58167 -9.05073
107.3 -0.095932 0.333354 0.465998 0.268417 -4.4828 -8.77407
107.31 -0.068007 0.246087 0.63355 -0.152675 -4.50734 -8.57608
107.32 -0.050554 0.116933 0.708599 -0.800576 -4.57742 -8.35351
107.33 -0.094187 -0.024439 0.684164 -1.58411 -4.61852 -7.74849
107.34 -0.143056 -0.129158 0.572463 -2.16114 -4.54255 -7.24962
107.35 -0.204143 -0.129158 0.404912 -2.55636 -4.36772 -6.8463
107.36 -0.244285 -0.040147 0.265285 -2.30396 -4.22398 -6.72975
107.37 -0.284428 0.120424 0.144858 -1.90031 -4.14832 -6.70579
107.38 -0.331552 0.305429 0.068063 -1.30163 -4.18858 -6.81842
107.39 -0.342024 0.488688 0.040138 -0.694843 -4.20738 -7.16491
107.4 -0.335042 0.617843 0.062827 -0.119973 -4.23441 -7.51614
107.41 -0.308862 0.661476 0.115187 0.303984 -4.31589 -7.63079
107.42 -0.314098 0.645768 0.195472 0.530292 -4.4171 -7.45974
107.43 -0.385657 0.60388 0.294956 0.648386 -4.54077 -7.08535
107.44 -0.476414 0.518359 0.39793 0.421981 -4.66875 -7.27302
107.45 -0.544482 0.383968 0.467743 0.085471 -4.73303 -7.65441
107.46 -0.553208 0.237361 0.490433 -0.421706 -4.71244 -8.3298
107.47 -0.523538 0.137877 0.467743 -0.91552 -4.66096 -8.78134
107.48 -0.441507 0.106461 0.417129 -1.28225 -4.62816 -9.04703
107.49 -0.375185 0.137877 0.357788 -1.28663 -4.66714 -8.89193
107.5 -0.343769 0.190237 0.324627 -1.03961 -4.68511 -8.67845
107.51 -0.317589 0.244342 0.336844 -0.684216 -4.68305 -8.44775
107.52 -0.29839 0.294957 0.390949 -0.483189 -4.5663 -8.34409
107.53 -0.308862 0.333354 0.455526 -0.458545 -4.48383 -8.36951
107.54 -0.308862 0.308919 0.523594 -0.618372 -4.4346 -8.53138
107.55 -0.301881 0.235615 0.560246 -1.04079 -4.4074 -8.77333
107.56 -0.270465 0.146604 0.548029 -1.48097 -4.37224 -8.98268
107.57 -0.225087 0.061083 0.514867 -1.88023 -4.31483 -9.08752
107.58 -0.197161 0.015704 0.469489 -2.0576 -4.3371 -9.01434
107.59 -0.172727 0.006977 0.415384 -2.11914 -4.37031 -8.88
107.6 -0.132584 0.027921 0.363024 -1.98783 -4.2802 -8.78997
107.61 -0.122112 0.071555 0.34557 -1.69989 -4.1742 -8.66214
107.62 -0.127348 0.118678 0.375241 -1.2808 -4.05436 -8.50226
107.63 -0.139565 0.141368 0.438073 -1.09986 -4.02872 -8.43432
107.639 -0.164 0.146604 0.509631 -1.07083 -4.01876 -8.47551
107.649 -0.205888 0.127405 0.568973 -1.27052 -4.02716 -8.69119
107.659 -0.218105 0.052356 0.614351 -1.6101 -3.99706 -9.26535
107.669 -0.181453 -0.059345 0.609115 -1.99997 -3.92172 -9.82494
107.679 -0.13782 -0.158829 0.574209 -2.43147 -3.7023 -9.86816
107.689 -0.120367 -0.21817 0.506141 -2.6494 -3.30059 -9.75161
107.699 -0.122112 -0.211189 0.431092 -2.71971 -2.78608 -9.53093
107.709 -0.130839 -0.16232 0.375241 -2.50496 -2.85648 -9.2411
107.719 -0.155273 -0.075053 0.338589 -2.33242 -3.03517 -9.04022
107.729 -0.183199 0.022685 0.312409 -2.21386 -3.37236 -8.96248
107.739 -0.198907 0.0733 0.305428 -2.04738 -3.54113 -9.24747
107.749 -0.162255 0.04712 0.296701 -1.92728 -3.67729 -9.4504
107.759 -0.120367 0.02094 0.294956 -1.96017 -3.81831 -9.23653
107.769 -0.099423 0.036648 0.296701 -2.13676 -4.00051 -8.70648
107.779 -0.143056 0.113442 0.267031 -2.3844 -4.20466 -8.06772
107.789 -0.223341 0.197218 0.205944 -2.56731 -4.4159 -8.21796
107.799 -0.228577 0.258305 0.12915 -2.59959 -4.52191 -8.63117
107.809 -0.174472 0.279249 0.047119 -2.46976 -4.51617 -9.33582
107.819 -0.127348 0.314155 -0.020949 -2.04786 -4.31103 -9.42555
107.829 -0.115131 0.408403 -0.057601 -1.51374 -4.03961 -9.46824
107.839 -0.118621 0.534067 -0.012222 -0.8082 -3.67378 -9.56789
107.849 -0.139565 0.640532 0.083771 -0.291606 -3.47205 -10.1223
107.859 -0.109895 0.675438 0.207689 0.114707 -3.34085 -10.83
107.869 -0.00343 0.602135 0.36826 0.31526 -3.24769 -11.4369
107.879 0.087327 0.460763 0.523594 0.202124 -3.2155 -11.3563
107.889 0.085582 0.331609 0.638786 -0.191423 -3.23816 -10.6599
107.899 0.017514 0.216417 0.713835 -0.717346 -3.05194 -10.2623
107.909 -0.02961 0.12915 0.74176 -1.22635 -2.87156 -10.0455
107.919 -0.052299 0.089008 0.74176 -1.70017 -2.72042 -10.1163
107.929 -0.061026 0.083772 0.706854 -1.97365 -2.63991 -10.2128
107.939 -0.05579 0.090753 0.66322 -2.15085 -2.6131 -10.3558
107.949 6.1e-05 0.10297 0.623078 -2.15863 -2.72527 -10.6513
107.959 0.099545 0.10297 0.586426 -2.23201 -2.89864 -10.4761
107.969 0.17983 0.139622 0.539302 -2.34834 -3.11274 -9.99486
107.979 0.171103 0.219908 0.483451 -2.38775 -3.33242 -9.17765
107.989 0.108271 0.317646 0.413638 -2.30738 -3.48529 -8.64558
107.999 0.055911 0.383968 0.359533 -2.05348 -3.53218 -8.54721
108.009 0.012278 0.41713 0.322881 -1.65299 -3.46066 -8.64059
108.019 -0.026119 0.415384 0.321136 -1.23447 -3.35445 -8.77758
108.029 -0.068007 0.387459 0.363024 -0.847997 -3.21331 -8.92979
108.039 -0.099423 0.331609 0.434582 -0.679214 -3.07117 -9.12413
108.049 -0.102914 0.263541 0.509631 -0.636804 -2.93341 -9.33344
108.059 -0.104659 0.197218 0.567227 -0.775128 -2.82057 -9.51741
108.069 -0.090696 0.172784 0.605624 -0.974512 -2.73708 -9.73536
108.079 -0.047063 0.183256 0.642276 -1.2362 -2.68342 -9.98804
108.088 -0.00692 0.242597 0.642276 -1.64869 -2.65073 -10.0565
108.098 0.024496 0.326373 0.60737 -1.99716 -2.65581 -10.092
108.108 0.045439 0.376987 0.535811 -2.13688 -2.74657 -10.095
108.118 0.085582 0.383968 0.469489 -1.89469 -2.78118 -10.2061
108.128 0.158886 0.373497 0.460762 -1.50587 -2.80009 -10.2891
108.138 0.199028 0.356043 0.485197 -1.17262 -2.87428 -9.83436
108.148 0.197283 0.333354 0.514867 -1.00242 -2.88677 -9.47573
108.158 0.190302 0.289721 0.52883 -0.958416 -2.84966 -9.18229
108.168 0.186811 0.251323 0.523594 -1.05324 -2.73435 -9.06945
108.178 0.197283 0.212926 0.495669 -1.1499 -2.66211 -8.87749
108.188 0.185066 0.20769 0.438073 -1.23851 -2.66527 -8.54498
108.198 0.151905 0.256559 0.387458 -1.09608 -2.75607 -8.28486
108.208 0.110017 0.331609 0.366514 -0.85925 -2.89244 -8.17294
108.218 0.061147 0.413639 0.361278 -0.521974 -3.10403 -8.65469
108.228 0.099545 0.453782 0.370005 -0.21545 -3.26937 -9.2148
108.238 0.158886 0.46949 0.390949 0.065532 -3.40046 -9.82105
108.248 0.195538 0.46949 0.443309 0.357471 -3.45925 -9.6857
108.258 0.190302 0.464254 0.504395 0.590398 -3.40609 -9.61393
108.268 0.125725 0.457272 0.570718 0.745403 -3.20085 -9.61981
108.278 0.089073 0.431092 0.630059 1.10874 -2.48294 -10.1919
108.288 0.115253 0.363025 0.748741 1.40392 -1.84191 -10.6605
108.298 0.212991 0.279249 0.970398 1.39102 -1.69765 -10.5255
108.308 0.308984 0.209436 1.17286 0.488894 -2.12921 -9.25895
108.318 0.216482 0.195473 1.20602 -0.825904 -2.81696 -7.52781
108.328 0.052421 0.20769 1.09432 -2.07943 -3.23899 -6.83358
108.338 -0.08197 0.240851 0.897094 -2.86827 -3.52073 -6.67223
108.348 -0.198907 0.315901 0.654494 -3.13027 -3.64287 -7.10569
108.358 -0.286173 0.441564 0.42062 -2.49084 -3.87042 -8.0751
108.368 -0.312353 0.589917 0.282739 -1.566 -4.14804 -9.22765
108.378 -0.266974 0.699873 0.301937 -0.253076 -4.50701 -10.6323
108.388 -0.123857 0.733034 0.441564 0.633219 -4.64809 -11.7798
108.398 0.078601 0.668457 0.624823 1.23697 -4.65612 -12.6025
108.408 0.247898 0.523595 0.788884 1.06418 -4.33833 -11.9613
108.418 0.300258 0.356043 0.90233 0.613648 -3.95005 -11.0691
108.428 0.268842 0.237361 0.938982 -0.054624 -3.50848 -9.98361
108.438 0.211246 0.186746 0.912802 -0.501149 -3.25787 -9.56541
108.448 0.151905 0.193728 0.856952 -0.73921 -3.07297 -9.38032
108.458 0.137942 0.212926 0.811573 -0.626402 -2.98129 -9.54007
108.468 0.171103 0.256559 0.830772 -0.526294 -2.90145 -9.3869
108.478 0.164122 0.317646 0.87615 -0.50222 -2.86638 -9.12092
108.488 0.080346 0.357789 0.884877 -0.796689 -3.0125 -8.75768
108.498 0.008788 0.321137 0.849971 -0.953434 -3.14122 -8.89619
108.508 -0.022628 0.219908 0.788884 -1.02113 -3.2622 -9.38193
108.518 -0.008666 0.076791 0.73827 -0.611273 -3.45618 -9.77392
108.528 0.041949 -0.033165 0.733034 -0.283063 -3.61139 -9.84923
108.538 0.064638 -0.038401 0.773176 -0.044766 -3.71854 -9.49175
108.547 0.052421 0.033157 0.842989 -0.140467 -3.68486 -9.18961
108.557 0.040203 0.130896 0.890113 -0.372189 -3.61602 -8.97571
108.567 0.064638 0.205945 0.89884 -0.844244 -3.51606 -9.06015
108.577 0.080346 0.256559 0.848225 -1.23997 -3.47673 -9.03337
108.587 0.087327 0.28623 0.759213 -1.5734 -3.47435 -8.95394
108.597 0.089073 0.328118 0.678928 -1.61133 -3.52529 -8.98042
108.607 0.083837 0.370006 0.609115 -1.60405 -3.60917 -9.02599
108.617 0.099545 0.373497 0.539302 -1.54824 -3.72821 -9.09195
108.627 0.115253 0.36477 0.472979 -1.45671 -3.87509 -9.03578
108.637 0.108271 0.345571 0.42062 -1.3011 -3.99877 -9.06359
108.647 0.108271 0.321137 0.37175 -1.02136 -4.06078 -9.30183
108.657 0.174594 0.272267 0.347316 -0.659621 -4.07484 -9.462
108.667 0.253134 0.253069 0.373496 -0.292456 -4.07301 -9.49499
108.677 0.274078 0.296702 0.439818 -0.106804 -4.11158 -8.82596
108.687 0.237426 0.36477 0.52883 -0.096116 -4.09773 -8.40351
108.697 0.199028 0.385714 0.619587 -0.237746 -4.03805 -8.19063
108.707 0.178084 0.356043 0.684164 -0.732803 -3.9277 -8.24671
108.717 0.174594 0.310665 0.701618 -1.24423 -3.81454 -8.18513
108.727 0.151905 0.267031 0.684164 -1.76277 -3.69829 -7.89008
108.737 0.087327 0.235615 0.651003 -2.03575 -3.59987 -7.99125
108.747 0.090818 0.195473 0.623078 -2.2087 -3.50556 -8.18362
108.757 0.110017 0.158821 0.591662 -2.26729 -3.40482 -8.28019
108.767 0.069874 0.141368 0.572463 -2.30043 -3.41801 -8.23915
108.777 0.003552 0.143113 0.575954 -2.31783 -3.50737 -8.1052
108.787 -0.080224 0.109952 0.58119 -2.25882 -3.69907 -8.645
108.797 -0.113385 0.027921 0.582935 -2.17212 -3.72913 -9.35576
108.807 -0.080224 -0.104724 0.579445 -2.04367 -3.52343 -10.3269
108.817 6.1e-05 -0.251331 0.565482 -1.91768 -2.92121 -10.7337
108.827 0.094309 -0.338598 0.542793 -1.8372 -2.30907 -10.7943
108.837 0.148414 -0.305437 0.520103 -1.90319 -1.91857 -10.0856
108.847 0.148414 -0.125668 0.497414 -2.12478 -1.77615 -9.39355
108.857 0.087327 0.087262 0.452036 -2.40358 -1.77302 -8.79195
108.867 0.054166 0.212926 0.399676 -2.47602 -1.93128 -9.05274
108.877 0.087327 0.212926 0.324627 -2.46639 -2.10512 -9.10573
108.887 0.085582 0.144858 0.23736 -2.36742 -2.30687 -8.93744
108.897 0.031477 0.062828 0.162311 -1.91396 -2.30238 -8.70304
108.907 -0.010411 -4e-06 0.141367 -1.43076 -2.34993 -8.50097
108.917 -0.08197 -0.029675 0.188491 -0.997978 -2.59015 -8.40199
108.927 -0.157019 -0.034911 0.251323 -0.826921 -2.89072 -8.58706
108.937 -0.219851 -0.080289 0.301937 -0.791637 -3.17325 -8.93707
108.947 -0.212869 -0.169301 0.3159 -0.951355 -3.14093 -9.58931
108.957 -0.181453 -0.235623 0.286229 -1.08239 -2.96645 -10.0274
108.967 -0.129093 -0.226897 0.247832 -1.19091 -2.66686 -10.2884
108.977 -0.074988 -0.13963 0.218161 -1.19609 -2.50989 -10.1314
108.986 -0.068007 0.038393 0.186745 -1.15646 -2.42859 -10.0246
108.996 -0.078479 0.202454 0.162311 -1.03715 -2.46481 -10.0256
109.006 -0.062771 0.319391 0.15533 -0.804904 -2.47876 -10.2422
109.016 -0.043572 0.343826 0.183255 -0.595071 -2.49336 -10.4701
109.026 -0.036591 0.282739 0.23736 -0.621066 -2.54425 -10.4717
109.036 -0.017392 0.183256 0.270521 -0.913654 -2.62936 -10.4455
109.046 0.01926 0.090753 0.267031 -1.3995 -2.73989 -10.3992
109.056 0.059402 0.068064 0.205944 -2.0177 -2.92224 -10.0246
109.066 0.071619 0.132641 0.094243 -2.45358 -3.11927 -9.63079
109.076 0.050675 0.244342 -0.050619 -2.63149 -3.33398 -9.21237
109.086 0.029732 0.340335 -0.186755 -2.13408 -3.48502 -9.24436
109.096 0.033222 0.411894 -0.275767 -1.42541 -3.58829 -9.33219
109.106 0.066383 0.44331 -0.274021 -0.489404 -3.57916 -9.33681
109.116 0.040203 0.483452 -0.193736 0.282554 -3.60952 -9.29509
109.126 -0.00692 0.49567 -0.057601 0.935443 -3.65503 -9.2663
109.136 -0.005175 0.439819 0.118678 1.18795 -3.58496 -9.86419
109.146 0.050675 0.298447 0.300192 1.06398 -3.49425 -10.1325
109.156 0.115253 0.136132 0.436328 0.527964 -3.38437 -10.0248
109.166 0.130961 0.040139 0.497414 -0.342522 -3.22514 -9.52374
109.176 0.094309 0.027921 0.490433 -1.14139 -3.02467 -9.15409
109.186 0.080346 0.052356 0.431092 -1.65891 -2.75005 -9.20807
109.196 0.097799 0.066319 0.349061 -1.7765 -2.58879 -9.34088
109.206 0.115253 0.071555 0.260049 -1.66486 -2.47408 -9.48379
109.216 0.157141 0.069809 0.209435 -1.13667 -2.37299 -9.47997
109.226 0.190302 0.066319 0.226888 -0.624553 -2.27381 -9.33565
109.236 0.17983 0.087262 0.282739 -0.141702 -2.17919 -9.06564
109.246 0.192047 0.118678 0.36826 -0.038381 -2.04169 -8.98541
109.256 0.192047 0.137877 0.457272 -0.09575 -1.91574 -8.89596
109.266 0.204264 0.120424 0.516613 -0.410072 -1.81214 -8.76004
109.276 0.211246 0.10297 0.534066 -0.928677 -1.84825 -8.33542
109.286 0.139687 0.094244 0.490433 -1.44865 -1.93148 -7.9402
109.296 0.057657 0.095989 0.399676 -1.74813 -2.05769 -8.02021
109.306 0.02275 0.094244 0.287975 -1.66142 -2.13985 -8.41185
109.316 0.024496 0.089008 0.219907 -1.33091 -2.19419 -9.00019
109.326 0.064638 0.109952 0.219907 -0.935587 -2.3047 -9.19734
109.336 0.092563 0.164057 0.261795 -0.681482 -2.40709 -9.27518
109.346 0.106526 0.232125 0.308919 -0.647998 -2.49629 -9.1588
109.356 0.099545 0.282739 0.354297 -0.729726 -2.57526 -9.16055
109.366 0.07511 0.296702 0.390949 -0.850061 -2.67874 -9.27793
109.376 0.047185 0.244342 0.376986 -1.00822 -2.86361 -9.6845
109.386 0.038458 0.158821 0.329862 -0.91866 -2.94753 -10.0612
109.396 0.010533 0.054101 0.301937 -0.675895 -2.95832 -10.4567
109.406 -0.00343 -0.066326 0.301937 -0.090492 -2.63065 -11.2969
109.416 0.115253 -0.190245 0.356042 0.46346 -2.40357 -11.6661
109.426 0.274078 -0.240859 0.511377 1.00201 -2.27546 -11.5495
109.435 0.352617 -0.186754 0.722562 0.60103 -2.57074 -10.2024
109.445 0.319456 -0.062836 0.879641 -0.138474 -2.87632 -8.90531
109.455 0.23219 0.04712 0.90233 -1.35334 -3.03757 -8.28117
109.465 0.164122 0.113442 0.797611 -2.30813 -3.07704 -8.37459
109.475 0.15365 0.139622 0.60737 -3.02766 -3.06571 -8.77256
109.485 0.148414 0.167548 0.380477 -2.81136 -3.07304 -9.12899
109.495 0.178084 0.223398 0.216416 -2.08548 -3.07257 -9.37119
109.505 0.20601 0.291466 0.195472 -0.896218 -3.0651 -9.51329
109.515 0.195538 0.324627 0.279248 -0.086494 -3.2973 -9.32227
109.525 0.181575 0.336845 0.42411 0.380237 -3.50965 -9.20551
109.535 0.160631 0.305429 0.55501 0.253621 -3.65631 -9.25985
109.545 0.171103 0.239106 0.638786 -0.170962 -3.74579 -9.30371
109.555 0.176339 0.17802 0.671947 -0.677298 -3.79494 -9.30369
109.565 0.176339 0.137877 0.652748 -1.25854 -3.74223 -9.10357
109.575 0.150159 0.150094 0.572463 -1.65678 -3.66633 -9.18078
109.585 0.164122 0.171038 0.488687 -1.91709 -3.5748 -9.45696
109.595 0.239171 0.185001 0.422365 -1.86762 -3.57286 -9.5331
109.605 0.281059 0.17802 0.333353 -1.73223 -3.67301 -9.37534
109.615 0.274078 0.198964 0.239105 -1.47847 -3.91804 -8.88453
109.625 0.25837 0.240851 0.190236 -1.03759 -4.03294 -8.62202
109.635 0.239171 0.296702 0.190236 -0.618719 -4.14735 -8.41747
109.645 0.199028 0.352553 0.202453 -0.404077 -4.34967 -8.24694
109.655 0.144923 0.383968 0.204199 -0.252012 -4.51058 -8.20934
109.665 0.111762 0.397931 0.216416 -0.13213 -4.64866 -8.23822
109.675 0.059402 0.404912 0.254813 -0.012701 -4.76163 -8.27937
109.685 0.036713 0.401422 0.28972 0.050465 -4.88188 -8.36015
109.695 -0.00343 0.406658 0.326372 0.050922 -5.01374 -8.48852
109.705 6.1e-05 0.410148 0.361278 -0.044517 -5.13322 -9.18849
109.715 0.090818 0.387459 0.39793 -0.15868 -5.22475 -9.72739
109.725 0.211246 0.350807 0.408402 -0.312944 -5.28329 -9.87222
109.735 0.31422 0.363025 0.380477 -0.442114 -5.33144 -9.41356
109.745 0.350872 0.476471 0.338589 -0.522896 -5.35477 -8.73267
109.755 0.352617 0.675438 0.322881 -0.336835 -5.23458 -8.33337
109.765 0.347381 0.876151 0.359533 -0.046373 -5.12036 -8.13603
109.775 0.324692 0.97389 0.436328 0.321344 -5.01609 -8.12021
109.785 0.322947 0.909313 0.535811 0.416265 -4.88409 -8.08047
109.795 0.286295 0.750488 0.631804 0.363208 -4.72436 -8.017
109.805 0.23219 0.516613 0.724307 0.069198 -4.51432 -7.91104
109.815 0.192047 0.272267 0.776667 -0.435204 -4.312 -7.9471
109.825 0.181575 0.089008 0.771431 -1.00536 -4.12763 -8.00154
109.835 0.176339 0.017449 0.706854 -1.57183 -4.01677 -7.92387
109.845 0.202519 0.076791 0.630059 -1.90526 -3.95814 -7.85483
109.855 0.237426 0.230379 0.541047 -2.07483 -3.93608 -7.79246
109.865 0.249643 0.436328 0.452036 -1.82125 -4.0788 -7.67772
109.875 0.274078 0.640532 0.418874 -1.46492 -4.18496 -7.60123
109.884 0.277568 0.750488 0.436328 -0.993757 -4.23843 -7.57825
109.894 0.267096 0.726053 0.506141 -0.818541 -4.33974 -7.50615
109.904 0.244407 0.579445 0.55501 -0.815944 -4.46132 -7.39077
109.914 0.178084 0.380478 0.553265 -1.16391 -4.61393 -7.16511
109.924 0.10129 0.188492 0.516613 -1.3881 -4.60522 -7.24458
109.934 0.080346 0.043629 0.478215 -1.52967 -4.50743 -7.49012
109.944 0.073365 -0.026184 0.455526 -1.41195 -4.44762 -7.61336
109.954 0.045439 -0.026184 0.439818 -1.24275 -4.39574 -7.8522
109.964 0.068129 0.006977 0.452036 -1.01328 -4.3521 -8.22443
109.975 0.113507 0.075045 0.483451 -1.01674 -4.33538 -8.4131
109.984 0.143178 0.148349 0.513122 -1.15002 -4.34929 -8.50611
109.995 0.150159 0.225143 0.486942 -1.52213 -4.42622 -8.44586
110.004 0.150159 0.28623 0.413638 -1.6122 -4.1966 -8.6277
110.014 0.200774 0.294957 0.338589 -1.54631 -3.82932 -8.85365
110.024 0.23219 0.280994 0.286229 -1.02591 -3.31528 -8.63745
110.034 0.221718 0.240851 0.286229 -0.598003 -3.03426 -8.20746
110.044 0.167613 0.190237 0.322881 -0.256558 -2.96807 -7.58297
110.054 0.062893 0.15533 0.380477 -0.202678 -3.15977 -7.30945
110.064 -0.054044 0.113442 0.448545 -0.208741 -3.34185 -7.3417
110.074 -0.102914 0.04712 0.516613 -0.298361 -3.46685 -7.90579
110.084 -0.113385 -0.026184 0.565482 -0.607521 -3.64896 -8.08107
110.094 -0.13782 -0.071562 0.567227 -0.970939 -3.88376 -8.11425
110.104 -0.170981 -0.076798 0.532321 -1.26485 -4.27669 -8.00801
110.114 -0.181453 -0.050619 0.492178 -1.4156 -4.68764 -8.02268
110.124 -0.164 -0.006985 0.464253 -1.47188 -5.12971 -8.12349
110.134 -0.143056 0.064573 0.42411 -1.63564 -5.4468 -8.04908
110.144 -0.136075 0.171038 0.356042 -1.73512 -5.50605 -8.07836
110.154 -0.130839 0.268777 0.265285 -1.73738 -5.19708 -8.26062
110.164 -0.116876 0.342081 0.181509 -1.27911 -4.61632 -8.65224
110.174 -0.101168 0.363025 0.130895 -0.664309 -4.01458 -9.08978
110.184 -0.061026 0.345571 0.144858 0.121716 -3.55612 -9.51727
110.194 -0.036591 0.314155 0.232124 0.717237 -3.36522 -9.56039
110.204 -0.074988 0.277503 0.363024 1.17024 -3.32326 -9.4145
110.214 -0.097678 0.209436 0.525339 1.1729 -3.32264 -9.52765
110.224 -0.115131 0.115188 0.664966 0.965233 -3.30311 -9.56281
110.234 -0.165745 -0.006985 0.76794 0.498563 -3.26022 -9.51208
110.244 -0.195416 -0.13963 0.825536 -0.057641 -3.1329 -9.79327
110.254 -0.160509 -0.263549 0.839499 -0.618196 -3.0463 -9.94579
110.264 -0.122112 -0.310673 0.818555 -1.18691 -3.08211 -9.68143
110.274 -0.118621 -0.268785 0.766195 -1.72377 -3.21198 -9.15193
110.284 -0.146547 -0.123922 0.68591 -2.2287 -3.38834 -8.57871
110.294 -0.184944 0.064573 0.58119 -2.61651 -3.61588 -8.53036
110.304 -0.200652 0.197218 0.432837 -2.76338 -3.78204 -8.71929
110.314 -0.177963 0.263541 0.280993 -2.69268 -3.8937 -9.12487
110.324 -0.13782 0.314155 0.143112 -2.34707 -3.96424 -9.35228
110.333 -0.087206 0.354298 0.033157 -1.94596 -4.00579 -9.4323
110.344 -0.052299 0.424111 -0.026185 -1.42458 -3.99822 -9.24706
110.353 -0.064516 0.485198 -0.062837 -0.927949 -4.05239 -9.20625
110.363 -0.088951 0.518359 -0.078545 -0.424114 -4.10973 -9.31508
110.373 -0.047063 0.47298 -0.062837 0.099878 -4.08522 -9.95496
110.383 0.012278 0.366515 -0.005241 0.521705 -4.07956 -10.1037
110.393 0.024496 0.294957 0.08028 0.876662 -4.08754 -9.89685
110.403 -0.001684 0.258305 0.183255 0.897865 -4.08843 -9.66498
110.414 -0.019138 0.23387 0.298447 0.696442 -4.09186 -9.63926
110.423 -0.00692 0.216417 0.373496 0.200208 -4.09868 -9.89211
110.433 0.040203 0.221653 0.403166 -0.297516 -4.15859 -9.99068
110.444 0.078601 0.219908 0.382222 -0.703884 -4.18409 -10.0234
110.453 0.122234 0.219908 0.340334 -0.818666 -4.07618 -9.95996
110.463 0.200774 0.218162 0.317645 -0.78304 -3.93556 -9.64869
110.473 0.228699 0.235615 0.314155 -0.663514 -3.78105 -9.19751
110.483 0.214736 0.26005 0.328117 -0.634372 -3.68132 -8.7443
110.493 0.169358 0.237361 0.326372 -0.571147 -3.6005 -8.50657
110.503 0.113507 0.185001 0.307173 -0.469544 -3.54199 -8.51704
110.513 0.089073 0.115188 0.296701 -0.211094 -3.46256 -8.83338
110.523 0.097799 0.076791 0.352552 -0.003225 -3.43587 -9.07985
110.533 0.083837 0.116933 0.411893 0.031912 -3.54304 -9.05821
110.543 0.050675 0.169293 0.448545 -0.002049 -3.3651 -9.29986
110.553 0.078601 0.188492 0.452036 -0.039461 -3.0794 -9.59773
110.563 0.134451 0.157076 0.485197 0.087515 -2.82441 -9.57747
110.573 0.226954 0.136132 0.596898 -0.16805 -3.12931 -8.81335
110.583 0.20601 0.141368 0.657984 -0.782276 -3.96139 -7.36048
110.593 0.087327 0.137877 0.617842 -1.54472 -4.2805 -6.59884
110.603 -0.017392 0.10297 0.497414 -2.0691 -4.36153 -6.22786
110.613 -0.10815 0.062828 0.322881 -2.1133 -4.05587 -6.51234
110.623 -0.200652 0.062828 0.157075 -1.66614 -3.67195 -6.98459
110.633 -0.263484 0.111697 0.017449 -0.943651 -3.27711 -7.54702
110.643 -0.340278 0.20769 -0.041893 0.316597 -2.96806 -8.22775
110.653 -0.40311 0.301938 0.038392 1.55816 -2.95792 -9.12578
110.663 -0.408346 0.350807 0.242596 2.7917 -3.15388 -10.1772
110.673 -0.352496 0.310665 0.520103 2.98494 -3.65437 -11.0114
110.683 -0.207633 0.15533 0.790629 2.71176 -4.15854 -11.408
110.693 -0.088951 -0.041892 0.956436 1.71899 -4.64912 -11.108
110.703 -0.017392 -0.198972 1.01054 0.521683 -4.72194 -10.3686
110.713 0.038458 -0.253077 0.968653 -0.645409 -4.63823 -9.52197
110.723 0.036713 -0.186754 0.84648 -1.49124 -4.36011 -8.70169
110.733 0.021005 -0.050619 0.673692 -1.83773 -4.01215 -8.22412
110.743 0.008788 0.118678 0.504395 -1.86101 -3.64073 -7.95473
110.753 -0.036591 0.258305 0.403166 -1.28283 -3.46118 -7.84884
110.763 -0.062771 0.324627 0.361278 -0.875131 -3.38292 -7.79939
110.773 -0.10815 0.335099 0.333353 -0.655735 -3.41721 -7.81263
110.783 -0.184944 0.314155 0.286229 -0.721996 -3.53921 -8.0667
110.792 -0.214615 0.294957 0.233869 -0.809381 -3.65948 -8.34592
110.802 -0.237304 0.287975 0.150094 -0.86733 -3.76034 -8.6425
110.813 -0.263484 0.291466 0.078535 -0.690285 -3.8315 -8.98472
110.822 -0.263484 0.331609 0.02443 -0.417975 -3.89067 -9.3276
110.832 -0.249521 0.383968 0.003486 -0.142556 -3.97976 -9.61077
110.843 -0.212869 0.453782 0.006977 0.130227 -4.12161 -9.79326
110.852 -0.195416 0.49916 0.043628 0.388855 -4.30413 -9.87847
110.862 -0.21636 0.47298 0.10297 0.713435 -4.50488 -10.14
110.872 -0.205888 0.343826 0.188491 0.963503 -4.65249 -10.5372
110.882 -0.130839 0.15184 0.279248 1.0637 -4.69778 -11.1419
110.892 -0.024374 -0.034911 0.34557 0.856454 -4.70372 -11.0911
110.902 0.043694 -0.151848 0.375241 0.570017 -4.69538 -10.7644
110.912 0.057657 -0.179773 0.390949 0.333863 -4.6774 -10.0771
110.922 0.061147 -0.123922 0.39793 0.156795 -4.62825 -9.7059
110.932 0.069874 -0.041892 0.39793 0.016737 -4.55565 -9.54855
110.942 0.113507 0.017449 0.389204 -0.057731 -4.4921 -9.61945
110.952 0.169358 0.055847 0.37175 -0.138254 -4.44408 -9.54273
110.962 0.195538 0.092498 0.352552 -0.232397 -4.41553 -9.24953
110.972 0.202519 0.127405 0.321136 -0.329102 -4.3812 -9.06817
110.982 0.204264 0.146604 0.282739 -0.397904 -4.36474 -8.93071
110.992 0.221718 0.150094 0.247832 -0.375522 -4.4087 -8.85787
111.002 0.221718 0.137877 0.223397 -0.259225 -4.46361 -8.80094
111.012 0.218227 0.10297 0.200708 -0.084077 -4.51814 -8.76362
111.022 0.230444 0.048865 0.205944 0.371331 -4.45866 -8.95593
111.032 0.251388 0.006977 0.254813 0.723514 -4.43117 -9.02972
111.042 0.289786 0.02094 0.34208 0.965969 -4.44013 -8.96762
111.052 0.308984 0.043629 0.432837 0.812244 -4.44588 -8.66829
111.062 0.308984 0.080281 0.509631 0.532944 -4.43622 -8.31246
111.072 0.295022 0.094244 0.567227 0.085855 -4.38803 -7.90196
111.082 0.247898 0.075045 0.572463 -0.342084 -4.33529 -7.62944
111.092 0.176339 0.036648 0.535811 -0.733562 -4.27673 -7.45336
111.102 0.12747 -0.003495 0.478215 -0.885425 -4.18991 -7.6003
111.112 0.076855 -0.017457 0.434582 -0.890174 -4.13387 -7.8167
111.122 0.033222 -0.027929 0.396185 -0.766888 -4.10578 -8.08901
111.132 0.034967 -0.033165 0.392694 -0.598211 -4.11048 -8.48861
111.142 0.055911 -0.038401 0.404912 -0.565493 -4.17571 -8.7366
111.152 0.076855 -0.017457 0.415384 -0.816352 -4.35773 -8.65521
111.162 0.073365 0.031412 0.389204 -1.11631 -4.53634 -8.49425
111.172 0.043694 0.101225 0.350806 -1.39038 -4.63994 -8.38423
111.182 0.024496 0.134386 0.293211 -1.45435 -4.38027 -8.65644
111.192 0.029732 0.136132 0.219907 -1.3597 -3.88943 -8.98762
111.202 0.078601 0.116933 0.150094 -1.1484 -3.22215 -9.36757
111.212 0.118743 0.097734 0.099479 -0.870266 -3.05849 -9.26914
111.222 0.129215 0.108206 0.064572 -0.56016 -3.05273 -9.14262
111.232 0.141433 0.104716 0.038392 -0.198308 -3.26874 -8.97477
111.242 0.130961 0.094244 0.057591 0.293492 -3.43561 -8.69409
111.251 0.104781 0.069809 0.141367 0.711657 -3.63091 -8.39417
111.261 0.050675 0.043629 0.26354 0.785801 -3.9715 -8.10068
111.271 0.005297 0.019195 0.36826 0.567703 -4.267 -8.02853
111.281 -0.015647 -0.015712 0.432837 0.18291 -4.52487 -8.08628
111.291 -0.036591 -0.029675 0.457272 -0.214767 -4.65783 -8.13459
111.301 -0.052299 -0.034911 0.443309 -0.513591 -4.72425 -8.29706
111.312 -0.047063 -0.022693 0.403166 -0.697002 -4.71293 -8.593
111.321 -0.013902 0.013959 0.357788 -0.504583 -4.45811 -8.769
111.331 6.1e-05 0.071555 0.335098 -0.179543 -4.11029 -8.93028
111.342 -0.010411 0.144858 0.382222 0.356413 -3.6127 -9.0848
111.351 -0.001684 0.172784 0.483451 0.566498 -3.28695 -9.25426
111.361 0.015769 0.158821 0.598643 0.590301 -3.03476 -9.40448
111.371 0.003552 0.132641 0.670202 -0.020383 -2.96897 -9.24613
111.381 -0.013902 0.108206 0.68591 -0.661029 -2.83945 -9.19451
111.391 -0.02961 0.095989 0.656239 -1.31083 -2.65708 -9.23864
111.401 -0.041827 0.085517 0.595152 -1.79223 -2.5796 -9.25212
111.411 -0.050554 0.087262 0.497414 -2.11022 -2.5081 -9.2696
111.421 -0.05579 0.095989 0.389204 -2.15753 -2.43407 -9.29798
111.431 -0.047063 0.090753 0.300192 -1.90074 -2.51732 -9.2558
111.441 -0.027864 0.068064 0.253068 -1.55424 -2.69461 -9.12839
111.451 -0.013902 0.061083 0.23736 -1.27784 -3.03602 -8.75074
111.461 -0.024374 0.09948 0.235615 -1.13496 -3.31494 -8.34156
111.471 -0.076734 0.164057 0.228633 -1.0811 -3.56392 -7.88686
111.481 -0.13782 0.232125 0.200708 -1.13189 -3.75192 -7.95886
111.491 -0.205888 0.267031 0.146603 -1.11776 -3.89293 -8.24556
111.501 -0.232068 0.267031 0.089007 -1.00417 -3.97692 -8.85501
111.511 -0.202397 0.228634 0.041883 -0.682663 -3.96523 -9.27703
111.521 -0.177963 0.216417 0.040138 -0.321892 -3.92685 -9.60466
111.531 -0.164 0.209436 0.082026 0.028584 -3.86964 -9.77063
111.541 -0.118621 0.195473 0.162311 0.231242 -3.7817 -9.917
111.551 -0.062771 0.172784 0.253068 0.325505 -3.67945 -10.0356
111.561 6.1e-05 0.160566 0.333353 0.03609 -3.59002 -9.92127
111.571 0.050675 0.167548 0.390949 -0.348983 -3.46237 -9.7222
111.581 0.089073 0.188492 0.403166 -0.872861 -3.28089 -9.40903
111.591 0.103035 0.200709 0.380477 -1.26564 -3.20454 -9.06672
111.601 0.096054 0.186746 0.3159 -1.53275 -3.17977 -8.75708
111.611 0.07511 0.172784 0.244341 -1.51348 -3.25103 -8.551
111.621 0.057657 0.153585 0.197217 -1.27742 -3.3118 -8.484
111.631 0.040203 0.116933 0.179764 -0.94789 -3.35725 -8.48526
111.641 0.033222 0.082027 0.186745 -0.61905 -3.29994 -8.59058
111.651 0.036713 0.075045 0.216416 -0.352594 -3.25179 -8.68988
111.661 0.041949 0.080281 0.274012 -0.129582 -3.20967 -8.78798
111.671 0.059402 0.090753 0.347316 -0.124344 -3.18262 -8.92869
111.681 0.069874 0.122169 0.415384 -0.209731 -3.17171 -9.0891
111.69 0.092563 0.144858 0.457272 -0.41694 -3.18632 -9.2693
111.7 0.123979 0.127405 0.465998 -0.713421 -3.26983 -9.23643
111.71 0.122234 0.130896 0.452036 -1.0098 -3.38677 -9.12021
111.72 0.108271 0.139622 0.425856 -1.14784 -3.5474 -8.97023
111.73 0.087327 0.130896 0.401421 -1.19444 -3.74588 -8.90364
111.74 0.064638 0.113442 0.392694 -1.17363 -3.97565 -8.89819
111.75 0.061147 0.082027 0.361278 -1.26318 -4.22289 -9.02409
111.76 0.064638 0.075045 0.308919 -1.23944 -4.34592 -9.17597
111.77 0.04893 0.089008 0.246087 -1.05145 -4.29116 -9.36744
111.78 0.026241 0.113442 0.190236 -0.361441 -3.63587 -9.89465
111.79 0.07511 0.123914 0.225143 0.394495 -3.01903 -10.2969
111.8 0.193792 0.104716 0.418874 1.00408 -2.92373 -10.0927
111.81 0.230444 0.120424 0.649258 0.726781 -3.25366 -9.10877
111.82 0.155395 0.120424 0.764449 -0.078908 -3.81145 -7.72758
111.83 0.024496 0.059337 0.760959 -1.076 -4.00029 -7.3245
111.84 -0.080224 -0.040147 0.671947 -1.85291 -4.14104 -7.23195
111.85 -0.151783 -0.094252 0.504395 -2.3621 -4.22374 -7.50244
111.86 -0.198907 -0.062836 0.322881 -2.06866 -4.08815 -7.84136
111.87 -0.249521 0.045375 0.21118 -1.49549 -3.94518 -8.29564
111.88 -0.263484 0.193728 0.198963 -0.552672 -3.86327 -8.98005
111.89 -0.232068 0.343826 0.294956 0.116619 -4.03164 -9.70877
111.9 -0.164 0.403167 0.434582 0.595417 -4.27593 -10.4174
111.91 -0.097678 0.36477 0.553265 0.498068 -4.32582 -10.8544
111.92 -0.010411 0.212926 0.616096 0.3822 -4.06919 -11.1538
111.93 0.092563 -0.015712 0.652748 0.247005 -3.52956 -11.3353
111.94 0.176339 -0.242605 0.670202 0.143136 -3.08643 -10.5267
111.95 0.176339 -0.380486 0.677183 0.014195 -2.78493 -9.66764
111.96 0.139687 -0.425864 0.673692 -0.165519 -2.72303 -8.85677
111.97 0.12747 -0.40143 0.652748 -0.253199 -2.79145 -8.47797
111.98 0.129215 -0.347324 0.614351 -0.308869 -2.90953 -8.20585
111.99 0.106526 -0.260058 0.570718 -0.352863 -3.06358 -7.78897
112 0.061147 -0.134394 0.516613 -0.412692 -3.18401 -7.44814
112.01 -0.047063 0.02094 0.4468 -0.485561 -3.28348 -7.15283
112.02 -0.13782 0.148349 0.373496 -0.560461 -3.33097 -7.72387
112.03 -0.157019 0.249578 0.284484 -0.554244 -3.4322 -8.27501
112.04 -0.167491 0.321137 0.202453 -0.431701 -3.61081 -8.82849
112.05 -0.158764 0.326373 0.141367 -0.060538 -3.77981 -9.26639
112.06 -0.130839 0.277503 0.111696 0.390988 -3.9517 -9.60074
112.07 -0.102914 0.232125 0.134386 0.929491 -4.13882 -9.6682
112.08 -0.083715 0.188492 0.200708 1.2748 -4.29607 -9.66269
112.09 -0.062771 0.171038 0.282739 1.48936 -4.43427 -9.61691
112.1 -0.027864 0.150094 0.350806 1.26787 -4.51372 -9.57006
112.11 0.005297 0.144858 0.392694 0.984143 -4.53548 -9.44151
112.12 0.024496 0.167548 0.406657 0.635106 -4.4918 -9.22302
112.13 0.038458 0.186746 0.399676 0.411722 -4.34985 -9.10557
112.14 0.057657 0.221653 0.389204 0.23517 -4.2287 -9.00256
112.15 0.078601 0.239106 0.37175 0.120388 -4.18045 -8.89517
112.16 0.097799 0.254814 0.347316 0.064529 -4.18481 -8.71126
112.169 0.092563 0.279249 0.336844 0.048415 -4.20569 -8.51185
112.179 0.080346 0.294957 0.340334 0.147732 -4.17914 -8.44874
112.189 0.080346 0.272267 0.376986 0.22797 -4.14616 -8.40497
112.199 0.089073 0.223398 0.422365 0.290534 -4.10754 -8.37892
112.21 0.07511 0.186746 0.471234 0.098894 -4.09707 -8.18134
112.22 0.040203 0.171038 0.495669 -0.141016 -4.09346 -8.08973
112.229 0.017514 0.174529 0.488687 -0.44583 -4.0979 -8.19596
112.24 0.031477 0.185001 0.452036 -0.673167 -4.13024 -8.34666
112.249 0.059402 0.20769 0.415384 -0.839832 -4.19095 -8.45166
112.259 0.069874 0.249578 0.376986 -0.847084 -4.36233 -8.28303
112.269 0.064638 0.298447 0.352552 -0.7042 -4.4475 -8.183
112.279 0.050675 0.336845 0.36826 -0.444742 -4.46917 -8.13283
112.289 0.040203 0.324627 0.404912 -0.284212 -4.4406 -8.28055
112.299 0.043694 0.263541 0.441564 -0.18785 -4.40035 -8.4127
112.309 0.064638 0.202454 0.485197 -0.184141 -4.3425 -8.52355
112.319 0.054166 0.146604 0.527085 -0.274246 -4.28256 -8.38721
112.329 0.015769 0.130896 0.572463 -0.408215 -4.20038 -8.30501
112.339 -0.00692 0.108206 0.60737 -0.626321 -4.04356 -8.56969
112.349 -0.00692 0.078536 0.630059 -0.882478 -3.93406 -8.76522
112.359 -0.013902 0.041884 0.63355 -1.14957 -3.85192 -8.91645
112.369 -0.00692 0.012213 0.617842 -1.39258 -3.76652 -8.98297
112.379 0.003552 -0.012221 0.603879 -1.64306 -3.72247 -8.97081
112.389 0.012278 -0.019203 0.572463 -1.90277 -3.72725 -8.86556
112.399 0.02275 -0.006985 0.527085 -2.07595 -3.81853 -8.80074
112.409 0.031477 0.010468 0.459017 -2.19013 -3.8852 -8.7698
112.419 0.054166 0.041884 0.389204 -2.18879 -3.85991 -8.80604
112.429 0.073365 0.080281 0.326372 -2.03385 -3.72151 -8.70728
112.439 0.064638 0.109952 0.277503 -1.81069 -3.56491 -8.56097
112.449 0.031477 0.118678 0.239105 -1.55519 -3.63104 -8.48137
112.459 0.005297 0.108206 0.230379 -1.38582 -3.82588 -8.47614
112.469 -0.00692 0.085517 0.212925 -1.29016 -4.13314 -8.53528
112.479 -0.017392 0.075045 0.174528 -1.19624 -4.06066 -8.52408
112.489 -0.031355 0.080281 0.141367 -1.01287 -3.89723 -8.48478
112.499 -0.073243 0.108206 0.146603 -0.665425 -3.60859 -8.40095
112.509 -0.116876 0.157076 0.190236 -0.59873 -3.57116 -8.41897
112.519 -0.146547 0.205945 0.225143 -0.665541 -3.66089 -8.46955
112.529 -0.184944 0.216417 0.244341 -0.940535 -3.97512 -8.51705
112.539 -0.219851 0.195473 0.221652 -1.10862 -4.12874 -8.6288
112.549 -0.239049 0.144858 0.172783 -1.19953 -4.16723 -8.78519
112.559 -0.239049 0.12915 0.120423 -0.995738 -3.82926 -8.94243
112.569 -0.246031 0.164057 0.095988 -0.706507 -3.52828 -9.23881
112.579 -0.259993 0.216417 0.099479 -0.296998 -3.28267 -9.73377
112.588 -0.177963 0.237361 0.120423 0.060139 -3.13057 -10.114
112.598 -0.113385 0.268777 0.179764 0.369079 -3.05796 -10.317
112.609 -0.13782 0.36477 0.232124 0.490911 -3.23309 -9.89486
112.618 -0.195416 0.474726 0.310664 0.5641 -3.24939 -10.0732
112.628 -0.197161 0.511377 0.401421 0.590496 -3.18581 -10.5659
112.638 -0.116876 0.464254 0.459017 0.164739 -3.17845 -10.8902
112.649 -0.047063 0.361279 0.445054 -0.306917 -3.13442 -10.8303
112.658 -0.013902 0.274013 0.366514 -0.813882 -3.05126 -10.3475
112.668 -0.031355 0.258305 0.267031 -0.910562 -2.77068 -9.93052
112.678 -0.064516 0.308919 0.176273 -0.79201 -2.46008 -9.67155
112.688 -0.125603 0.368261 0.137876 -0.291548 -2.14004 -9.76729
112.698 -0.150037 0.373497 0.143112 0.171262 -1.85387 -10.4431
112.708 -0.071498 0.298447 0.181509 0.606228 -1.59685 -11.3163
112.718 0.005297 0.197218 0.21118 0.756539 -1.58047 -11.5703
112.728 0.103035 0.108206 0.240851 0.837766 -1.53098 -11.4629
112.738 0.160631 0.101225 0.293211 0.854013 -1.45085 -11.0187
112.748 0.143178 0.167548 0.326372 0.649539 -1.36827 -10.4597
112.758 0.113507 0.256559 0.340334 0.487084 -1.26209 -10.0926
112.768 0.082091 0.28623 0.350806 0.426966 -1.11137 -10.0817
112.778 0.059402 0.239106 0.359533 0.285968 -1.06912 -9.99325
112.788 0.01926 0.15533 0.333353 0.100773 -1.08299 -9.90442
112.798 -0.0331 0.085517 0.291465 -0.170296 -1.20084 -9.92085
112.808 -0.043572 0.02094 0.244341 -0.448979 -1.30926 -10.0553
112.818 -0.022628 -0.001749 0.160566 -0.738301 -1.41315 -10.2748
112.828 0.003552 0.064573 0.052355 -1.05292 -1.5021 -10.0795
112.838 6.1e-05 0.221653 -0.057601 -1.22724 -1.6353 -9.99027
112.848 -0.02961 0.399676 -0.176283 -1.19123 -1.83857 -10.072
112.858 -0.015647 0.535812 -0.29322 -0.754523 -1.98438 -10.5283
112.868 0.021005 0.586427 -0.361288 -0.217681 -2.13537 -10.975
112.878 0.04893 0.560247 -0.389213 0.375192 -2.34749 -11.1249
112.888 0.092563 0.481707 -0.382232 0.932409 -2.47372 -11.1376
112.898 0.125725 0.371751 -0.335108 1.44606 -2.54978 -11.0725
112.908 0.146669 0.275758 -0.260059 1.65556 -2.57236 -10.9299
112.918 0.171103 0.198964 -0.176283 1.75631 -2.51834 -10.9088
112.928 0.219972 0.143113 -0.094253 1.737 -2.38207 -11.0202
112.938 0.282804 0.12566 -0.022694 1.49496 -2.25326 -10.7403
112.948 0.28804 0.150094 0.017449 1.22393 -2.14938 -10.4106
112.958 0.26186 0.169293 0.036647 0.975886 -2.1049 -10.1202
112.968 0.228699 0.171038 0.05061 0.821468 -2.09251 -10.04
112.978 0.197283 0.132641 0.043628 0.708417 -2.08705 -10.0756
112.988 0.181575 0.068064 0.033157 0.594812 -2.02423 -10.2928
112.998 0.186811 0.010468 0.029666 0.481912 -2.00273 -10.3746
113.008 0.172848 -0.020948 0.020939 0.367696 -2.01744 -10.3378
113.018 0.192047 -0.013967 0.005231 0.315619 -2.04237 -10.4422
113.028 0.195538 0.026176 -0.003495 0.303671 -2.08549 -10.5716
113.038 0.230444 0.062828 0.001741 0.355268 -2.15845 -10.7268
113.047 0.25837 0.090753 0.001741 0.434241 -2.24625 -10.8326
113.057 0.281059 0.09948 0.010467 0.516937 -2.32769 -10.9118
113.067 0.31422 0.083772 0.033157 0.573739 -2.352 -10.9374
113.078 0.328183 0.059337 0.057591 0.540615 -2.35602 -10.882
113.087 0.356108 0.015704 0.062827 0.444747 -2.34561 -10.7705
113.097 0.342145 -0.00524 0.066318 0.288581 -2.36199 -10.5174
113.108 0.321202 -0.017457 0.066318 0.127282 -2.40469 -10.423
113.117 0.326437 -0.026184 0.040138 -0.03261 -2.48171 -10.555
113.127 0.343891 -0.017457 0.008722 -0.060562 -2.50555 -10.5887
113.137 0.364835 0.013959 -0.008731 -0.065247 -2.53375 -10.5407
113.147 0.384033 0.092498 -0.015713 -0.084694 -2.6103 -10.3031
113.157 0.36658 0.158821 -0.005241 -0.003424 -2.72776 -10.1966
113.167 0.3404 0.198964 0.008722 0.138337 -2.87369 -10.1814
113.177 0.329928 0.183256 0.026175 0.275898 -3.04836 -10.5196
113.187 0.3404 0.139622 0.043628 0.402757 -3.15839 -10.8374
113.197 0.378797 0.0733 0.071554 0.522171 -3.19914 -11.1437
113.207 0.431157 0.015704 0.115187 0.492642 -3.16632 -11.137
113.217 0.481772 -0.008731 0.157075 0.370993 -3.10402 -11.0358
113.227 0.499225 -0.013967 0.188491 0.080014 -2.99643 -10.8156
113.237 0.548094 -0.00524 0.181509 -0.162126 -2.89554 -10.6955
113.247 0.583001 0.005232 0.148348 -0.363272 -2.81424 -10.6052
113.257 0.607435 -4e-06 0.097734 -0.429434 -2.84107 -10.4406
113.267 0.624889 0.006977 0.045374 -0.381977 -2.83993 -10.289
113.277 0.628379 0.036648 0.015703 -0.228117 -2.81289 -10.145
113.287 0.616162 0.075045 0.017449 0.04836 -2.75461 -9.99381
113.297 0.609181 0.111697 0.062827 0.258266 -2.69706 -9.84411
113.307 0.603945 0.130896 0.109951 0.318916 -2.646 -9.69859
113.317 0.57602 0.148349 0.144858 0.269859 -2.68861 -9.42587
113.327 0.506206 0.165802 0.181509 0.202009 -2.77491 -9.1779
113.337 0.47479 0.116933 0.218161 0.213524 -2.92635 -9.25744
113.347 0.473045 0.048865 0.258304 0.086839 -3.12253 -9.19838
113.357 0.476536 -0.006985 0.260049 -0.133469 -3.34714 -9.04459
113.367 0.453847 -0.019203 0.232124 -0.459296 -3.49837 -8.96886
113.377 0.469554 -0.015712 0.190236 -0.719669 -3.64679 -8.96848
113.387 0.532386 -0.019203 0.116932 -0.902775 -3.80153 -9.07976
113.397 0.589982 -0.012221 0.029666 -0.867334 -3.9999 -8.75357
113.407 0.621398 0.003487 -0.045383 -0.739612 -4.19401 -8.2905
113.417 0.617907 0.055847 -0.092507 -0.47341 -4.33153 -7.72239
113.427 0.583001 0.106461 -0.10996 -0.196923 -4.48035 -7.26626
113.437 0.502716 0.148349 -0.085526 0.078088 -4.63345 -6.88979
113.447 0.443375 0.150094 -0.066327 0.199744 -4.73246 -6.83076
113.457 0.364835 0.144858 -0.066327 0.344695 -4.84034 -6.85076
113.467 0.31073 0.137877 -0.05411 0.514755 -4.95733 -6.96019
113.477 0.281059 0.137877 -0.019203 0.807554 -4.95469 -6.99374
113.487 0.251388 0.146604 0.057591 1.02381 -4.93147 -7.03457
113.497 0.239171 0.132641 0.130895 1.02658 -4.89285 -7.12095
113.506 0.244407 0.09948 0.195472 0.833285 -4.81025 -7.13619
113.516 0.263606 0.041884 0.242596 0.543405 -4.71637 -7.09275
113.526 0.272332 -0.013967 0.244341 0.180417 -4.69852 -6.81331
113.536 0.240916 -0.06109 0.230379 -0.137562 -4.69912 -6.62015
113.547 0.200774 -0.111705 0.185 -0.414814 -4.71708 -6.50721
113.557 0.171103 -0.158829 0.125659 -0.515351 -4.83084 -6.91168
113.567 0.207755 -0.249586 0.061082 -0.54587 -4.94265 -7.29083
113.577 0.305494 -0.319399 -0.019203 -0.465773 -5.04112 -7.57409
113.587 0.36658 -0.329871 -0.095998 -0.311021 -5.17661 -7.11968
113.596 0.342145 -0.246095 -0.143122 -0.107753 -5.31465 -6.52671
113.606 0.282804 -0.116941 -0.148358 0.265572 -5.43674 -6.20609
113.616 0.226954 0.013959 -0.122178 0.523906 -5.55521 -6.12622
113.626 0.146669 0.115188 -0.099489 0.699236 -5.67168 -6.22277
113.636 0.103035 0.144858 -0.08029 0.651907 -5.74678 -6.82195
113.646 0.130961 0.115188 -0.073309 0.575454 -5.80138 -7.20734
113.656 0.130961 0.083772 -0.075054 0.465417 -5.82771 -7.28187
113.666 0.118743 0.062828 -0.08029 0.353179 -5.8452 -7.18177
113.676 0.111762 0.050611 -0.090762 0.242941 -5.86615 -7.06487
113.686 0.094309 0.036648 -0.118687 0.12739 -5.90641 -7.00382
113.696 0.069874 0.010468 -0.157084 0.108069 -5.91903 -7.14922
113.706 0.061147 -0.015712 -0.176283 0.141152 -5.91533 -7.39908
113.716 0.089073 -0.06109 -0.205954 0.22266 -5.8749 -7.63398
113.726 0.137942 -0.097742 -0.228643 0.3423 -5.84077 -7.67447
113.736 0.150159 -0.095997 -0.24086 0.508256 -5.81367 -7.48627
113.746 0.15365 -0.036656 -0.232134 0.713587 -5.79601 -7.46191
113.756 0.167613 0.034903 -0.191991 0.901664 -5.76248 -7.47479
113.766 0.169358 0.078536 -0.127414 1.05721 -5.68268 -7.52265
113.776 0.18332 0.089008 -0.073309 1.06719 -5.58413 -7.55155
113.786 0.197283 0.080281 -0.017458 1.00091 -5.47618 -7.55966
113.796 0.181575 0.068064 0.019194 0.793988 -5.35355 -7.46894
113.806 0.160631 0.041884 0.034902 0.534362 -5.22873 -7.38175
113.816 0.122234 0.012213 0.026175 0.225453 -5.10065 -7.29676
113.826 0.055911 -0.036656 -0.003495 0.001775 -5.03958 -7.25666
113.836 -0.015647 -0.099488 -0.052365 -0.165708 -4.99152 -7.3483
113.846 -0.069752 -0.171046 -0.094253 -0.220606 -4.96495 -7.70111
113.856 -0.08197 -0.260058 -0.120432 -0.157742 -5.02193 -8.23447
113.866 -0.036591 -0.359542 -0.150103 -0.079073 -5.09779 -8.8021
113.876 0.073365 -0.415392 -0.186755 -0.108425 -5.13472 -9.21467
113.886 0.200774 -0.396194 -0.209444 -0.153082 -5.17292 -9.25317
113.896 0.295022 -0.317654 -0.230388 -0.208711 -5.21265 -9.04388
113.906 0.345636 -0.214679 -0.244351 -0.144594 -5.25819 -8.59661
113.916 0.352617 -0.118686 -0.251332 -0.139742 -5.27253 -8.2705
113.926 0.357853 -0.068072 -0.26704 -0.218088 -5.24303 -8.1142
113.936 0.352617 -0.048873 -0.317655 -0.261518 -5.17737 -8.05537
113.946 0.36658 -0.047128 -0.378741 -0.215518 -5.09817 -7.94666
113.955 0.345636 -0.062836 -0.422374 0.115097 -5.00655 -7.60311
113.966 0.308984 -0.082034 -0.422374 0.521701 -5.00134 -7.30562
113.975 0.246152 -0.125668 -0.376996 0.954199 -5.05334 -7.05919
113.985 0.190302 -0.16581 -0.301947 1.18461 -5.24423 -7.17646
113.995 0.144923 -0.209443 -0.198972 1.23266 -5.41231 -7.36561
114.006 0.136197 -0.260058 -0.090762 1.06559 -5.55379 -7.63992
114.016 0.144923 -0.277511 -0.020949 0.510984 -5.61285 -7.58562
114.025 0.125725 -0.240859 -0.003495 -0.038668 -5.65454 -7.48845
114.035 0.089073 -0.174537 -0.038402 -0.463566 -5.68103 -7.38986
114.045 0.062893 -0.127413 -0.104725 -0.598921 -5.67456 -7.54117
114.055 0.071619 -0.120432 -0.197227 -0.574726 -5.6649 -7.75578
114.065 0.099545 -0.106469 -0.289729 -0.182674 -5.7412 -7.66423
114.075 0.099545 -0.059345 -0.321145 0.363661 -5.90206 -7.34443
114.085 0.057657 0.006977 -0.26704 1.04922 -6.13999 -6.816
114.095 -0.012156 0.075045 -0.150103 1.33409 -6.48796 -6.5889
114.105 -0.099423 0.108206 -5e-06 1.32455 -6.83629 -6.54561
114.115 -0.176217 0.082027 0.113442 0.80679 -7.16767 -6.81327
114.125 -0.221596 0.033157 0.134386 0.09934 -7.29124 -7.14301
114.135 -0.246031 -0.036656 0.071554 -0.590823 -7.30677 -7.45518
114.145 -0.26872 -0.076798 -0.040147 -0.881003 -7.12021 -7.5749
114.155 -0.293154 -0.082034 -0.143122 -0.815238 -6.93595 -7.7389
114.165 -0.333297 -0.043637 -0.207699 -0.513359 -6.74751 -7.93708
114.175 -0.32108 -0.003495 -0.233879 0.083295 -6.63372 -8.73682
114.185 -0.239049 0.010468 -0.197227 0.617033 -6.53802 -9.42153
114.195 -0.102914 0.015704 -0.10996 1.04194 -6.47193 -9.91431
114.205 0.021005 0.04712 -0.013967 1.10684 -6.41948 -9.70058
114.215 0.116998 0.109952 0.087262 1.01554 -6.34858 -9.26869
114.225 0.176339 0.200709 0.174528 0.697605 -6.20576 -8.65696
114.235 0.193792 0.287975 0.235615 0.264863 -6.08375 -8.14688
114.245 0.186811 0.333354 0.258304 -0.211831 -5.97536 -7.71778
114.255 0.17983 0.321137 0.239105 -0.494629 -5.87975 -7.59101
114.265 0.171103 0.272267 0.193727 -0.657257 -5.80565 -7.46111
114.275 0.148414 0.200709 0.148348 -0.684341 -5.75648 -7.32967
114.285 0.136197 0.123914 0.12915 -0.563583 -5.644 -7.40256
114.295 0.150159 0.050611 0.111696 -0.420415 -5.54085 -7.46114
114.305 0.169358 0.019195 0.10297 -0.274587 -5.48757 -7.40893
114.315 0.186811 0.041884 0.116932 -0.155227 -5.3832 -7.23849
114.325 0.169358 0.118678 0.150094 -0.061721 -5.26987 -7.049
114.335 0.116998 0.198964 0.200708 -0.097883 -5.26381 -7.11123
114.345 0.085582 0.223398 0.225143 -0.166273 -5.25997 -7.50023
114.355 0.108271 0.172784 0.232124 -0.26421 -5.25805 -8.18484
114.365 0.176339 0.066319 0.225143 -0.264901 -5.24516 -8.369
114.375 0.247898 -0.027929 0.218161 -0.284768 -5.2288 -8.27574
114.384 0.267096 -0.052364 0.209435 -0.345681 -5.20794 -7.74239
114.395 0.242662 -0.006985 0.195472 -0.467472 -5.21514 -7.32702
114.404 0.219972 0.075045 0.167547 -0.595832 -5.243 -7.00241
114.415 0.17983 0.17802 0.115187 -0.663674 -5.32782 -6.88554
114.425 0.125725 0.253069 0.062827 -0.515807 -5.41021 -7.00318
114.435 0.096054 0.277503 0.033157 -0.215906 -5.49233 -7.28535
114.445 0.099545 0.235615 0.057591 0.198508 -5.50954 -7.56574
114.454 0.110017 0.162312 0.115187 0.436837 -5.5407 -7.65939
114.465 0.115253 0.104716 0.171038 0.425496 -5.59248 -7.4863
114.474 0.087327 0.090753 0.212925 0.128648 -5.63848 -7.28814
114.485 0.047185 0.097734 0.21118 -0.18904 -5.66389 -7.17103
114.494 0.010533 0.108206 0.183255 -0.378666 -5.62839 -7.32526
114.504 0.003552 0.12915 0.143112 -0.44722 -5.54142 -7.55009
114.514 0.038458 0.115188 0.085516 -0.440241 -5.43226 -7.79225
114.524 0.07511 0.104716 0.040138 -0.197471 -5.40359 -7.67267
114.534 0.099545 0.106461 0.036647 0.104859 -5.42722 -7.40797
114.544 0.078601 0.109952 0.087262 0.478228 -5.51241 -6.97175
114.554 0.02275 0.101225 0.167547 0.512147 -5.77246 -6.70523
114.564 -0.047063 0.057592 0.244341 0.377821 -6.06053 -6.59632
114.574 -0.080224 -0.017457 0.287975 -0.059482 -6.3536 -6.82585
114.584 -0.064516 -0.094252 0.274012 -0.582829 -6.56545 -6.73999
114.594 -0.076734 -0.120432 0.205944 -1.11941 -6.7335 -6.50744
114.604 -0.136075 -0.082034 0.083771 -1.515 -6.81824 -6.10425
114.614 -0.204143 0.003487 -0.050619 -1.59897 -6.83455 -6.01582
114.624 -0.258248 0.094244 -0.176283 -1.42204 -6.79362 -6.19102
114.634 -0.275701 0.153585 -0.263549 -0.86986 -6.75565 -6.75809
114.644 -0.246031 0.15184 -0.312419 -0.316099 -6.7324 -7.17322
114.654 -0.198907 0.108206 -0.301947 0.177999 -6.73651 -7.2469
114.664 -0.188435 0.068064 -0.26704 0.369683 -6.84841 -6.9699
114.674 -0.24254 0.050611 -0.232134 0.43108 -6.9932 -6.64633
114.684 -0.305372 0.061083 -0.21119 0.333493 -7.13434 -6.62589
114.694 -0.354241 0.061083 -0.191991 0.184995 -7.27116 -6.77763
114.704 -0.387402 0.052356 -0.197227 -0.000368 -7.40616 -7.05094
114.714 -0.392638 0.022685 -0.23737 -0.043529 -7.53275 -7.43988
114.724 -0.361222 -0.001749 -0.281003 0.043272 -7.60627 -7.77749
114.734 -0.282682 0.008723 -0.314164 0.32805 -7.61276 -8.08406
114.744 -0.219851 0.036648 -0.303692 0.697908 -7.56784 -8.05756
114.754 -0.170981 0.069809 -0.254823 1.04633 -7.49771 -7.96416
114.764 -0.155273 0.066319 -0.183264 1.26769 -7.38012 -7.8977
114.774 -0.153528 0.022685 -0.10647 1.25712 -7.27033 -8.0207
114.784 -0.136075 -0.062836 -0.061091 1.11339 -7.16614 -8.24003
114.794 -0.130839 -0.157084 -0.040147 0.847297 -7.09415 -8.33768
114.804 -0.125603 -0.225151 -0.041893 0.643864 -7.00605 -8.467
114.814 -0.099423 -0.268785 -0.055855 0.509436 -6.89808 -8.63474
114.824 -0.050554 -0.272275 -0.068073 0.464701 -6.80968 -8.65973
114.833 -0.001684 -0.230387 -0.075054 0.412504 -6.74539 -8.59717
114.844 0.047185 -0.155338 -0.097743 0.310175 -6.73546 -8.33567
114.853 0.061147 -0.052364 -0.129159 0.267958 -6.73385 -8.06811
114.864 0.064638 0.031412 -0.160575 0.260295 -6.73667 -7.81277
114.874 0.055911 0.087262 -0.190246 0.348478 -6.74833 -7.76867
114.884 0.050675 0.089008 -0.221662 0.466538 -6.75194 -7.81806
114.894 0.047185 0.043629 -0.242606 0.612825 -6.74889 -7.94744
114.904 0.052421 -0.03142 -0.256568 0.783661 -6.6982 -8.00074
114.914 0.04893 -0.115196 -0.242606 0.933962 -6.64392 -8.14251
114.923 0.078601 -0.204207 -0.223407 1.0411 -6.59071 -8.44173
114.934 0.164122 -0.286238 -0.200718 1.06524 -6.49602 -8.39484
114.944 0.226954 -0.329871 -0.176283 1.04266 -6.40985 -8.16917
114.953 0.242662 -0.303691 -0.165811 0.932364 -6.41434 -7.6471
114.963 0.242662 -0.221661 -0.144867 0.829 -6.36653 -7.32316
114.973 0.237426 -0.118686 -0.127414 0.732488 -6.28044 -7.15249
114.983 0.247898 -0.03142 -0.116942 0.619153 -6.23198 -7.07596
114.993 0.256624 0.022685 -0.118687 0.545995 -6.1601 -6.98657
