105.01 0.810166 -1.56707 -1.54 -0.0963841 0.995135 2.61171
105.02 0.815747 -1.56394 -1.53965 -0.0971903 0.992223 2.60898
105.03 0.821319 -1.56066 -1.53938 -0.101425 0.986643 2.60665
105.04 0.826842 -1.55744 -1.53917 -0.107758 0.981088 2.60279
105.05 0.832246 -1.55432 -1.53919 -0.113712 0.975431 2.59833
105.06 0.837616 -1.55129 -1.53937 -0.12039 0.972795 2.59259
105.07 0.84294 -1.5483 -1.53962 -0.123832 0.969436 2.58687
105.08 0.848121 -1.54535 -1.53995 -0.126821 0.971519 2.57952
105.09 0.853279 -1.54241 -1.54029 -0.126989 0.970241 2.57415
105.1 0.858379 -1.53938 -1.54056 -0.126714 0.970925 2.56799
105.11 0.863438 -1.53622 -1.54074 -0.126236 0.970607 2.56266
105.12 0.868534 -1.53288 -1.54085 -0.125589 0.968389 2.55817
105.13 0.873687 -1.52931 -1.54084 -0.124951 0.962881 2.55527
105.14 0.878791 -1.52573 -1.54075 -0.124946 0.961085 2.55222
105.15 0.883759 -1.52219 -1.54063 -0.12575 0.960718 2.54973
105.16 0.888899 -1.51848 -1.54039 -0.126983 0.956479 2.5483
105.17 0.89393 -1.51469 -1.54016 -0.130239 0.955776 2.54516
105.18 0.898864 -1.51076 -1.53982 -0.132766 0.950512 2.54227
105.19 0.903641 -1.50672 -1.53942 -0.137256 0.945957 2.53916
105.2 0.908421 -1.50257 -1.53897 -0.14137 0.940458 2.53684
105.21 0.913047 -1.49835 -1.5386 -0.145284 0.93794 2.53409
105.22 0.917509 -1.49388 -1.53814 -0.150079 0.934128 2.53135
105.23 0.921994 -1.48929 -1.53771 -0.154693 0.930715 2.52971
105.24 0.926474 -1.48446 -1.53722 -0.158871 0.923273 2.5295
105.25 0.930561 -1.47973 -1.53672 -0.164891 0.922259 2.52699
105.26 0.934589 -1.47487 -1.53623 -0.170841 0.916808 2.52517
105.27 0.938406 -1.46994 -1.53581 -0.173748 0.90823 2.52363
105.28 0.942023 -1.46505 -1.53544 -0.178394 0.909819 2.51769
105.29 0.94545 -1.46015 -1.53508 -0.179822 0.907652 2.51237
105.3 0.948796 -1.45516 -1.53477 -0.178517 0.90022 2.50894
105.31 0.952044 -1.45022 -1.53447 -0.179948 0.900605 2.50283
105.32 0.955008 -1.44517 -1.53431 -0.18011 0.900964 2.49867
105.33 0.958396 -1.44003 -1.53408 -0.181188 0.898477 2.49506
105.34 0.962064 -1.43477 -1.53375 -0.182815 0.89634 2.49103
105.35 0.965517 -1.42951 -1.53362 -0.186531 0.897636 2.48741
105.36 0.968944 -1.42411 -1.53351 -0.190781 0.896912 2.48344
105.37 0.971983 -1.41865 -1.5336 -0.195041 0.900882 2.48031
105.38 0.975579 -1.41322 -1.53353 -0.196366 0.897569 2.47507
105.39 0.978752 -1.4077 -1.53371 -0.19954 0.90109 2.46925
105.4 0.981526 -1.40207 -1.53397 -0.199837 0.903088 2.46524
105.41 0.984826 -1.39649 -1.53409 -0.199484 0.907739 2.45796
105.42 0.987548 -1.39078 -1.53435 -0.197317 0.908889 2.45502
105.43 0.990723 -1.38507 -1.53446 -0.193712 0.909703 2.45023
105.44 0.993664 -1.37933 -1.5347 -0.190951 0.911791 2.44598
105.45 0.996329 -1.37364 -1.53505 -0.187742 0.914506 2.44175
105.46 0.99947 -1.36797 -1.53532 -0.185092 0.917827 2.43717
105.47 1.00228 -1.36225 -1.53566 -0.181526 0.917936 2.43284
105.48 1.00523 -1.35663 -1.53605 -0.17983 0.922323 2.42693
105.49 1.00815 -1.35098 -1.53636 -0.177741 0.925034 2.42216
105.5 1.01107 -1.3454 -1.53658 -0.176182 0.930345 2.41674
105.51 1.0142 -1.33946 -1.53708 -0.173114 0.902057 2.4194
105.52 1.01684 -1.33394 -1.5366 -0.17142 0.934383 2.40708
105.53 1.01941 -1.3281 -1.53642 -0.167381 0.934347 2.40269
105.54 1.02205 -1.32208 -1.53602 -0.163323 0.932902 2.39943
105.55 1.02463 -1.31584 -1.53552 -0.15944 0.929215 2.39656
105.56 1.02715 -1.30946 -1.53495 -0.156209 0.92685 2.39431
105.57 1.02964 -1.30284 -1.53435 -0.153553 0.922166 2.39294
105.58 1.03209 -1.29598 -1.53378 -0.152326 0.919141 2.39212
105.59 1.03457 -1.28883 -1.53322 -0.154764 0.9159 2.3917
105.6 1.03714 -1.28148 -1.53285 -0.159121 0.911763 2.39166
105.61 1.03941 -1.27414 -1.53263 -0.163181 0.908352 2.39216
105.62 1.04173 -1.26672 -1.53257 -0.169935 0.901965 2.39383
105.63 1.04418 -1.2593 -1.53256 -0.179578 0.902116 2.39138
105.64 1.04646 -1.25191 -1.53252 -0.185955 0.894089 2.39222
105.65 1.04808 -1.24477 -1.53248 -0.195371 0.896387 2.38894
105.66 1.05007 -1.23774 -1.53231 -0.20193 0.886982 2.38686
105.67 1.05164 -1.23084 -1.53222 -0.203592 0.87694 2.38438
105.68 1.05305 -1.2243 -1.53214 -0.205445 0.87753 2.37815
105.69 1.05444 -1.2178 -1.53202 -0.20388 0.875663 2.37211
105.7 1.05536 -1.21161 -1.53202 -0.200238 0.874741 2.36678
105.71 1.05705 -1.20527 -1.53179 -0.195124 0.877494 2.35842
105.72 1.05826 -1.19912 -1.53161 -0.188173 0.870926 2.35473
105.73 1.05968 -1.1929 -1.53147 -0.184621 0.868361 2.35151
105.74 1.06157 -1.18647 -1.53108 -0.182319 0.867178 2.34608
105.75 1.06338 -1.18 -1.53077 -0.184651 0.864662 2.342
105.76 1.06531 -1.17332 -1.53045 -0.186394 0.858109 2.34023
105.77 1.06729 -1.16664 -1.53005 -0.190303 0.854665 2.33797
105.78 1.06936 -1.15993 -1.52979 -0.19352 0.850454 2.33632
105.79 1.07138 -1.15332 -1.52965 -0.197902 0.849251 2.33466
105.8 1.07378 -1.14659 -1.52933 -0.201682 0.848023 2.33236
105.81 1.07578 -1.14001 -1.52915 -0.204349 0.844157 2.33153
105.82 1.07794 -1.13337 -1.52887 -0.209147 0.843038 2.3301
105.83 1.08017 -1.12684 -1.52847 -0.21178 0.839827 2.32638
105.84 1.08217 -1.12033 -1.52834 -0.215868 0.835571 2.32467
105.85 1.08447 -1.1139 -1.52804 -0.217292 0.831785 2.32137
105.86 1.08665 -1.10768 -1.52785 -0.22208 0.834398 2.31684
105.87 1.08886 -1.1013 -1.52775 -0.224047 0.828818 2.31493
105.88 1.09115 -1.0951 -1.52754 -0.229233 0.830961 2.31023
105.89 1.09346 -1.089 -1.52728 -0.232689 0.82888 2.30647
105.9 1.09589 -1.08283 -1.52709 -0.236547 0.827839 2.30218
105.91 1.09832 -1.07683 -1.52682 -0.240009 0.829618 2.29893
105.92 1.10083 -1.07075 -1.52646 -0.242837 0.827592 2.29629
105.93 1.10332 -1.06469 -1.52614 -0.246445 0.829317 2.29221
105.94 1.10574 -1.05862 -1.52559 -0.250042 0.827431 2.28954
105.95 1.10813 -1.0526 -1.52509 -0.254089 0.825993 2.28632
105.96 1.11052 -1.04669 -1.5245 -0.258223 0.828222 2.28162
105.97 1.11297 -1.04073 -1.52394 -0.259196 0.823157 2.27852
105.98 1.11528 -1.03497 -1.52341 -0.261193 0.822589 2.27422
105.99 1.11763 -1.02916 -1.5229 -0.264012 0.821544 2.26938
106 1.12005 -1.0235 -1.52238 -0.267916 0.822168 2.26373
106.01 1.12235 -1.01788 -1.52197 -0.269183 0.819884 2.25936
106.02 1.12471 -1.01228 -1.52164 -0.272839 0.820976 2.2534
106.03 1.12707 -1.00681 -1.52129 -0.275845 0.824964 2.24813
106.04 1.12943 -1.00134 -1.52099 -0.276896 0.822918 2.245
106.05 1.13177 -0.996058 -1.52057 -0.278721 0.824623 2.24043
106.06 1.13398 -0.990951 -1.52007 -0.278453 0.821363 2.23617
106.07 1.13593 -0.986042 -1.51945 -0.278821 0.822616 2.22855
106.08 1.13771 -0.981152 -1.51869 -0.277682 0.821516 2.21894
106.09 1.1392 -0.976189 -1.51785 -0.274853 0.819556 2.20992
106.1 1.14051 -0.971104 -1.51698 -0.269394 0.815835 2.20172
106.11 1.14173 -0.965842 -1.51608 -0.263966 0.812347 2.19434
106.12 1.14289 -0.960244 -1.51515 -0.259638 0.808262 2.18779
106.13 1.14411 -0.954484 -1.51428 -0.257407 0.804088 2.1823
106.14 1.14523 -0.948558 -1.51356 -0.256664 0.795546 2.17861
106.15 1.14655 -0.942558 -1.51289 -0.260751 0.792546 2.17268
106.16 1.14777 -0.936715 -1.51233 -0.26433 0.790442 2.16615
106.17 1.149 -0.930969 -1.51189 -0.267396 0.784761 2.15894
106.18 1.15019 -0.925387 -1.51155 -0.269347 0.778959 2.1513
106.19 1.15152 -0.919981 -1.51124 -0.268836 0.774373 2.14264
106.2 1.15285 -0.914664 -1.51093 -0.270223 0.777129 2.13315
106.21 1.15419 -0.909272 -1.51055 -0.266574 0.774294 2.12663
106.22 1.15567 -0.903834 -1.51008 -0.263605 0.776067 2.11962
106.23 1.15713 -0.898294 -1.50953 -0.259017 0.773511 2.11481
106.24 1.15872 -0.892633 -1.50886 -0.257591 0.774607 2.11007
106.25 1.16037 -0.886759 -1.508 -0.254791 0.769433 2.10824
106.26 1.16203 -0.88072 -1.50702 -0.257101 0.767538 2.10532
106.27 1.16371 -0.874583 -1.50595 -0.258643 0.760459 2.10429
106.28 1.16537 -0.868309 -1.50476 -0.260908 0.752142 2.10317
106.29 1.1668 -0.862101 -1.50349 -0.266343 0.7504 2.10078
106.3 1.16818 -0.855842 -1.50216 -0.267598 0.742923 2.10014
106.31 1.16937 -0.849526 -1.50077 -0.270284 0.737127 2.09898
106.32 1.17039 -0.84338 -1.49943 -0.271796 0.733998 2.09731
106.33 1.17103 -0.837285 -1.49826 -0.27282 0.733406 2.09186
106.34 1.17199 -0.831048 -1.49669 -0.266942 0.717466 2.09808
106.35 1.17245 -0.825085 -1.49547 -0.264505 0.716586 2.09542
106.36 1.17272 -0.819246 -1.49418 -0.262653 0.714195 2.09212
106.37 1.17285 -0.813378 -1.49276 -0.261646 0.710894 2.08756
106.38 1.17275 -0.807547 -1.49129 -0.262723 0.708522 2.0816
106.39 1.17246 -0.80175 -1.48965 -0.264159 0.703982 2.07543
106.4 1.17218 -0.795928 -1.48787 -0.265663 0.698996 2.06909
106.41 1.17167 -0.790037 -1.48593 -0.267188 0.692389 2.06307
106.42 1.17115 -0.784048 -1.4839 -0.268258 0.68551 2.05785
106.43 1.17057 -0.777967 -1.48174 -0.268616 0.681604 2.05331
106.44 1.16997 -0.7719 -1.47948 -0.268686 0.680421 2.04881
106.45 1.16925 -0.765615 -1.47714 -0.264557 0.675081 2.04607
106.46 1.16848 -0.759338 -1.47477 -0.262127 0.672997 2.04305
106.47 1.16763 -0.753064 -1.47245 -0.25927 0.669563 2.04088
106.48 1.16671 -0.746695 -1.47011 -0.258232 0.669108 2.03733
106.49 1.16563 -0.740331 -1.46782 -0.25819 0.667655 2.03276
106.5 1.16452 -0.733869 -1.4656 -0.258355 0.664738 2.02909
106.51 1.16332 -0.727355 -1.46333 -0.257922 0.662423 2.02537
106.52 1.16208 -0.720909 -1.46119 -0.259214 0.661086 2.02131
106.53 1.1607 -0.714333 -1.45907 -0.258781 0.659975 2.01739
106.54 1.15934 -0.707927 -1.45701 -0.258175 0.658346 2.01353
106.55 1.15798 -0.701555 -1.45506 -0.257026 0.659719 2.0089
106.56 1.15644 -0.695185 -1.45306 -0.253582 0.658427 2.00495
106.57 1.15494 -0.688794 -1.45116 -0.251728 0.657908 2.00075
106.58 1.15342 -0.682326 -1.44931 -0.248462 0.658895 1.99645
106.59 1.15197 -0.675926 -1.44746 -0.249669 0.665033 1.99138
106.6 1.15059 -0.6695 -1.44555 -0.246426 0.663728 1.98926
106.61 1.14914 -0.663116 -1.44346 -0.243176 0.665139 1.98658
106.62 1.14742 -0.656905 -1.44147 -0.248378 0.683199 1.97312
106.63 1.14611 -0.650386 -1.43865 -0.239051 0.665233 1.97949
106.64 1.14435 -0.643958 -1.43592 -0.235839 0.660561 1.97621
106.65 1.14242 -0.637419 -1.433 -0.231144 0.654316 1.97451
106.66 1.14052 -0.630837 -1.43005 -0.228355 0.65274 1.97117
106.67 1.13839 -0.624149 -1.42718 -0.222805 0.646267 1.96883
106.68 1.13627 -0.617377 -1.42431 -0.220292 0.64407 1.96639
106.69 1.13412 -0.610548 -1.42162 -0.217242 0.63906 1.96512
106.7 1.13181 -0.603666 -1.41891 -0.216337 0.634572 1.96331
106.71 1.1296 -0.596754 -1.41643 -0.215573 0.628663 1.9627
106.72 1.12735 -0.589784 -1.41403 -0.216352 0.627081 1.96097
106.73 1.12505 -0.583008 -1.41182 -0.214339 0.622089 1.9583
106.74 1.12274 -0.576381 -1.40953 -0.213281 0.620179 1.95595
106.75 1.12041 -0.569845 -1.40753 -0.209374 0.615838 1.95273
106.76 1.11819 -0.563496 -1.40563 -0.204318 0.613059 1.94904
106.77 1.11603 -0.557144 -1.40384 -0.200354 0.614709 1.94362
106.78 1.11392 -0.550901 -1.40207 -0.195907 0.61792 1.93894
106.79 1.11184 -0.544661 -1.40043 -0.185511 0.611489 1.93685
106.8 1.11001 -0.538483 -1.39888 -0.181774 0.615341 1.93282
106.81 1.10829 -0.532259 -1.39738 -0.175708 0.615241 1.92894
106.82 1.10665 -0.52602 -1.3959 -0.17441 0.61402 1.92447
106.83 1.10504 -0.519713 -1.39442 -0.173566 0.613447 1.91917
106.84 1.10339 -0.513279 -1.39304 -0.171519 0.608532 1.91631
106.85 1.10176 -0.506689 -1.39166 -0.171774 0.608744 1.91191
106.86 1.10021 -0.500067 -1.39033 -0.171241 0.608629 1.90928
106.87 1.09865 -0.493186 -1.38886 -0.168959 0.607238 1.90705
106.88 1.09678 -0.486208 -1.38746 -0.166604 0.603587 1.90754
106.89 1.09508 -0.479088 -1.38596 -0.16291 0.598145 1.90829
106.9 1.09332 -0.472112 -1.38453 -0.16258 0.598148 1.90801
106.91 1.09145 -0.465054 -1.38309 -0.160833 0.595261 1.9068
106.92 1.08962 -0.458178 -1.3818 -0.159082 0.591912 1.90585
106.93 1.08775 -0.451273 -1.38048 -0.160791 0.592879 1.90381
106.94 1.08561 -0.44442 -1.37922 -0.1621 0.589445 1.90227
106.95 1.08355 -0.437501 -1.37781 -0.165002 0.586154 1.89953
106.96 1.08149 -0.430692 -1.37651 -0.169421 0.585324 1.89497
106.97 1.07937 -0.423859 -1.37529 -0.170164 0.581352 1.89282
106.98 1.07722 -0.417048 -1.37401 -0.171475 0.580622 1.89022
106.99 1.07514 -0.410328 -1.37287 -0.174531 0.583148 1.88678
107 1.07293 -0.403483 -1.37174 -0.172322 0.581814 1.88461
107.01 1.07076 -0.396848 -1.37072 -0.170491 0.581735 1.88202
107.02 1.06861 -0.390061 -1.3696 -0.169855 0.585157 1.8793
107.03 1.06648 -0.383474 -1.3686 -0.167858 0.585927 1.87544
107.04 1.06432 -0.37685 -1.3677 -0.168509 0.588541 1.87165
107.05 1.06213 -0.370273 -1.36659 -0.168724 0.58992 1.86833
107.06 1.05992 -0.363801 -1.36557 -0.171073 0.5932 1.86292
107.07 1.05797 -0.357286 -1.36447 -0.176393 0.600795 1.85486
107.08 1.0556 -0.350804 -1.36339 -0.173467 0.596322 1.85201
107.09 1.0534 -0.344274 -1.36225 -0.175694 0.601799 1.84604
107.1 1.05112 -0.337842 -1.36123 -0.172045 0.600362 1.84185
107.11 1.04898 -0.33139 -1.36022 -0.171864 0.606041 1.83659
107.12 1.04688 -0.324854 -1.3593 -0.168667 0.608364 1.83427
107.13 1.04491 -0.318388 -1.35827 -0.167898 0.613802 1.82998
107.14 1.04288 -0.311978 -1.35738 -0.164555 0.610198 1.829
107.15 1.04104 -0.305668 -1.3563 -0.166734 0.615122 1.82399
107.16 1.03922 -0.299606 -1.35527 -0.168011 0.619956 1.81733
107.17 1.03738 -0.29355 -1.35417 -0.166041 0.616625 1.81212
107.18 1.03553 -0.287544 -1.35296 -0.170672 0.622756 1.80382
107.19 1.03353 -0.281438 -1.3517 -0.167775 0.621124 1.79815
107.2 1.03147 -0.275103 -1.35023 -0.165392 0.61916 1.79429
107.21 1.02946 -0.268664 -1.34874 -0.167604 0.622234 1.78883
107.22 1.02719 -0.261931 -1.34699 -0.164861 0.616894 1.78893
107.23 1.02483 -0.255171 -1.3453 -0.164559 0.612503 1.78627
107.24 1.0223 -0.248268 -1.34359 -0.166726 0.606415 1.78674
107.25 1.0198 -0.241419 -1.34195 -0.164758 0.597166 1.7866
107.26 1.01727 -0.234778 -1.34055 -0.172765 0.5993 1.78396
107.27 1.01483 -0.228292 -1.33902 -0.172254 0.592917 1.78173
107.28 1.01221 -0.221859 -1.3375 -0.172137 0.587025 1.7785
107.29 1.00952 -0.215875 -1.33612 -0.172226 0.584465 1.77341
107.3 1.00704 -0.210108 -1.33462 -0.170565 0.581498 1.76755
107.31 1.00448 -0.204194 -1.33299 -0.165549 0.576783 1.76128
107.32 1.00165 -0.198386 -1.33155 -0.157549 0.570685 1.75691
107.33 0.999135 -0.19257 -1.32981 -0.15345 0.571618 1.75067
107.34 0.996681 -0.186547 -1.32784 -0.154283 0.577029 1.7475
107.35 0.99414 -0.180521 -1.3259 -0.157727 0.580177 1.74421
107.36 0.991268 -0.174393 -1.3238 -0.152776 0.570194 1.74676
107.37 0.988707 -0.168247 -1.32137 -0.153616 0.565423 1.74481
107.38 0.985973 -0.162303 -1.31887 -0.157087 0.55978 1.74337
107.39 0.983152 -0.156512 -1.31636 -0.162412 0.554598 1.74142
107.4 0.980129 -0.150745 -1.31371 -0.164019 0.544791 1.74214
107.41 0.977244 -0.145319 -1.31074 -0.165217 0.5374 1.73817
107.42 0.974178 -0.139983 -1.30764 -0.164062 0.526812 1.73518
107.43 0.970916 -0.134897 -1.30454 -0.162929 0.519002 1.73166
107.44 0.967591 -0.12997 -1.30126 -0.158173 0.510821 1.72702
107.45 0.964173 -0.125122 -1.29801 -0.155801 0.50649 1.72276
107.46 0.960737 -0.120357 -1.29473 -0.153149 0.502762 1.71888
107.47 0.957237 -0.115719 -1.29147 -0.148491 0.49591 1.71672
107.48 0.953748 -0.111024 -1.28836 -0.14731 0.492629 1.71397
107.49 0.950307 -0.106338 -1.28518 -0.14635 0.488661 1.71099
107.5 0.946623 -0.101775 -1.282 -0.143 0.480792 1.70882
107.51 0.942896 -0.0973391 -1.27879 -0.143379 0.477705 1.70428
107.52 0.939184 -0.0928977 -1.27548 -0.143785 0.474227 1.69949
107.53 0.9353 -0.0886488 -1.27228 -0.140412 0.466494 1.69455
107.54 0.931483 -0.0844269 -1.26905 -0.139859 0.464745 1.68881
107.55 0.927517 -0.0802061 -1.26581 -0.136991 0.461724 1.68453
107.56 0.923615 -0.075909 -1.26265 -0.135411 0.460649 1.6803
107.57 0.919627 -0.071595 -1.2596 -0.135134 0.460999 1.67651
107.58 0.915741 -0.0672137 -1.25645 -0.12995 0.456415 1.67265
107.59 0.911785 -0.0628539 -1.25336 -0.129836 0.456471 1.66887
107.6 0.907618 -0.0584811 -1.25037 -0.128263 0.453881 1.66706
107.61 0.903632 -0.0541701 -1.24714 -0.127961 0.453119 1.66196
107.62 0.89942 -0.0499151 -1.24397 -0.125884 0.448789 1.65834
107.63 0.895305 -0.045677 -1.24078 -0.127864 0.449837 1.65177
107.64 0.891054 -0.0414602 -1.23757 -0.121717 0.443539 1.64754
107.65 0.886893 -0.0373051 -1.23446 -0.121105 0.445295 1.6413
107.66 0.882682 -0.0331738 -1.23149 -0.113715 0.44065 1.63679
107.67 0.878612 -0.0289332 -1.22856 -0.110226 0.441572 1.63165
107.68 0.874428 -0.024626 -1.22573 -0.105624 0.441687 1.62792
107.69 0.870494 -0.02023 -1.22291 -0.101523 0.441211 1.6247
107.7 0.866644 -0.0158333 -1.22011 -0.099417 0.442254 1.62154
107.71 0.86294 -0.0113706 -1.21737 -0.0994827 0.443113 1.61848
107.72 0.859249 -0.00687336 -1.2145 -0.0958678 0.440479 1.6141
107.73 0.855391 -0.00237971 -1.21188 -0.0976137 0.440612 1.6132
107.74 0.851672 0.00209066 -1.20911 -0.0938542 0.439259 1.60887
107.75 0.847976 0.00657186 -1.2065 -0.095062 0.440486 1.60567
107.76 0.844096 0.0110258 -1.20389 -0.092931 0.437656 1.6028
107.77 0.840155 0.0156008 -1.20126 -0.0889397 0.431783 1.60193
107.78 0.835953 0.0203249 -1.19853 -0.0871818 0.426623 1.60073
107.79 0.831721 0.0250368 -1.19583 -0.0834448 0.417881 1.60072
107.8 0.827551 0.0297761 -1.19333 -0.0870304 0.417404 1.60031
107.81 0.823263 0.0345833 -1.19085 -0.091742 0.41668 1.60027
107.82 0.819102 0.0394033 -1.18836 -0.0971918 0.414235 1.5996
107.83 0.814764 0.0439587 -1.18607 -0.102893 0.411431 1.59832
107.84 0.810411 0.0484149 -1.18374 -0.106049 0.403774 1.5966
107.85 0.806163 0.0526392 -1.18152 -0.110026 0.398723 1.59274
107.86 0.80196 0.0565108 -1.17968 -0.115754 0.396897 1.58743
107.87 0.797871 0.0602101 -1.17794 -0.116997 0.39387 1.58135
107.88 0.793861 0.0637198 -1.17637 -0.118693 0.39264 1.57383
107.89 0.789786 0.0671997 -1.17478 -0.118572 0.391986 1.56637
107.9 0.785835 0.0705114 -1.17327 -0.115821 0.389264 1.55917
107.91 0.781923 0.0739146 -1.17186 -0.111706 0.385872 1.55295
107.92 0.778282 0.0772796 -1.17091 -0.130367 0.403972 1.54331
107.93 0.774678 0.0808259 -1.16969 -0.126603 0.400198 1.53744
107.94 0.771136 0.0841994 -1.16873 -0.129884 0.402574 1.53054
107.95 0.767684 0.0876799 -1.16788 -0.130992 0.403354 1.52458
107.96 0.764091 0.0912768 -1.16703 -0.129873 0.399313 1.5208
107.97 0.760791 0.0949921 -1.16639 -0.132812 0.399331 1.51553
107.98 0.757309 0.0987642 -1.1654 -0.135044 0.397648 1.51012
107.99 0.753739 0.102568 -1.16457 -0.129684 0.386517 1.50857
108 0.750366 0.10642 -1.16364 -0.135526 0.387517 1.50314
108.01 0.746677 0.110122 -1.16272 -0.13682 0.382554 1.5011
108.02 0.743278 0.113789 -1.16188 -0.144955 0.386686 1.4942
108.03 0.739601 0.117254 -1.16086 -0.140861 0.377416 1.49102
108.04 0.736237 0.120794 -1.15999 -0.143697 0.379361 1.48438
108.05 0.732692 0.124089 -1.1591 -0.14309 0.376907 1.4798
108.06 0.72937 0.127498 -1.15824 -0.141517 0.374584 1.47209
108.07 0.726061 0.130732 -1.15753 -0.144013 0.374451 1.46608
108.08 0.722899 0.134109 -1.1568 -0.14208 0.370392 1.45922
108.09 0.719744 0.13744 -1.15618 -0.145809 0.369079 1.45372
108.1 0.716795 0.140908 -1.15578 -0.15204 0.370045 1.44783
108.11 0.713735 0.144365 -1.15536 -0.151512 0.36504 1.44251
108.12 0.710799 0.147811 -1.15505 -0.158153 0.366587 1.43664
108.13 0.708048 0.151254 -1.15488 -0.159967 0.364981 1.43157
108.14 0.70515 0.1546 -1.1545 -0.159154 0.360673 1.4254
108.15 0.702412 0.157898 -1.15432 -0.165527 0.362976 1.41844
108.16 0.699676 0.161171 -1.154 -0.162653 0.35892 1.41381
108.17 0.696911 0.164529 -1.15341 -0.150307 0.34725 1.4102
108.18 0.694288 0.167789 -1.15321 -0.166982 0.357847 1.40347
108.19 0.691619 0.171126 -1.15247 -0.154649 0.344318 1.40069
108.2 0.688991 0.174213 -1.15214 -0.171901 0.354435 1.39456
108.21 0.686324 0.177506 -1.15119 -0.159908 0.338909 1.39168
108.22 0.683698 0.180488 -1.15087 -0.17639 0.347842 1.38609
108.23 0.681148 0.18337 -1.1501 -0.173437 0.339635 1.38041
108.24 0.678561 0.18601 -1.14954 -0.176374 0.337304 1.37564
108.25 0.675934 0.188478 -1.14928 -0.190349 0.342905 1.3675
108.26 0.673509 0.190774 -1.14886 -0.194303 0.341042 1.36096
108.27 0.671267 0.192772 -1.14845 -0.198488 0.340771 1.35294
108.28 0.669176 0.194546 -1.14816 -0.202018 0.341564 1.34255
108.29 0.667386 0.196065 -1.14794 -0.204908 0.343264 1.33065
108.3 0.665632 0.197527 -1.14753 -0.206411 0.344142 1.3176
108.31 0.663831 0.199055 -1.14674 -0.193261 0.333925 1.30732
108.32 0.661948 0.200615 -1.14626 -0.208132 0.343784 1.29556
108.33 0.659778 0.20228 -1.14538 -0.21352 0.345129 1.28738
108.34 0.657759 0.204526 -1.14375 -0.186816 0.318917 1.28949
108.35 0.655353 0.20649 -1.14267 -0.188352 0.314414 1.28363
108.36 0.653001 0.208604 -1.14168 -0.1919 0.308225 1.28404
108.37 0.650514 0.210319 -1.14093 -0.196246 0.303431 1.27577
108.38 0.648081 0.212045 -1.14036 -0.198064 0.296363 1.27134
108.39 0.645698 0.2134 -1.14016 -0.195085 0.287615 1.26415
108.4 0.643333 0.214401 -1.14043 -0.205669 0.292057 1.25275
108.41 0.64098 0.215299 -1.14067 -0.208593 0.292969 1.24162
108.42 0.638667 0.216115 -1.14092 -0.208602 0.29082 1.23274
108.43 0.636378 0.216943 -1.14118 -0.205835 0.289214 1.22356
108.44 0.63421 0.217808 -1.14147 -0.205164 0.28737 1.2168
108.45 0.631902 0.218488 -1.14189 -0.210335 0.29008 1.20531
108.46 0.629851 0.219153 -1.14262 -0.236609 0.304597 1.19565
108.47 0.627692 0.219789 -1.14308 -0.238187 0.304793 1.1851
108.48 0.625603 0.220496 -1.14323 -0.239075 0.301302 1.17748
108.49 0.623342 0.221149 -1.1436 -0.24104 0.301046 1.16707
108.5 0.621292 0.221883 -1.14387 -0.237937 0.298767 1.16124
108.51 0.619152 0.222501 -1.14381 -0.206301 0.280363 1.15464
108.52 0.616995 0.222933 -1.14441 -0.210486 0.284555 1.14698
108.53 0.614974 0.223409 -1.14471 -0.200813 0.279079 1.14091
108.54 0.612805 0.223623 -1.14527 -0.200446 0.279828 1.13192
108.55 0.610507 0.223787 -1.14575 -0.198639 0.278373 1.12067
108.56 0.608093 0.2239 -1.14628 -0.191852 0.272596 1.11223
108.57 0.606167 0.224162 -1.14677 -0.202314 0.277508 1.10431
108.58 0.603826 0.22439 -1.14722 -0.207854 0.279119 1.0942
108.59 0.60154 0.224651 -1.14769 -0.20731 0.274599 1.08957
108.6 0.599164 0.224892 -1.14826 -0.208129 0.271945 1.08339
108.61 0.596554 0.225191 -1.1488 -0.21307 0.272408 1.0762
108.62 0.59408 0.225497 -1.14911 -0.212089 0.266266 1.07472
108.63 0.591132 0.22557 -1.14997 -0.222924 0.274816 1.06112
108.64 0.588424 0.225774 -1.15066 -0.226696 0.274207 1.05682
108.65 0.585688 0.225845 -1.15141 -0.229038 0.273228 1.05305
108.66 0.582899 0.225812 -1.15213 -0.236114 0.273703 1.04852
108.67 0.58 0.225637 -1.15282 -0.237939 0.271267 1.04319
108.68 0.57701 0.225329 -1.15336 -0.233476 0.265594 1.03715
108.69 0.574077 0.224945 -1.15385 -0.241197 0.265925 1.02959
108.7 0.570911 0.224397 -1.15433 -0.233528 0.259999 1.0233
108.71 0.567769 0.224 -1.15471 -0.236967 0.259569 1.01584
108.72 0.564561 0.223652 -1.15496 -0.240054 0.259266 1.00876
108.73 0.561109 0.22329 -1.15515 -0.23825 0.257591 1.00203
108.74 0.557589 0.223099 -1.15532 -0.239557 0.257399 0.99623
108.75 0.554041 0.223014 -1.15543 -0.244666 0.258802 0.990383
108.76 0.550328 0.222969 -1.15548 -0.240883 0.256452 0.984338
108.77 0.546394 0.223022 -1.15533 -0.241413 0.256413 0.977927
108.78 0.54244 0.223161 -1.15532 -0.237034 0.25491 0.973219
108.79 0.538353 0.223345 -1.1553 -0.234355 0.255534 0.966507
108.8 0.534402 0.223637 -1.15556 -0.23447 0.259693 0.961967
108.81 0.530473 0.224039 -1.15598 -0.232313 0.263192 0.957311
108.82 0.526614 0.22462 -1.15652 -0.231142 0.266563 0.952391
108.83 0.522775 0.225333 -1.15695 -0.231564 0.269307 0.947611
108.84 0.518981 0.22626 -1.15742 -0.231328 0.269883 0.943203
108.85 0.515228 0.227285 -1.15787 -0.229337 0.266879 0.938841
108.86 0.511551 0.228556 -1.15831 -0.235955 0.26868 0.934653
108.87 0.507818 0.229965 -1.15867 -0.235509 0.267326 0.932266
108.88 0.504088 0.231482 -1.15905 -0.234565 0.265642 0.930559
108.89 0.500392 0.233149 -1.15933 -0.236873 0.26674 0.928735
108.9 0.496635 0.234783 -1.15944 -0.229252 0.263485 0.928009
108.91 0.493031 0.236425 -1.15963 -0.22917 0.264895 0.925627
108.92 0.489464 0.238075 -1.15966 -0.228996 0.265534 0.922848
108.93 0.4858 0.239553 -1.15977 -0.221236 0.264711 0.920472
108.94 0.482273 0.241199 -1.15994 -0.223939 0.269154 0.917233
108.95 0.478778 0.242815 -1.16011 -0.21817 0.269152 0.915974
108.96 0.475437 0.244405 -1.1605 -0.219635 0.272075 0.913368
108.97 0.472058 0.246087 -1.16088 -0.21346 0.269188 0.911951
108.98 0.46876 0.247792 -1.16135 -0.211254 0.267739 0.910062
108.99 0.465762 0.249552 -1.16193 -0.221904 0.268772 0.907783
109 0.462648 0.251322 -1.1625 -0.217538 0.262931 0.906514
109.01 0.459679 0.25308 -1.16319 -0.217877 0.260692 0.903547
109.02 0.456934 0.254701 -1.16405 -0.216898 0.257895 0.900751
109.03 0.454302 0.256541 -1.16503 -0.218461 0.258138 0.8976
109.04 0.451628 0.25832 -1.1662 -0.221751 0.259824 0.89474
109.05 0.448836 0.260198 -1.16725 -0.215864 0.255589 0.894663
109.06 0.445957 0.26227 -1.16835 -0.221385 0.255519 0.893613
109.07 0.443 0.264356 -1.16952 -0.223321 0.251417 0.895467
109.08 0.43994 0.266463 -1.17075 -0.224076 0.247615 0.897202
109.09 0.436915 0.268573 -1.17208 -0.224862 0.242696 0.899462
109.1 0.433988 0.270623 -1.17341 -0.23175 0.239888 0.900668
109.11 0.431012 0.272414 -1.17466 -0.233338 0.235779 0.90068
109.12 0.428217 0.274037 -1.17593 -0.236754 0.231939 0.899062
109.13 0.425449 0.275448 -1.17733 -0.237726 0.228703 0.896154
109.14 0.422926 0.276647 -1.17874 -0.236978 0.227187 0.891236
109.15 0.420437 0.277865 -1.18032 -0.243002 0.230204 0.886212
109.16 0.417904 0.278932 -1.18179 -0.238511 0.228312 0.88201
109.17 0.415389 0.280204 -1.18333 -0.239442 0.229443 0.87739
109.18 0.412879 0.281517 -1.1849 -0.244191 0.231789 0.873303
109.19 0.410277 0.282853 -1.18648 -0.241638 0.229908 0.87089
109.2 0.407782 0.284499 -1.18809 -0.245743 0.231602 0.869036
109.21 0.405384 0.285958 -1.18971 -0.249045 0.233222 0.866162
109.22 0.403057 0.287516 -1.1912 -0.244376 0.230505 0.863242
109.23 0.40093 0.28914 -1.19276 -0.248288 0.23178 0.859453
109.24 0.398887 0.290579 -1.19421 -0.249591 0.231104 0.854902
109.25 0.396928 0.2922 -1.1955 -0.249938 0.231005 0.849904
109.26 0.395172 0.293792 -1.19678 -0.2518 0.231185 0.844777
109.27 0.393344 0.295532 -1.19786 -0.253488 0.232165 0.839188
109.28 0.391656 0.297353 -1.19885 -0.2578 0.233546 0.834831
109.29 0.389771 0.299354 -1.19967 -0.254005 0.231178 0.832262
109.3 0.388066 0.301383 -1.20048 -0.25538 0.231277 0.830416
109.31 0.386378 0.303547 -1.2013 -0.255497 0.230849 0.827807
109.32 0.384716 0.30571 -1.20201 -0.254576 0.228982 0.825242
109.33 0.383217 0.307919 -1.20278 -0.257047 0.227996 0.821759
109.34 0.381692 0.310147 -1.2035 -0.258595 0.226238 0.817483
109.35 0.380284 0.312422 -1.20418 -0.259259 0.222871 0.81364
109.36 0.37893 0.314689 -1.205 -0.262285 0.222796 0.809272
109.37 0.377631 0.317076 -1.20575 -0.263715 0.222203 0.806044
109.38 0.376247 0.319389 -1.20669 -0.261767 0.221396 0.802946
109.39 0.375144 0.321842 -1.20767 -0.262067 0.222614 0.799752
109.4 0.374201 0.324176 -1.20901 -0.260371 0.224092 0.797271
109.41 0.373633 0.326515 -1.2105 -0.261199 0.228449 0.792456
109.42 0.373289 0.328843 -1.21213 -0.261863 0.231507 0.786016
109.43 0.372966 0.331059 -1.21362 -0.261272 0.23351 0.77761
109.44 0.3727 0.333201 -1.21514 -0.262885 0.235866 0.767803
109.45 0.372419 0.335654 -1.21654 -0.26385 0.235807 0.759714
109.46 0.371989 0.337986 -1.21793 -0.264188 0.23579 0.752211
109.47 0.371297 0.34065 -1.2193 -0.262447 0.234421 0.748942
109.48 0.370641 0.343335 -1.22067 -0.263824 0.232766 0.746119
109.49 0.36998 0.346129 -1.22225 -0.2707 0.232931 0.743702
109.5 0.369411 0.348936 -1.22369 -0.270147 0.229814 0.7405
109.51 0.368902 0.35154 -1.22516 -0.273075 0.228046 0.735223
109.52 0.36848 0.354128 -1.22664 -0.277066 0.226709 0.729442
109.53 0.3683 0.356494 -1.22817 -0.280297 0.226544 0.721697
109.54 0.367932 0.35882 -1.22969 -0.276481 0.224006 0.715516
109.55 0.36765 0.361146 -1.23125 -0.278364 0.225654 0.708562
109.56 0.367336 0.363517 -1.2328 -0.279088 0.225318 0.702392
109.57 0.366883 0.365877 -1.23446 -0.28173 0.224528 0.697148
109.58 0.366325 0.368362 -1.23607 -0.283844 0.224809 0.691999
109.59 0.366012 0.370863 -1.2379 -0.28895 0.225228 0.688017
109.6 0.365336 0.373421 -1.23967 -0.287941 0.223102 0.685187
109.61 0.364676 0.37589 -1.24129 -0.290994 0.222607 0.683266
109.62 0.364027 0.37835 -1.24305 -0.294418 0.220715 0.679717
109.63 0.363438 0.380668 -1.24474 -0.300295 0.218927 0.676776
109.64 0.362699 0.382859 -1.24628 -0.299193 0.216076 0.674411
109.65 0.36195 0.384918 -1.24788 -0.305465 0.213317 0.671202
109.66 0.36118 0.386782 -1.24935 -0.304149 0.209264 0.668007
109.67 0.360447 0.388575 -1.25075 -0.308926 0.207646 0.664209
109.68 0.359667 0.389975 -1.25224 -0.307734 0.203371 0.659638
109.69 0.358936 0.391453 -1.25378 -0.30952 0.200301 0.656006
109.7 0.358066 0.392583 -1.25532 -0.3103 0.197561 0.651647
109.71 0.357231 0.393596 -1.25705 -0.307889 0.193493 0.646633
109.72 0.356367 0.39459 -1.25892 -0.315562 0.193307 0.641655
109.73 0.355407 0.395353 -1.26077 -0.318864 0.190953 0.637099
109.74 0.354451 0.396013 -1.26276 -0.323845 0.185222 0.632512
109.75 0.353285 0.396512 -1.26471 -0.340683 0.183287 0.626826
109.76 0.352146 0.396785 -1.26652 -0.34143 0.173484 0.620527
109.77 0.351005 0.396924 -1.26823 -0.347456 0.167689 0.612713
109.78 0.349894 0.39686 -1.26994 -0.350993 0.161713 0.60521
109.79 0.348786 0.396615 -1.27162 -0.355215 0.159054 0.596606
109.8 0.347582 0.396397 -1.27317 -0.35944 0.159672 0.588642
109.81 0.3464 0.396065 -1.27465 -0.358222 0.159981 0.580144
109.82 0.345076 0.395766 -1.27605 -0.35971 0.161664 0.573212
109.83 0.343625 0.395474 -1.27737 -0.359898 0.161933 0.566448
109.84 0.3419 0.395257 -1.27864 -0.362421 0.161445 0.560302
109.85 0.340057 0.395074 -1.27972 -0.36449 0.158928 0.554761
109.86 0.338122 0.39495 -1.28074 -0.366789 0.153745 0.54966
109.87 0.33598 0.394742 -1.28173 -0.374774 0.148572 0.544107
109.88 0.333954 0.394541 -1.28246 -0.377057 0.143481 0.536251
109.89 0.331701 0.394201 -1.28314 -0.382102 0.140798 0.529169
109.9 0.329271 0.393728 -1.2837 -0.381457 0.136635 0.524736
109.91 0.326772 0.393343 -1.28402 -0.380247 0.136448 0.518253
109.92 0.324072 0.392777 -1.28444 -0.383654 0.137139 0.513432
109.93 0.321338 0.392263 -1.28468 -0.381921 0.138011 0.509472
109.94 0.31838 0.391703 -1.28471 -0.378765 0.138576 0.505192
109.95 0.315294 0.391219 -1.28479 -0.384193 0.140405 0.500888
109.96 0.312276 0.390688 -1.28493 -0.381694 0.140827 0.495562
109.97 0.309025 0.390139 -1.28487 -0.384603 0.14096 0.490085
109.98 0.305933 0.389608 -1.285 -0.385075 0.140997 0.484435
109.99 0.302339 0.389103 -1.28488 -0.385876 0.137699 0.479595
110 0.298769 0.388719 -1.28486 -0.390155 0.137365 0.475914
110.01 0.295141 0.3883 -1.28479 -0.397002 0.135943 0.4704
110.02 0.291629 0.388069 -1.28472 -0.400091 0.13548 0.466224
110.03 0.288093 0.387837 -1.28439 -0.393687 0.13311 0.464675
110.04 0.284671 0.387748 -1.28394 -0.401388 0.134041 0.460358
110.05 0.281127 0.387398 -1.28324 -0.390979 0.131419 0.455962
110.06 0.277622 0.387188 -1.28245 -0.395174 0.133439 0.451423
110.07 0.274096 0.386985 -1.28159 -0.389197 0.133347 0.44607
110.08 0.270668 0.386842 -1.2807 -0.388397 0.135497 0.440406
110.09 0.267027 0.386653 -1.27963 -0.386002 0.136879 0.435294
110.1 0.263314 0.386496 -1.27863 -0.386435 0.138423 0.430321
110.11 0.259334 0.386093 -1.2775 -0.384744 0.138809 0.424496
110.12 0.255343 0.385781 -1.27641 -0.375353 0.136977 0.422265
110.13 0.251178 0.385352 -1.27534 -0.378192 0.136951 0.418596
110.14 0.246597 0.384736 -1.27414 -0.373747 0.133642 0.415748
110.15 0.242167 0.384226 -1.27304 -0.376682 0.131108 0.413112
110.16 0.237674 0.38372 -1.272 -0.37917 0.128848 0.411438
110.17 0.233217 0.383121 -1.27102 -0.377957 0.126298 0.408746
110.18 0.228669 0.382662 -1.26985 -0.377415 0.12272 0.406306
110.19 0.224566 0.382191 -1.26888 -0.377817 0.119979 0.401941
110.2 0.220581 0.381657 -1.26792 -0.37817 0.119369 0.396518
110.21 0.216746 0.3811 -1.26693 -0.375561 0.119302 0.389332
110.22 0.213102 0.380677 -1.26602 -0.370158 0.120183 0.382846
110.23 0.209507 0.380257 -1.26515 -0.370051 0.123579 0.373979
110.24 0.206044 0.379948 -1.26439 -0.366222 0.126979 0.366475
110.25 0.202473 0.379775 -1.2636 -0.361739 0.131463 0.359735
110.26 0.198961 0.379734 -1.26289 -0.361452 0.135258 0.352818
110.27 0.195221 0.379764 -1.26214 -0.356353 0.136798 0.346458
110.28 0.191224 0.37985 -1.2613 -0.355339 0.137574 0.341558
110.29 0.187124 0.380019 -1.26043 -0.355204 0.136322 0.337084
110.3 0.182756 0.380309 -1.25967 -0.356205 0.134348 0.333727
110.31 0.178274 0.38056 -1.25885 -0.351577 0.130351 0.332588
110.32 0.173612 0.380949 -1.25813 -0.352959 0.12773 0.332133
110.33 0.168928 0.3813 -1.25751 -0.352727 0.122679 0.33115
110.34 0.164134 0.381657 -1.25688 -0.35307 0.117464 0.330856
110.35 0.159369 0.381958 -1.25632 -0.355783 0.112432 0.330196
110.36 0.154641 0.382273 -1.25581 -0.353581 0.107569 0.330309
110.37 0.150099 0.382556 -1.2554 -0.35609 0.104092 0.329782
110.38 0.145645 0.382806 -1.25519 -0.354673 0.102186 0.327925
110.39 0.141415 0.383043 -1.255 -0.351855 0.0985321 0.324487
110.4 0.137089 0.383159 -1.25478 -0.356708 0.0980917 0.322603
110.41 0.133018 0.3832 -1.25483 -0.359709 0.0970906 0.318375
110.42 0.128795 0.383293 -1.25487 -0.359112 0.0964171 0.313807
110.43 0.124734 0.38335 -1.25503 -0.35738 0.0941606 0.309234
110.44 0.120462 0.383452 -1.25522 -0.358829 0.0932293 0.3055
110.45 0.11626 0.383533 -1.25562 -0.359484 0.0911368 0.301937
110.46 0.11199 0.38372 -1.25601 -0.362406 0.0897797 0.298497
110.47 0.107743 0.383871 -1.2564 -0.367268 0.0890944 0.294755
110.48 0.103361 0.383976 -1.25668 -0.365011 0.0870863 0.290553
110.49 0.0990585 0.384101 -1.25702 -0.367332 0.0861412 0.286545
110.5 0.0946955 0.384269 -1.25717 -0.368817 0.0868882 0.283838
110.51 0.0905473 0.384459 -1.2574 -0.369959 0.0863464 0.280421
110.52 0.0862911 0.384689 -1.25758 -0.371729 0.0863069 0.27591
110.53 0.0821568 0.384904 -1.25785 -0.369603 0.0847826 0.27069
110.54 0.0782472 0.385367 -1.25814 -0.369153 0.0828697 0.263671
110.55 0.0739012 0.385658 -1.25838 -0.372283 0.0837459 0.261026
110.56 0.0700338 0.386135 -1.25868 -0.373406 0.0843388 0.254309
110.57 0.0659816 0.386554 -1.25877 -0.376202 0.0840944 0.247417
110.58 0.0619277 0.386939 -1.25876 -0.372965 0.0838595 0.240343
110.59 0.0576588 0.387239 -1.25846 -0.375891 0.0839279 0.235773
110.6 0.0528421 0.387403 -1.25793 -0.374256 0.0843997 0.233101
110.61 0.0480367 0.3874 -1.25713 -0.370278 0.0834328 0.23195
110.62 0.0433671 0.387714 -1.25636 -0.373372 0.082071 0.23124
110.63 0.0383294 0.387796 -1.25537 -0.370134 0.0803508 0.231654
110.64 0.0339958 0.388029 -1.25434 -0.360003 0.0748843 0.229718
110.65 0.0295465 0.388289 -1.25342 -0.361466 0.0728072 0.227252
110.66 0.0256032 0.388333 -1.25262 -0.352967 0.0699084 0.221845
110.67 0.0221063 0.38862 -1.25213 -0.352817 0.0705032 0.212975
110.68 0.0189083 0.388777 -1.25187 -0.346096 0.0721722 0.202146
110.69 0.0155266 0.388762 -1.25175 -0.348947 0.0768907 0.194016
110.7 0.0123718 0.388788 -1.25172 -0.349636 0.0811564 0.185136
110.71 0.00895803 0.388726 -1.25165 -0.345648 0.0840324 0.17788
110.72 0.00538996 0.38862 -1.25164 -0.350929 0.0858434 0.171076
110.73 0.00168753 0.388486 -1.25142 -0.348031 0.0854132 0.16622
110.74 -0.00212687 0.38836 -1.25114 -0.34682 0.0829863 0.162266
110.75 -0.00595248 0.388229 -1.25076 -0.348795 0.080933 0.157791
110.76 -0.00971735 0.388061 -1.25023 -0.344136 0.0770175 0.152755
110.77 -0.0137922 0.38785 -1.24957 -0.343293 0.0747477 0.15024
110.78 -0.0177332 0.387691 -1.24889 -0.346041 0.0730581 0.148308
110.79 -0.0215993 0.387434 -1.2482 -0.338272 0.0688778 0.145368
110.8 -0.0256065 0.387229 -1.24742 -0.337242 0.0663755 0.143654
110.81 -0.0297128 0.386821 -1.24675 -0.331302 0.062494 0.143585
110.82 -0.0337441 0.386544 -1.24612 -0.333638 0.0588194 0.143377
110.83 -0.037865 0.386086 -1.24554 -0.333149 0.0546957 0.143236
110.84 -0.0417153 0.385691 -1.24515 -0.328135 0.0488123 0.140829
110.85 -0.0456119 0.385176 -1.24481 -0.332353 0.0455352 0.140168
110.86 -0.0492033 0.384549 -1.24464 -0.323016 0.0417769 0.135833
110.87 -0.0527413 0.383915 -1.24471 -0.327051 0.0415859 0.133179
110.88 -0.056189 0.383096 -1.24505 -0.323064 0.0423105 0.129843
110.89 -0.0595798 0.382272 -1.24553 -0.324205 0.0455959 0.126888
110.9 -0.0627704 0.381365 -1.24624 -0.324378 0.0474638 0.122773
110.91 -0.0659887 0.380378 -1.24696 -0.326339 0.0495523 0.117979
110.92 -0.0691772 0.379239 -1.24777 -0.324038 0.0502736 0.113847
110.93 -0.0723726 0.378004 -1.24861 -0.324163 0.0504606 0.110698
110.94 -0.0756635 0.376678 -1.24961 -0.329426 0.051396 0.106182
110.95 -0.0788471 0.375311 -1.25062 -0.328923 0.0507933 0.103025
110.96 -0.0820605 0.373787 -1.25169 -0.331531 0.0497543 0.100538
110.97 -0.0852098 0.372232 -1.25268 -0.330174 0.0491052 0.0963355
110.98 -0.0884689 0.370606 -1.25374 -0.336909 0.048726 0.0937028
110.99 -0.0917852 0.368879 -1.25487 -0.340853 0.0480492 0.0908221
111 -0.0949924 0.366963 -1.25594 -0.342697 0.0473915 0.0889268
111.01 -0.0981411 0.365042 -1.25696 -0.341773 0.0468753 0.0871932
111.02 -0.10125 0.362883 -1.25809 -0.343816 0.0484054 0.0834697
111.03 -0.104137 0.360785 -1.25926 -0.350336 0.0491638 0.079909
111.04 -0.106925 0.358481 -1.26038 -0.353159 0.0495634 0.0758654
111.05 -0.109616 0.356137 -1.26142 -0.351937 0.0493262 0.0698391
111.06 -0.112332 0.353624 -1.26242 -0.355245 0.0499443 0.0642054
111.07 -0.115042 0.350991 -1.26332 -0.358011 0.0504179 0.058353
111.08 -0.11776 0.348306 -1.26404 -0.359287 0.0516491 0.0530273
111.09 -0.120552 0.345509 -1.26475 -0.362798 0.0523535 0.0486082
111.1 -0.123418 0.342572 -1.26521 -0.358626 0.0532013 0.0442398
111.11 -0.126292 0.339631 -1.26574 -0.359873 0.0546399 0.0403181
111.12 -0.129272 0.336648 -1.26619 -0.359066 0.0550825 0.0355855
111.13 -0.13213 0.333519 -1.26666 -0.36039 0.0567844 0.0330852
111.14 -0.135096 0.330389 -1.26712 -0.363235 0.0575956 0.0288053
111.15 -0.138086 0.327134 -1.26744 -0.360146 0.0576889 0.0248266
111.16 -0.141237 0.323745 -1.2679 -0.360417 0.0573102 0.020973
111.17 -0.144471 0.320379 -1.26828 -0.365081 0.0566559 0.0178926
111.18 -0.147697 0.316945 -1.26864 -0.357368 0.0549227 0.0149822
111.19 -0.151137 0.313588 -1.26915 -0.363979 0.0553494 0.0142947
111.2 -0.154446 0.310386 -1.26949 -0.362225 0.0538297 0.0122142
111.21 -0.15787 0.307137 -1.26997 -0.364247 0.0529284 0.0122754
111.22 -0.161318 0.30403 -1.27033 -0.367271 0.0525177 0.0108145
111.23 -0.164583 0.300905 -1.27065 -0.367544 0.0511037 0.0095965
111.24 -0.16776 0.297717 -1.27105 -0.365919 0.0512949 0.00748846
111.25 -0.170776 0.294489 -1.2712 -0.370971 0.0518548 0.00603443
111.26 -0.173687 0.291209 -1.2714 -0.365544 0.0523536 0.000593632
111.27 -0.176459 0.287812 -1.27142 -0.370857 0.0535182 -0.00166572
111.28 -0.179388 0.2843 -1.27146 -0.364511 0.0549476 -0.00714907
111.29 -0.18209 0.280684 -1.27146 -0.36684 0.0559332 -0.0115891
111.3 -0.185004 0.276934 -1.27151 -0.366832 0.0570396 -0.0154356
111.31 -0.187744 0.273168 -1.27148 -0.365799 0.056764 -0.0187475
111.32 -0.190631 0.269284 -1.27154 -0.366736 0.0571062 -0.022314
111.33 -0.193208 0.26549 -1.27149 -0.364258 0.056055 -0.0262947
111.34 -0.195712 0.261719 -1.27154 -0.364385 0.0553622 -0.0319426
111.35 -0.198209 0.25801 -1.2716 -0.363776 0.0552719 -0.0389068
111.36 -0.200418 0.254446 -1.2716 -0.363425 0.0550424 -0.045108
111.37 -0.202881 0.250977 -1.27162 -0.361935 0.055755 -0.0522606
111.38 -0.205269 0.24757 -1.27159 -0.360071 0.0561431 -0.058837
111.39 -0.207843 0.244279 -1.27158 -0.359749 0.0568296 -0.064519
111.4 -0.210602 0.24107 -1.2716 -0.360657 0.0565512 -0.0686633
111.41 -0.213482 0.23807 -1.27155 -0.359836 0.0565734 -0.0727034
111.42 -0.216502 0.235189 -1.27154 -0.357007 0.0560968 -0.0756479
111.43 -0.219613 0.232326 -1.27143 -0.354983 0.0565076 -0.078179
111.44 -0.222709 0.229593 -1.27143 -0.357206 0.0555411 -0.080539
111.45 -0.22601 0.226813 -1.27115 -0.35542 0.0549017 -0.082869
111.46 -0.229247 0.224012 -1.27096 -0.354759 0.0538883 -0.0859796
111.47 -0.232623 0.221108 -1.27055 -0.355722 0.0516068 -0.0878245
111.48 -0.235915 0.218222 -1.27011 -0.351068 0.0494982 -0.0892673
111.49 -0.239371 0.215241 -1.26971 -0.349887 0.047192 -0.0904663
111.5 -0.242753 0.212308 -1.26931 -0.347937 0.0452668 -0.0911291
111.51 -0.246132 0.209297 -1.26902 -0.346855 0.0431944 -0.0917961
111.52 -0.249389 0.206321 -1.26873 -0.342001 0.0418512 -0.0930903
111.53 -0.252509 0.203373 -1.26865 -0.340952 0.0399107 -0.0951938
111.54 -0.255642 0.200498 -1.26855 -0.341287 0.0393133 -0.0986416
111.55 -0.258541 0.197676 -1.26866 -0.341387 0.0369775 -0.102674
111.56 -0.261644 0.194798 -1.26872 -0.342935 0.0374505 -0.106859
111.57 -0.264609 0.192001 -1.26881 -0.343855 0.0356545 -0.111106
111.58 -0.26766 0.189135 -1.26895 -0.343512 0.0348422 -0.116265
111.59 -0.27099 0.18644 -1.26897 -0.34554 0.0336565 -0.118708
111.6 -0.274338 0.183739 -1.26888 -0.350033 0.0335243 -0.122666
111.61 -0.277666 0.180881 -1.26893 -0.348806 0.0311349 -0.124032
111.62 -0.280952 0.178141 -1.26885 -0.344712 0.0303365 -0.126693
111.63 -0.284507 0.175405 -1.26861 -0.34676 0.0300251 -0.128039
111.64 -0.287823 0.172687 -1.26848 -0.347874 0.029307 -0.130714
111.65 -0.291351 0.16991 -1.26818 -0.346302 0.0295433 -0.134003
111.66 -0.294639 0.167402 -1.26779 -0.354257 0.0303161 -0.138313
111.67 -0.297905 0.164803 -1.26762 -0.349532 0.0301366 -0.143161
111.68 -0.301128 0.16225 -1.2673 -0.350774 0.029569 -0.147886
111.69 -0.3045 0.15972 -1.26712 -0.351344 0.0293683 -0.152709
111.7 -0.307784 0.157254 -1.26681 -0.351153 0.0290497 -0.157529
111.71 -0.31143 0.154752 -1.26651 -0.358529 0.0274238 -0.161436
111.72 -0.314738 0.152236 -1.26629 -0.35274 0.0278491 -0.165601
111.73 -0.318394 0.149574 -1.26599 -0.352866 0.0272268 -0.169931
111.74 -0.321748 0.14673 -1.26593 -0.350428 0.0258103 -0.170229
111.75 -0.325608 0.144305 -1.26559 -0.357306 0.0266054 -0.176474
111.76 -0.329326 0.141363 -1.26548 -0.352823 0.0246805 -0.177665
111.77 -0.333081 0.138728 -1.26528 -0.359252 0.0250177 -0.18092
111.78 -0.336553 0.136067 -1.26548 -0.354288 0.0228857 -0.182636
111.79 -0.339852 0.133595 -1.26566 -0.352732 0.0235221 -0.187522
111.8 -0.343038 0.131356 -1.26577 -0.355125 0.0231083 -0.196265
111.81 -0.346548 0.128949 -1.26549 -0.366601 0.0243109 -0.204256
111.82 -0.349746 0.126337 -1.26534 -0.35955 0.0268529 -0.212154
111.83 -0.353076 0.123584 -1.26511 -0.358749 0.0268411 -0.216568
111.84 -0.356685 0.120582 -1.26459 -0.35876 0.0287209 -0.2184
111.85 -0.360471 0.117803 -1.26397 -0.359659 0.0311317 -0.2237
111.86 -0.364144 0.114803 -1.26349 -0.352838 0.0313854 -0.225938
111.87 -0.367868 0.111722 -1.26283 -0.3469 0.0297913 -0.228561
111.88 -0.371582 0.108813 -1.26224 -0.352849 0.0261115 -0.232352
111.89 -0.37499 0.105689 -1.26209 -0.345692 0.0236011 -0.238054
111.9 -0.378264 0.102652 -1.26184 -0.340514 0.0232387 -0.244767
111.91 -0.381514 0.0997765 -1.26204 -0.343078 0.0223849 -0.25137
111.92 -0.384713 0.0969923 -1.26222 -0.348817 0.0242667 -0.256277
111.93 -0.387733 0.0941977 -1.26275 -0.347159 0.0287987 -0.262358
111.94 -0.390647 0.0917074 -1.26309 -0.346826 0.035278 -0.268769
111.95 -0.393713 0.0893242 -1.26342 -0.355839 0.038886 -0.274569
111.96 -0.396527 0.0867787 -1.2637 -0.351368 0.0448134 -0.280782
111.97 -0.399418 0.0843962 -1.26393 -0.352987 0.0493072 -0.285989
111.98 -0.402242 0.0820138 -1.26382 -0.351052 0.0527208 -0.291385
111.99 -0.4051 0.0795797 -1.26372 -0.35666 0.0537742 -0.295692
112 -0.407845 0.0771641 -1.26326 -0.348779 0.0551498 -0.300249
112.01 -0.410642 0.0746334 -1.26272 -0.345162 0.0541395 -0.303564
112.02 -0.413374 0.0722605 -1.2623 -0.349042 0.0515537 -0.306671
112.03 -0.416015 0.0698608 -1.26182 -0.349133 0.0478194 -0.308833
112.04 -0.418569 0.067309 -1.26113 -0.342735 0.0465908 -0.310837
112.05 -0.420945 0.0649734 -1.26082 -0.3449 0.0436664 -0.312362
112.06 -0.423197 0.062507 -1.26033 -0.340484 0.0428053 -0.314116
112.07 -0.425034 0.06019 -1.26007 -0.344675 0.0408265 -0.316575
112.08 -0.426816 0.0579396 -1.25969 -0.35054 0.0389724 -0.32043
112.09 -0.428243 0.0553381 -1.25948 -0.337637 0.0407986 -0.324609
112.1 -0.429451 0.0528978 -1.25936 -0.339481 0.0395931 -0.328913
112.11 -0.430432 0.0505589 -1.25934 -0.343762 0.0378388 -0.333304
112.12 -0.431382 0.0480056 -1.2592 -0.344354 0.0368724 -0.337627
112.13 -0.432177 0.0454387 -1.25899 -0.337416 0.0363659 -0.341891
112.14 -0.432723 0.0429911 -1.25903 -0.347739 0.0328574 -0.346084
112.15 -0.433339 0.0402012 -1.25874 -0.336389 0.0327551 -0.350042
112.16 -0.433705 0.0375896 -1.25858 -0.338549 0.030061 -0.35376
112.17 -0.433951 0.0348653 -1.2584 -0.337724 0.0281759 -0.357771
112.18 -0.434139 0.0321493 -1.25807 -0.342337 0.0254988 -0.36281
112.19 -0.434087 0.0292666 -1.25781 -0.338532 0.0254279 -0.367477
112.2 -0.433916 0.026446 -1.25749 -0.341228 0.0243779 -0.372867
112.21 -0.433686 0.0236375 -1.2571 -0.346835 0.0225395 -0.378005
112.22 -0.433454 0.0206702 -1.25655 -0.346479 0.0219372 -0.383356
112.23 -0.432956 0.017524 -1.25603 -0.339059 0.0202777 -0.386559
112.24 -0.432652 0.0143917 -1.25542 -0.342675 0.018658 -0.391187
112.25 -0.432304 0.0110716 -1.25478 -0.340599 0.0172197 -0.395279
112.26 -0.431904 0.0077882 -1.25406 -0.342191 0.0142343 -0.399697
112.27 -0.431442 0.00430333 -1.25333 -0.341275 0.0116236 -0.40415
112.28 -0.430781 0.000756786 -1.25257 -0.342248 0.00933008 -0.408709
112.29 -0.43009 -0.00286092 -1.25172 -0.342654 0.00806927 -0.413842
112.3 -0.429232 -0.00657229 -1.25087 -0.341796 0.00733191 -0.41915
112.31 -0.42838 -0.0103258 -1.24998 -0.341668 0.00741692 -0.424686
112.32 -0.427406 -0.0141416 -1.24903 -0.342669 0.00718962 -0.430803
112.33 -0.426409 -0.0180619 -1.24803 -0.34011 0.00795642 -0.436939
112.34 -0.425423 -0.0220345 -1.24712 -0.34142 0.00795618 -0.443227
112.35 -0.424538 -0.0258907 -1.24603 -0.350802 0.00690958 -0.449187
112.36 -0.423566 -0.029974 -1.24508 -0.346858 0.00935708 -0.455122
112.37 -0.42257 -0.0341604 -1.24421 -0.338013 0.0127891 -0.461137
112.38 -0.421817 -0.0384466 -1.24312 -0.334233 0.0150901 -0.466572
112.39 -0.421083 -0.0426953 -1.24218 -0.336422 0.0155217 -0.471599
112.4 -0.421207 -0.0468012 -1.24089 -0.353495 0.0166037 -0.480726
112.41 -0.420505 -0.0512693 -1.24009 -0.352428 0.0165309 -0.484772
112.42 -0.42006 -0.0558087 -1.23918 -0.355411 0.0155633 -0.487796
112.43 -0.419707 -0.0604353 -1.23809 -0.354698 0.0152613 -0.490762
112.44 -0.419369 -0.0650984 -1.237 -0.354132 0.0146871 -0.493512
112.45 -0.41901 -0.0697973 -1.23595 -0.356961 0.0132585 -0.495654
112.46 -0.418695 -0.0746712 -1.23486 -0.356696 0.0125268 -0.497589
112.47 -0.418447 -0.0798249 -1.23352 -0.349311 0.0146624 -0.498999
112.48 -0.418089 -0.0845253 -1.2324 -0.362897 0.0109845 -0.500414
112.49 -0.417716 -0.0895417 -1.23111 -0.359409 0.00990341 -0.503062
112.5 -0.417036 -0.0946717 -1.22989 -0.351786 0.0102986 -0.505155
112.51 -0.416645 -0.0996416 -1.22845 -0.35607 0.00769264 -0.507295
112.52 -0.415615 -0.105242 -1.22723 -0.32942 0.00826222 -0.504264
112.53 -0.415706 -0.110179 -1.2255 -0.344734 0.00794927 -0.51221
112.54 -0.415073 -0.115355 -1.22417 -0.350503 0.00483075 -0.513737
112.55 -0.414427 -0.120762 -1.22278 -0.343456 0.00515065 -0.51527
112.56 -0.413866 -0.126125 -1.22137 -0.343178 0.00380778 -0.516232
112.57 -0.41309 -0.13159 -1.22009 -0.330461 0.00446736 -0.517669
112.58 -0.41254 -0.136901 -1.2188 -0.321806 0.00461888 -0.519646
112.59 -0.411627 -0.141826 -1.21777 -0.327312 0.000180378 -0.521889
112.6 -0.410833 -0.146872 -1.21648 -0.32619 -0.0035706 -0.525197
112.61 -0.409772 -0.151792 -1.21552 -0.322674 -0.00702979 -0.529636
112.62 -0.408599 -0.156573 -1.21464 -0.319345 -0.0103977 -0.534898
112.63 -0.40734 -0.16115 -1.21404 -0.322009 -0.0150491 -0.540438
112.64 -0.406328 -0.166006 -1.21334 -0.313767 -0.0148918 -0.544966
112.65 -0.405068 -0.170415 -1.21303 -0.323727 -0.019688 -0.548105
112.66 -0.404011 -0.175026 -1.21266 -0.322456 -0.0221508 -0.550817
112.67 -0.403002 -0.179532 -1.21232 -0.319099 -0.0247649 -0.552612
112.68 -0.402011 -0.183967 -1.21191 -0.31259 -0.0264045 -0.554458
112.69 -0.401031 -0.188152 -1.21162 -0.31166 -0.0292449 -0.556965
112.7 -0.400081 -0.192098 -1.21152 -0.309037 -0.0302984 -0.559304
112.71 -0.398977 -0.195591 -1.21174 -0.316401 -0.0336991 -0.561918
112.72 -0.397902 -0.199062 -1.21211 -0.317129 -0.034547 -0.562148
112.73 -0.397032 -0.202127 -1.21239 -0.315807 -0.0351289 -0.567341
112.74 -0.396124 -0.205037 -1.21275 -0.315392 -0.0364611 -0.571761
112.75 -0.395058 -0.20766 -1.21328 -0.319249 -0.0401114 -0.575692
112.76 -0.394086 -0.21012 -1.21368 -0.316485 -0.041611 -0.579965
112.77 -0.39316 -0.212457 -1.21417 -0.316845 -0.0433552 -0.580925
112.78 -0.392477 -0.214351 -1.2146 -0.314186 -0.042556 -0.586668
112.79 -0.391667 -0.216114 -1.21513 -0.315966 -0.0434186 -0.589626
112.8 -0.391135 -0.217778 -1.21567 -0.318778 -0.0433758 -0.590856
112.81 -0.390747 -0.219364 -1.21621 -0.315968 -0.043107 -0.592291
112.82 -0.390264 -0.220893 -1.2169 -0.312505 -0.0440497 -0.590152
112.83 -0.39039 -0.222144 -1.21742 -0.312274 -0.0476936 -0.591228
112.84 -0.39041 -0.223264 -1.21822 -0.315734 -0.054273 -0.58986
112.85 -0.390435 -0.224595 -1.21907 -0.311323 -0.0598243 -0.585023
112.86 -0.390863 -0.22551 -1.21996 -0.30864 -0.0655582 -0.584823
112.87 -0.391052 -0.226322 -1.22107 -0.307944 -0.0714614 -0.581465
112.88 -0.391173 -0.226926 -1.22245 -0.309097 -0.0767897 -0.578925
112.89 -0.391292 -0.227389 -1.22388 -0.309748 -0.0803481 -0.576691
112.9 -0.391216 -0.22767 -1.22544 -0.308619 -0.0824726 -0.574852
112.91 -0.391073 -0.227623 -1.22725 -0.312778 -0.0859665 -0.574253
112.92 -0.390875 -0.227504 -1.22915 -0.312217 -0.0865694 -0.57377
112.93 -0.390664 -0.22706 -1.23119 -0.317345 -0.0898972 -0.574363
112.94 -0.390376 -0.226534 -1.23326 -0.31681 -0.09168 -0.574643
112.95 -0.390122 -0.225754 -1.23538 -0.320903 -0.0943973 -0.576058
112.96 -0.389864 -0.224907 -1.23754 -0.319348 -0.0953242 -0.576572
112.97 -0.389607 -0.223835 -1.23978 -0.324 -0.0972753 -0.577046
112.98 -0.389483 -0.222624 -1.24209 -0.321238 -0.0970954 -0.577651
112.99 -0.389281 -0.221136 -1.2445 -0.327043 -0.0984313 -0.577549
113 -0.389295 -0.21968 -1.24694 -0.323842 -0.0973798 -0.578148
113.01 -0.389282 -0.217865 -1.24949 -0.33079 -0.0994907 -0.577745
113.02 -0.389398 -0.215999 -1.25216 -0.331476 -0.100092 -0.577954
113.03 -0.389524 -0.213916 -1.25491 -0.334123 -0.101729 -0.577865
113.04 -0.389773 -0.211737 -1.2578 -0.336962 -0.103189 -0.578238
113.05 -0.390007 -0.20935 -1.26086 -0.336229 -0.104451 -0.578643
113.06 -0.390355 -0.206774 -1.26403 -0.340648 -0.106334 -0.579235
113.07 -0.390788 -0.204005 -1.26738 -0.346537 -0.108187 -0.579863
113.08 -0.391193 -0.201145 -1.27077 -0.345799 -0.107844 -0.580717
113.09 -0.391676 -0.198034 -1.2743 -0.351209 -0.108902 -0.581416
113.1 -0.392225 -0.194812 -1.27792 -0.355751 -0.110317 -0.581221
113.11 -0.392968 -0.191496 -1.28157 -0.357037 -0.110078 -0.581346
113.12 -0.393844 -0.188037 -1.28537 -0.361361 -0.111307 -0.581327
113.13 -0.394688 -0.184442 -1.28932 -0.366162 -0.113754 -0.580913
113.14 -0.395701 -0.180742 -1.29325 -0.366667 -0.115469 -0.58124
113.15 -0.396804 -0.176861 -1.29727 -0.370096 -0.118774 -0.581885
113.16 -0.397917 -0.17289 -1.30145 -0.373561 -0.121954 -0.581897
113.17 -0.399113 -0.168772 -1.30575 -0.377363 -0.124478 -0.582495
113.18 -0.400369 -0.164596 -1.31015 -0.37951 -0.126055 -0.583103
113.19 -0.401669 -0.160167 -1.31481 -0.382993 -0.12696 -0.584499
113.2 -0.403014 -0.155586 -1.31965 -0.387733 -0.127676 -0.585532
113.21 -0.404413 -0.150888 -1.32465 -0.393632 -0.129438 -0.586988
113.22 -0.405861 -0.146054 -1.32968 -0.396438 -0.129944 -0.58848
113.23 -0.407628 -0.141083 -1.33487 -0.400023 -0.130222 -0.590343
113.24 -0.409354 -0.136018 -1.34021 -0.408467 -0.132819 -0.588405
113.25 -0.411362 -0.130801 -1.34561 -0.413463 -0.134523 -0.588905
113.26 -0.413018 -0.125376 -1.35134 -0.412277 -0.136984 -0.586398
113.27 -0.415402 -0.119822 -1.35678 -0.419406 -0.139234 -0.587341
113.28 -0.417783 -0.114109 -1.36232 -0.427658 -0.142841 -0.58781
113.29 -0.420305 -0.108194 -1.36787 -0.430888 -0.144508 -0.589131
113.3 -0.42286 -0.102119 -1.37343 -0.437603 -0.147962 -0.59009
113.31 -0.425474 -0.0958804 -1.37902 -0.439965 -0.14985 -0.592346
113.32 -0.428188 -0.0894654 -1.38451 -0.445046 -0.152654 -0.594265
113.33 -0.431039 -0.0829156 -1.39003 -0.450627 -0.154247 -0.596364
113.34 -0.433953 -0.0762574 -1.39551 -0.454281 -0.154782 -0.598918
113.35 -0.43696 -0.0695123 -1.40094 -0.456989 -0.154284 -0.601517
113.36 -0.440055 -0.0626559 -1.40641 -0.465066 -0.156314 -0.602839
113.37 -0.443368 -0.0557894 -1.41184 -0.468129 -0.156272 -0.603737
113.38 -0.446841 -0.0488577 -1.41732 -0.474058 -0.158758 -0.604065
113.39 -0.45037 -0.0419447 -1.42273 -0.480721 -0.16081 -0.603063
113.4 -0.453958 -0.03507 -1.428 -0.483769 -0.162335 -0.602425
113.41 -0.457698 -0.0281549 -1.43324 -0.488541 -0.165372 -0.601497
113.42 -0.461399 -0.0213306 -1.43834 -0.495153 -0.169184 -0.600542
113.43 -0.464817 -0.0145215 -1.44331 -0.494508 -0.170667 -0.60035
113.44 -0.468463 -0.00768085 -1.44795 -0.502117 -0.175145 -0.599341
113.45 -0.472016 -0.000908333 -1.45268 -0.506196 -0.177975 -0.599171
113.46 -0.475445 0.0057733 -1.45713 -0.505507 -0.179368 -0.599108
113.47 -0.478776 0.0126051 -1.46159 -0.511085 -0.182285 -0.5993
113.48 -0.481868 0.0194021 -1.46582 -0.509131 -0.182994 -0.601347
113.49 -0.485109 0.0262741 -1.46997 -0.51449 -0.184949 -0.602863
113.5 -0.488113 0.0330976 -1.47408 -0.513518 -0.18489 -0.605597
113.51 -0.491181 0.0400211 -1.47795 -0.518813 -0.18522 -0.607478
113.52 -0.49423 0.046854 -1.48166 -0.519883 -0.184332 -0.609783
113.53 -0.497213 0.0536308 -1.48527 -0.524887 -0.184108 -0.610848
113.54 -0.500178 0.060381 -1.48867 -0.525156 -0.182328 -0.611482
113.55 -0.503277 0.0670938 -1.49189 -0.528966 -0.180701 -0.611775
113.56 -0.506416 0.0737678 -1.49515 -0.533827 -0.179128 -0.610634
113.57 -0.509644 0.0803301 -1.49827 -0.537271 -0.177116 -0.608715
113.58 -0.512757 0.0868938 -1.50132 -0.542367 -0.176312 -0.606341
113.59 -0.51588 0.0934168 -1.50414 -0.547332 -0.177193 -0.604368
113.6 -0.518832 0.099779 -1.50684 -0.549317 -0.178601 -0.602797
113.61 -0.521643 0.106144 -1.50937 -0.549371 -0.179851 -0.602173
113.62 -0.524388 0.11247 -1.51165 -0.547717 -0.180359 -0.603499
113.63 -0.527095 0.118721 -1.51411 -0.54939 -0.182762 -0.601184
113.64 -0.529586 0.125038 -1.51632 -0.549186 -0.183811 -0.602476
113.65 -0.531964 0.131265 -1.51861 -0.547265 -0.183673 -0.602111
113.66 -0.534461 0.137458 -1.52073 -0.552427 -0.186526 -0.600735
113.67 -0.536746 0.143565 -1.52279 -0.551615 -0.186761 -0.600043
113.68 -0.538896 0.149613 -1.52479 -0.545451 -0.185686 -0.599137
113.69 -0.541276 0.155614 -1.52688 -0.547639 -0.18536 -0.597147
113.7 -0.543461 0.161586 -1.52883 -0.552193 -0.187546 -0.59493
113.71 -0.545537 0.167524 -1.53078 -0.548251 -0.186687 -0.592902
113.72 -0.547657 0.173511 -1.53264 -0.553783 -0.187981 -0.590003
113.73 -0.549765 0.179525 -1.53444 -0.558089 -0.189114 -0.587234
113.74 -0.551415 0.185324 -1.53653 -0.558588 -0.191416 -0.582422
113.75 -0.553507 0.191377 -1.53822 -0.55616 -0.191214 -0.584386
113.76 -0.555294 0.197426 -1.53991 -0.562835 -0.194654 -0.583262
113.77 -0.556856 0.203417 -1.54168 -0.559036 -0.194137 -0.583644
113.78 -0.558415 0.209594 -1.5434 -0.566617 -0.197307 -0.583592
113.79 -0.559998 0.215774 -1.54497 -0.571401 -0.19844 -0.583484
113.8 -0.561662 0.221917 -1.54643 -0.5699 -0.198497 -0.58413
113.81 -0.562831 0.227992 -1.54808 -0.565911 -0.197216 -0.583206
113.82 -0.564683 0.234238 -1.54917 -0.568952 -0.196525 -0.583958
113.83 -0.566319 0.240506 -1.55045 -0.571168 -0.19621 -0.582162
113.84 -0.567909 0.246727 -1.55161 -0.569274 -0.193499 -0.580206
113.85 -0.569721 0.252997 -1.55291 -0.570747 -0.190999 -0.577688
113.86 -0.571505 0.259357 -1.55416 -0.570018 -0.187091 -0.574923
113.87 -0.573265 0.265861 -1.5557 -0.577793 -0.186664 -0.569175
113.88 -0.575265 0.27246 -1.55709 -0.57808 -0.184481 -0.566765
113.89 -0.577225 0.279107 -1.55858 -0.584229 -0.18474 -0.562387
113.9 -0.579399 0.285762 -1.56011 -0.584392 -0.183969 -0.560583
113.91 -0.581571 0.292616 -1.56151 -0.592551 -0.186289 -0.558162
113.92 -0.583911 0.299337 -1.56294 -0.587223 -0.184896 -0.556257
113.93 -0.586072 0.306147 -1.56438 -0.595817 -0.188755 -0.551059
113.94 -0.588384 0.312983 -1.5658 -0.596934 -0.189736 -0.54677
113.95 -0.590738 0.320008 -1.56699 -0.603817 -0.192681 -0.540987
113.96 -0.593253 0.326975 -1.56803 -0.601937 -0.191535 -0.53876
113.97 -0.59521 0.334072 -1.56922 -0.609695 -0.193959 -0.532821
113.98 -0.597198 0.341153 -1.57028 -0.604483 -0.191009 -0.529856
113.99 -0.599322 0.348506 -1.57112 -0.614735 -0.191955 -0.527038
114 -0.601644 0.355835 -1.57191 -0.612523 -0.187857 -0.52911
114.01 -0.60331 0.363173 -1.57284 -0.616505 -0.186682 -0.526376
114.02 -0.605367 0.370413 -1.57372 -0.61712 -0.185493 -0.524748
114.03 -0.607271 0.377662 -1.57454 -0.614009 -0.183716 -0.523185
114.04 -0.609648 0.385007 -1.57519 -0.619888 -0.184307 -0.521921
114.05 -0.611869 0.39217 -1.57595 -0.62049 -0.184923 -0.517658
114.06 -0.613951 0.399431 -1.57667 -0.617324 -0.184455 -0.513607
114.07 -0.616253 0.406832 -1.57728 -0.624234 -0.187273 -0.511159
114.08 -0.618217 0.414093 -1.57776 -0.619521 -0.187646 -0.510509
114.09 -0.620054 0.421383 -1.57825 -0.62377 -0.18964 -0.510494
114.1 -0.621706 0.42849 -1.57877 -0.619513 -0.188808 -0.512572
114.11 -0.623246 0.435472 -1.57928 -0.617987 -0.187738 -0.51396
114.12 -0.624706 0.442371 -1.57972 -0.612893 -0.186628 -0.514042
114.13 -0.626587 0.449229 -1.58021 -0.611336 -0.185025 -0.516011
114.14 -0.628143 0.455799 -1.58088 -0.601927 -0.181833 -0.515744
114.15 -0.629388 0.462231 -1.58178 -0.599659 -0.182553 -0.510808
114.16 -0.631048 0.46882 -1.58258 -0.601127 -0.18362 -0.50771
114.17 -0.6329 0.475446 -1.58337 -0.599393 -0.183588 -0.507066
114.18 -0.634523 0.482113 -1.58449 -0.600732 -0.184835 -0.504946
114.19 -0.636002 0.488782 -1.58592 -0.591161 -0.182726 -0.505567
114.2 -0.637552 0.495861 -1.58731 -0.599649 -0.186106 -0.506793
114.21 -0.639143 0.502833 -1.5889 -0.602049 -0.186954 -0.509747
114.22 -0.640494 0.509827 -1.59054 -0.60254 -0.189852 -0.511664
114.23 -0.642083 0.51683 -1.5922 -0.607175 -0.193393 -0.515123
114.24 -0.643631 0.523848 -1.59379 -0.610731 -0.196734 -0.517914
114.25 -0.645186 0.530677 -1.59534 -0.606832 -0.197661 -0.52147
114.26 -0.646925 0.537556 -1.59688 -0.610588 -0.199658 -0.523344
114.27 -0.648694 0.54438 -1.59839 -0.611141 -0.200887 -0.52517
114.28 -0.650603 0.551173 -1.59972 -0.615975 -0.2013 -0.526673
114.29 -0.652316 0.557846 -1.60125 -0.605924 -0.199933 -0.527647
114.3 -0.654183 0.564701 -1.60252 -0.61286 -0.201369 -0.527683
114.31 -0.656046 0.571408 -1.60362 -0.607904 -0.200747 -0.530346
114.32 -0.658352 0.578407 -1.60471 -0.621872 -0.205611 -0.532029
114.33 -0.660367 0.5852 -1.60561 -0.616429 -0.205525 -0.53599
114.34 -0.66249 0.592135 -1.60662 -0.622166 -0.207887 -0.538089
114.35 -0.664553 0.599024 -1.60773 -0.616019 -0.20686 -0.540592
114.36 -0.666856 0.606073 -1.60873 -0.620859 -0.206273 -0.541547
114.37 -0.669292 0.613217 -1.60961 -0.626552 -0.206936 -0.543322
114.38 -0.671821 0.620398 -1.61044 -0.631622 -0.206921 -0.545437
114.39 -0.674431 0.627468 -1.61123 -0.633447 -0.208628 -0.546412
114.4 -0.677034 0.634423 -1.6117 -0.628859 -0.207066 -0.549725
114.41 -0.679789 0.64156 -1.61245 -0.631503 -0.211528 -0.550036
114.42 -0.682549 0.648576 -1.61269 -0.628758 -0.2123 -0.551938
114.43 -0.685533 0.65581 -1.6132 -0.639564 -0.218702 -0.551541
114.44 -0.688226 0.662932 -1.61355 -0.635687 -0.218136 -0.554154
114.45 -0.691263 0.670201 -1.61388 -0.644077 -0.221368 -0.555169
114.46 -0.694034 0.677441 -1.61408 -0.636738 -0.218896 -0.559195
114.47 -0.69684 0.684624 -1.61438 -0.634688 -0.21891 -0.560863
114.48 -0.699857 0.691988 -1.61444 -0.6419 -0.221962 -0.562035
114.49 -0.702748 0.69912 -1.61458 -0.631954 -0.218789 -0.564927
114.5 -0.706002 0.706501 -1.61456 -0.638033 -0.22197 -0.56557
114.51 -0.709235 0.713882 -1.61454 -0.641492 -0.223729 -0.566199
114.52 -0.712584 0.72123 -1.61447 -0.639477 -0.223875 -0.56748
114.53 -0.715884 0.728657 -1.61436 -0.641998 -0.225549 -0.567953
114.54 -0.718877 0.735974 -1.61401 -0.636309 -0.22326 -0.570365
114.55 -0.72201 0.743456 -1.61385 -0.636131 -0.223628 -0.573436
114.56 -0.725342 0.750962 -1.61335 -0.642919 -0.224231 -0.575525
114.57 -0.728475 0.758293 -1.61287 -0.64323 -0.22248 -0.578347
114.58 -0.731649 0.765418 -1.61242 -0.642889 -0.219954 -0.579587
114.59 -0.734906 0.772389 -1.61189 -0.641963 -0.218955 -0.58022
114.6 -0.738048 0.77898 -1.61122 -0.631666 -0.216881 -0.580239
114.61 -0.741522 0.785627 -1.61036 -0.637916 -0.220049 -0.577676
114.62 -0.744953 0.791847 -1.60957 -0.625573 -0.218782 -0.576891
114.63 -0.748435 0.798246 -1.60875 -0.629091 -0.222451 -0.574329
114.64 -0.751908 0.804495 -1.60787 -0.631106 -0.225122 -0.571782
114.65 -0.755089 0.81067 -1.60712 -0.62654 -0.225679 -0.569688
114.66 -0.758353 0.816709 -1.60618 -0.620194 -0.22494 -0.567531
114.67 -0.761453 0.822644 -1.60533 -0.61559 -0.225342 -0.565667
114.68 -0.764493 0.828535 -1.60444 -0.613312 -0.225901 -0.564709
114.69 -0.767542 0.83421 -1.60358 -0.61112 -0.226276 -0.562957
114.7 -0.770513 0.839765 -1.60275 -0.605181 -0.225837 -0.56045
114.71 -0.773365 0.845194 -1.60199 -0.603658 -0.226198 -0.558052
114.72 -0.776211 0.850576 -1.60135 -0.597141 -0.225089 -0.55633
114.73 -0.778807 0.855732 -1.601 -0.588585 -0.224747 -0.553962
114.74 -0.781609 0.86106 -1.60054 -0.594812 -0.228205 -0.550929
114.75 -0.784149 0.866172 -1.60022 -0.593379 -0.228374 -0.549115
114.76 -0.786528 0.871317 -1.60003 -0.588923 -0.227899 -0.548643
114.77 -0.788784 0.876416 -1.60001 -0.590174 -0.227827 -0.548132
114.78 -0.790871 0.881436 -1.60004 -0.581344 -0.224037 -0.547684
114.79 -0.79304 0.886651 -1.60017 -0.588864 -0.223706 -0.546362
114.8 -0.795236 0.891616 -1.60039 -0.586988 -0.219829 -0.545207
114.81 -0.797329 0.896623 -1.60082 -0.587821 -0.218567 -0.543454
114.82 -0.799279 0.90154 -1.60139 -0.581384 -0.214301 -0.542303
114.83 -0.801502 0.906588 -1.60192 -0.589562 -0.215686 -0.540643
114.84 -0.803589 0.911485 -1.60257 -0.590995 -0.216195 -0.538383
114.85 -0.805593 0.916331 -1.60332 -0.590556 -0.216473 -0.537106
114.86 -0.807619 0.921135 -1.60409 -0.591839 -0.21912 -0.535697
114.87 -0.809572 0.925803 -1.60481 -0.588373 -0.219727 -0.533873
114.88 -0.811522 0.930491 -1.6057 -0.592588 -0.221715 -0.531475
114.89 -0.813317 0.935158 -1.60661 -0.589839 -0.222079 -0.529293
114.9 -0.81514 0.939829 -1.60755 -0.592817 -0.221767 -0.525574
114.91 -0.816924 0.944458 -1.60863 -0.591285 -0.220372 -0.523309
114.92 -0.818564 0.949146 -1.60976 -0.593514 -0.218396 -0.520093
114.93 -0.820195 0.953856 -1.61102 -0.598811 -0.217478 -0.517134
114.94 -0.821703 0.958632 -1.61225 -0.600144 -0.215199 -0.514536
114.95 -0.823223 0.963312 -1.61348 -0.603856 -0.214399 -0.512268
114.96 -0.824607 0.967959 -1.61471 -0.604572 -0.214149 -0.511358
114.97 -0.825971 0.972592 -1.61582 -0.606451 -0.214783 -0.509554
114.98 -0.827323 0.977119 -1.61697 -0.610178 -0.216679 -0.507608
114.99 -0.828504 0.981688 -1.61802 -0.611219 -0.217309 -0.507235
115 -0.829748 0.986175 -1.61902 -0.617865 -0.219117 -0.505327
