4.57051e-06 2.17508e-05 0.00770402 4.61503e-06 2.44193e-05 0.0104258
3.883e-06 2.04399e-05 0.00779986 3.89963e-06 2.10554e-05 0.0104439
4.64138e-06 2.40522e-05 0.00693011 4.62795e-06 2.3941e-05 0.00878215
5.14294e-06 2.60961e-05 0.00689101 5.12341e-06 2.68426e-05 0.00896811
4.53169e-06 2.12385e-05 0.006881 4.52621e-06 2.15125e-05 0.00875282
4.92834e-06 2.35099e-05 0.0068922 4.92167e-06 2.37948e-05 0.00872207
4.33486e-06 2.39979e-05 0.00690794 4.3463e-06 2.38974e-05 0.00877213
4.1231e-06 2.01238e-05 0.00689888 4.08335e-06 1.9665e-05 0.00876093
4.25453e-06 2.33714e-05 0.00691199 4.25133e-06 2.33677e-05 0.00872803
4.58585e-06 2.0355e-05 0.00692582 4.57233e-06 2.00228e-05 0.00873303
4.26409e-06 2.24313e-05 0.00689197 4.25991e-06 2.2292e-05 0.00875807
4.17162e-06 1.98829e-05 0.0068779 4.19358e-06 2.04564e-05 0.00872588
4.43488e-06 1.97771e-05 0.00693393 4.45194e-06 2.04062e-05 0.00874877
5.29049e-06 2.24581e-05 0.0068841 5.28131e-06 2.24291e-05 0.011265
4.8027e-06 2.14624e-05 0.00689816 4.743e-06 2.08971e-05 0.00872517
4.69273e-06 2.24609e-05 0.00688791 4.69965e-06 2.21556e-05 0.00893211
4.72768e-06 2.00716e-05 0.0068779 4.70443e-06 2.00403e-05 0.0087862
4.65494e-06 2.15167e-05 0.00690389 4.66969e-06 2.13872e-05 0.00876403
4.76187e-06 2.28096e-05 0.00690603 4.75369e-06 2.24278e-05 0.00873518
4.6752e-06 2.0946e-05 0.00689006 4.66921e-06 2.07584e-05 0.00874186
4.68603e-06 2.06598e-05 0.00689197 4.68509e-06 2.08801e-05 0.00872302
4.35694e-06 2.20065e-05 0.00690103 4.36142e-06 2.24648e-05 0.00876498
4.4971e-06 2.29115e-05 0.00694513 4.50863e-06 2.33089e-05 0.00877714
4.07363e-06 2.0356e-05 0.00689006 4.08221e-06 2.08336e-05 0.00872183
4.21839e-06 1.95821e-05 0.00688004 4.21111e-06 1.97692e-05 0.00877714
4.22653e-06 2.10089e-05 0.00690198 4.22861e-06 2.07895e-05 0.00875092
4.33094e-06 2.17613e-05 0.00690913 4.29895e-06 2.15985e-05 0.008744
4.30361e-06 2.08753e-05 0.00692081 4.303e-06 2.01476e-05 0.00876188
4.66185e-06 1.92797e-05 0.00693393 4.72904e-06 2.07763e-05 0.0087719
4.50912e-06 2.07173e-05 0.00690699 4.54317e-06 2.13013e-05 0.00875401
4.44138e-06 2.03951e-05 0.00692797 4.44572e-06 2.03672e-05 0.00873804
3.88295e-06 1.92866e-05 0.00692105 3.90306e-06 1.92812e-05 0.008744
4.24289e-06 1.93775e-05 0.00695515 4.33313e-06 2.04062e-05 0.00873303
4.92513e-06 2.28174e-05 0.00690794 4.91156e-06 2.26262e-05 0.00875401
4.71309e-06 2.69054e-05 0.00691199 4.69936e-06 2.69566e-05 0.00876093
5.16585e-06 2.67166e-05 0.00688505 5.13257e-06 2.61871e-05 0.00873709
4.83957e-06 2.41226e-05 0.00689411 4.82168e-06 2.39221e-05 0.00878
4.31168e-06 2.16994e-05 0.00694418 4.31774e-06 2.21404e-05 0.00875092
4.02922e-06 1.94863e-05 0.00689292 4.06496e-06 1.90496e-05 0.00896716
4.49513e-06 2.10213e-05 0.00689006 4.51138e-06 2.1308e-05 0.00874686
4.82882e-06 2.21251e-05 0.00689912 4.85159e-06 2.18189e-05 0.00876808
4.46226e-06 2.07524e-05 0.00691009 4.49551e-06 2.07337e-05 0.00879908
4.51941e-06 2.23245e-05 0.00690699 4.517e-06 2.2301e-05 0.00874305
5.40457e-06 2.28757e-05 0.00691485 5.40535e-06 2.28153e-05 0.00876403
4.42559e-06 2.16434e-05 0.00690484 4.42883e-06 2.10024e-05 0.0087359
4.43392e-06 1.99993e-05 0.00690889 4.45545e-06 1.98642e-05 0.00874805
4.25573e-06 2.43553e-05 0.00689602 4.24397e-06 2.45374e-05 0.00874114
4.72679e-06 2.04809e-05 0.006917 4.7502e-06 2.06138e-05 0.00875616
4.36625e-06 1.8208e-05 0.00689602 4.40584e-06 1.88539e-05 0.00876093
5.12187e-06 2.37961e-05 0.00690603 5.09975e-06 2.35286e-05 0.00874996
0.255 -0.310287 1.00224 0.253539 1.97366e-153 0.0068779
