0 -0.00125273 -0.483169 -1.48695 -0.00604862 -3.03868 -9.32343
0.01 0.00869808 -0.49114 -1.49777 -0.00443652 -3.21827 -9.92413
0.02 -0.00412014 -0.489395 -1.50245 -0.00238054 -3.41428 -10.5086
0.03 0.00271498 -0.48625 -1.50312 0.00181202 -3.60276 -11.0841
0.04 -0.00693477 -0.493266 -1.49866 -7.36285e-05 -3.79284 -11.6633
0.05 -0.00946886 -0.487766 -1.49177 0.0061593 -3.97466 -12.2302
0.06 -0.00161214 -0.486866 -1.50138 -0.00727919 -4.1611 -12.7821
0.07 0.00761704 -0.469449 -1.49628 0.000854362 -4.32075 -13.3259
0.08 -0.00230548 -0.487244 -1.49875 0.00285157 -4.50162 -13.8488
0.09 -0.00124811 -0.487751 -1.4916 0.00565271 -4.66042 -14.357
0.1 -0.00371659 -0.487208 -1.49176 -0.000227111 -4.81757 -14.8485
0.11 0.000146333 -0.489446 -1.48829 0.000665617 -4.97448 -15.3162
0.12 0.00266708 -0.484796 -1.49114 0.00720434 -5.12027 -15.7591
0.131 0.00140585 -0.479182 -1.48956 0.00284413 -5.26547 -16.2077
0.141 -0.00434746 -0.480737 -1.49862 0.00178038 -5.3949 -16.5881
0.151 0.00320724 -0.484381 -1.49574 0.00540103 -5.51011 -16.9507
0.161 -0.0040222 -0.482746 -1.49215 -0.00137569 -5.61311 -17.2905
0.171 -0.00849783 -0.483243 -1.49472 0.00595537 -5.7148 -17.5797
0.181 -0.00431646 -0.492706 -1.49673 0.00214098 -5.80099 -17.8502
0.191 0.00220443 -0.490932 -1.49798 0.00554968 -5.8799 -18.0733
0.201 -0.00328599 -0.486377 -1.49538 0.00413364 -5.92492 -18.2826
0.211 -0.00530057 -0.49009 -1.48742 -0.00542343 -5.98743 -18.4406
0.221 -0.00977595 -0.486412 -1.49075 0.00232805 -6.0228 -18.5553
0.231 -0.00376299 -0.478803 -1.49689 0.00117883 -6.0745 -18.6404
0.241 -0.00150696 -0.480168 -1.49468 -0.0104444 -6.07291 -18.6998
0.252 -0.00485369 -0.489576 -1.48741 0.000930604 -6.08533 -18.7114
0.262 0.00151556 -0.488894 -1.49292 0.000615216 -6.06816 -18.6925
0.272 -0.00680459 -0.486304 -1.50133 -0.00894383 -6.05448 -18.623
0.282 -0.00130199 -0.473224 -1.49758 0.00258983 -6.0228 -18.5306
0.292 -0.0100999 -0.484216 -1.49639 -0.00328926 -5.97721 -18.3927
0.302 -0.00543262 -0.482048 -1.49414 0.00879276 -5.92116 -18.2152
0.312 0.0112229 -0.484864 -1.49729 0.00775529 -5.8449 -18.0091
0.322 0.011214 -0.493605 -1.48117 -0.00130218 -5.77118 -17.7786
0.332 0.00225923 -0.488576 -1.4936 0.00539171 -5.68782 -17.4928
0.342 -0.00596467 -0.481625 -1.49128 -0.000705676 -5.588 -17.1901
0.352 -0.00344453 -0.480541 -1.49949 0.00218006 -5.4764 -16.855
0.362 0.0113318 -0.48019 -1.49999 0.00198729 -5.35273 -16.4838
0.372 0.00445466 -0.48335 -1.48735 -0.00398496 -5.22361 -16.0894
0.382 0.000110289 -0.486481 -1.49732 -0.00757399 -5.09579 -15.6705
0.392 -0.0113473 -0.476905 -1.49573 0.0112043 -4.9444 -15.231
0.402 -0.000867177 -0.486191 -1.48869 -0.00920084 -4.77953 -14.752
0.412 -0.00205933 -0.4893 -1.50177 -0.0014729 -4.63326 -14.2605
0.422 0.00836444 -0.481597 -1.50268 0.007705 -4.4663 -13.7517
0.432 -0.00199276 -0.485269 -1.49293 -0.0024024 -4.30093 -13.2148
0.442 -0.00396121 -0.487416 -1.49743 -0.00806187 -4.12417 -12.6735
0.452 0.000977517 -0.489459 -1.49894 -0.000200517 -3.92867 -12.1132
0.462 -0.000266074 -0.484356 -1.49388 -0.00235283 -3.74928 -11.5487
0.472 -0.000455751 -0.487482 -1.49017 0.00149114 -3.56363 -10.9712
0.482 0.00573307 -0.486067 -1.49557 -0.00865226 -3.37346 -10.3907
0.492 0.000177865 -0.495253 -1.49284 0.00622672 -3.19129 -9.80052
0.503 -0.00399786 -0.480811 -1.49293 0.005547 -2.97222 -9.15756
0.513 0.000449246 -0.488156 -1.48739 -0.0116583 -2.78233 -8.55899
0.523 0.00292991 -0.485112 -1.48997 -0.00705394 -2.59072 -7.97467
0.533 0.00418188 -0.47888 -1.48064 -0.00898322 -2.40918 -7.4031
0.543 -0.00342709 -0.492109 -1.48603 -0.00483015 -2.21626 -6.82642
0.553 0.00166003 -0.481169 -1.49694 -0.00225435 -2.03616 -6.26001
0.563 -0.00381007 -0.483386 -1.49754 0.000896336 -1.85845 -5.71353
0.573 -0.0048326 -0.484603 -1.49087 -0.00276842 -1.67954 -5.17539
0.583 -0.00700877 -0.490726 -1.4945 -0.0116449 -1.51368 -4.6499
0.593 -0.00875099 -0.483022 -1.50308 -0.00534835 -1.33868 -4.15535
0.603 0.00794883 -0.479237 -1.49771 -0.00505694 -1.18958 -3.67177
0.613 0.00119052 -0.487038 -1.48858 -0.00170326 -1.04713 -3.21426
0.623 0.0040885 -0.486139 -1.49273 -0.00808406 -0.902245 -2.77563
0.633 -0.00524843 -0.489781 -1.49028 -0.000738949 -0.767111 -2.37017
0.643 0.00106662 -0.484795 -1.49147 -0.0021931 -0.641882 -1.98573
0.653 0.000477674 -0.492248 -1.49251 -0.00181569 -0.530211 -1.62351
0.663 -0.00717753 -0.492643 -1.50081 -9.31696e-05 -0.421721 -1.31345
0.673 -0.00110005 -0.484651 -1.48395 0.00156401 -0.332934 -1.01843
0.683 0.0033605 -0.490742 -1.49388 -0.00442833 -0.248665 -0.764476
0.693 0.00697093 -0.487871 -1.49826 -0.000269827 -0.178093 -0.538724
0.703 0.00990127 -0.489451 -1.49558 0.00546081 -0.109032 -0.351554
0.713 0.000558706 -0.494128 -1.49167 -0.0010797 -0.0657304 -0.196237
0.723 0.00774103 -0.485572 -1.50018 0.00337819 -0.0236181 -0.0824018
0.733 -0.00589791 -0.482766 -1.48696 -0.00454848 -0.000311108 0.0106925
0.743 0.0011516 -0.491335 -1.49133 0.0130253 0.022615 0.0394119
0.753 0.0010913 -0.486904 -1.49017 0.00182101 0.0223184 0.0542504
0.763 2.16571e-05 -0.485235 -1.50024 -0.00199641 0.0116796 0.0183225
0.773 -0.00814266 -0.49385 -1.49967 -2.09918e-05 -0.0128409 -0.0453125
0.783 0.00492675 -0.496737 -1.49176 0.0080482 -0.0505111 -0.144062
0.793 -0.0023394 -0.483515 -1.49273 7.3541e-05 -0.0927105 -0.279214
0.803 0.00361634 -0.481837 -1.49661 -0.00172122 -0.147749 -0.455681
0.813 0.00518908 -0.482485 -1.49877 0.00289382 -0.222388 -0.674637
0.823 -0.000371535 -0.496761 -1.49627 -0.00122942 -0.296284 -0.908355
0.833 0.00237077 -0.480684 -1.48791 0.00109839 -0.388611 -1.20143
0.843 0.000835031 -0.48984 -1.49798 -0.000527146 -0.481353 -1.48412
0.853 0.00109764 -0.492243 -1.48761 -0.00247394 -0.599756 -1.83596
0.863 0.00208845 -0.485967 -1.49084 -0.00703003 -0.718448 -2.2027
0.873 -0.00681565 -0.482999 -1.49266 0.0037666 -0.85006 -2.60766
0.883 0.00104761 -0.482653 -1.49779 0.00230523 -0.985176 -3.02688
0.893 -0.00675378 -0.48017 -1.48463 0.00182879 -1.13246 -3.48193
0.903 -0.00716254 -0.481242 -1.48906 -0.00085134 -1.28682 -3.95861
0.913 -0.00242287 -0.488331 -1.49348 -0.00267918 -1.44443 -4.44651
0.923 -0.00460776 -0.475215 -1.4996 0.00316404 -1.6043 -4.96089
0.933 0.00385196 -0.489197 -1.48562 0.00790187 -1.77935 -5.48955
0.943 0.00416214 -0.472022 -1.48555 -0.00194798 -1.96885 -6.04721
0.953 0.00675415 -0.480323 -1.49059 0.00295012 -2.14377 -6.59534
0.963 0.00251033 -0.484287 -1.48571 -0.00240065 -2.33544 -7.16968
0.973 0.00209007 -0.483634 -1.49437 0.00273436 -2.52281 -7.74596
0.983 0.00721656 -0.48814 -1.49545 0.000462616 -2.70877 -8.33703
0.993 0.00923047 -0.484799 -1.49499 -0.00439962 -2.89655 -8.91693
1.004 -0.0106095 -0.481702 -1.49213 0.00773184 -3.10569 -9.56329
1.015 0.00629355 -0.487073 -1.5088 0.00220793 -3.3141 -10.2087
1.026 -0.000652707 -0.477426 -1.49605 -0.00213323 -3.52896 -10.8573
1.037 -0.00346745 -0.489096 -1.49435 0.000563151 -3.7421 -11.4864
1.048 -0.00463215 -0.487121 -1.48674 -0.00590791 -3.94133 -12.1152
1.059 -0.00366999 -0.485749 -1.4931 0.000497973 -4.13536 -12.7298
1.07 0.000777438 -0.481267 -1.49167 -0.000573048 -4.32599 -13.3289
1.081 0.00298899 -0.483991 -1.50159 0.000158684 -4.51984 -13.9017
1.092 -0.00192753 -0.496252 -1.50561 0.00568248 -4.70704 -14.4581
1.103 0.00679049 -0.488752 -1.49955 -0.00430009 -4.87301 -14.9937
1.114 -0.000278983 -0.480133 -1.49973 0.00740737 -5.03224 -15.5005
1.125 -0.00476099 -0.478521 -1.49266 -0.00444099 -5.18591 -15.9728
1.136 -0.0101942 -0.487636 -1.49743 0.00151372 -5.33329 -16.406
1.147 -0.000161709 -0.477252 -1.49726 0.004576 -5.45935 -16.8152
1.158 0.00649066 -0.491611 -1.50106 -0.00023262 -5.58502 -17.1867
1.169 -0.006013 -0.489822 -1.50312 0.00431833 -5.69571 -17.5323
1.18 -0.0048485 -0.492054 -1.50184 -0.00369192 -5.79293 -17.8266
1.191 0.00226534 -0.489388 -1.49651 0.000600243 -5.87778 -18.0727
1.202 0.00846293 -0.481718 -1.49446 0.0061656 -5.93843 -18.2945
1.213 -0.0102026 -0.486897 -1.49028 0.00201266 -6.00121 -18.4659
1.224 0.00853688 -0.477912 -1.49355 0.00491125 -6.02915 -18.5959
1.235 0.00974945 -0.489137 -1.486 -0.00253883 -6.06798 -18.6775
1.246 0.00297734 -0.471961 -1.49202 0.00521102 -6.08869 -18.7174
1.257 -0.00191293 -0.489001 -1.48931 -0.00721873 -6.07988 -18.7055
1.268 -0.00433906 -0.48841 -1.48925 0.00446798 -6.06176 -18.6711
1.279 0.00212275 -0.482311 -1.4936 -0.00277014 -6.02906 -18.5641
1.29 -0.00901046 -0.483353 -1.49623 0.0114492 -6.00453 -18.4174
1.301 0.00119646 -0.483677 -1.49737 0.000925711 -5.93336 -18.2341
1.312 0.00372781 -0.479386 -1.4898 -0.00795849 -5.83848 -18.0071
1.323 -0.00523239 -0.486659 -1.49402 -0.00595201 -5.76356 -17.7533
1.334 -0.00160296 -0.48705 -1.49727 0.0122123 -5.67458 -17.4377
1.345 0.00131481 -0.493589 -1.49033 -0.00374638 -5.54994 -17.0906
1.356 -0.00258927 -0.481006 -1.49392 -0.0143597 -5.43245 -16.7129
1.367 0.00170982 -0.487463 -1.49248 -0.00360692 -5.30329 -16.2975
1.378 0.00402906 -0.483217 -1.49024 -8.6729e-05 -5.13754 -15.8417
1.389 0.0012322 -0.489466 -1.49648 -0.00688404 -4.98884 -15.3584
1.4 -0.00655192 -0.486853 -1.49671 -0.0019241 -4.81546 -14.8434
1.411 0.000592605 -0.48061 -1.49074 -0.00519585 -4.64506 -14.3137
1.422 0.00454566 -0.483818 -1.49102 -0.00335938 -4.46677 -13.7369
1.433 -0.000621763 -0.490885 -1.49191 0.00443785 -4.26913 -13.1661
1.444 0.00178656 -0.487366 -1.49611 0.00477873 -4.07833 -12.577
1.455 -0.00554828 -0.48801 -1.48986 0.00328161 -3.87194 -11.9564
1.466 0.00496613 -0.485291 -1.48959 0.00972237 -3.67979 -11.3267
1.477 -0.00962748 -0.483115 -1.48293 0.00221227 -3.4757 -10.6815
1.488 0.00648377 -0.475216 -1.49994 -0.000706905 -3.26489 -10.0387
1.499 0.00472652 -0.481776 -1.49856 -0.00705337 -3.05088 -9.39077
1.51 -0.00935566 -0.485674 -1.48829 0.00489186 -2.84501 -8.74347
1.521 -0.00168524 -0.485255 -1.49706 0.00379087 -2.63716 -8.10048
1.532 -0.00181413 -0.480106 -1.49407 0.00123181 -2.42537 -7.45892
1.543 -0.00265021 -0.482855 -1.49173 0.000280299 -2.21355 -6.82103
1.554 -0.00503103 -0.496154 -1.49565 0.0016044 -2.02013 -6.20273
1.565 -0.00376306 -0.495841 -1.49913 -0.000863375 -1.81812 -5.60518
1.576 0.00481254 -0.49347 -1.49479 -0.00587742 -1.62947 -5.01766
1.587 -0.00065733 -0.488295 -1.48988 -0.00475895 -1.44182 -4.4457
1.598 -0.0023992 -0.485577 -1.50088 -0.00358055 -1.27083 -3.9027
1.609 0.010435 -0.481067 -1.48781 -0.000248772 -1.10786 -3.39126
1.62 -0.00349719 -0.483415 -1.4931 -0.00229512 -0.939997 -2.90366
1.631 0.00242238 -0.488787 -1.49353 -0.00187842 -0.792531 -2.44298
1.642 0.00410756 -0.475013 -1.48821 -0.00505382 -0.662824 -2.01615
1.653 0.000938156 -0.488492 -1.49155 0.00172301 -0.528273 -1.62707
1.664 -0.0059686 -0.487458 -1.49345 0.00348639 -0.419984 -1.26687
1.675 0.00547961 -0.487517 -1.50175 -1.90106e-05 -0.312885 -0.968328
1.686 0.000507166 -0.492887 -1.49611 0.00149189 -0.228835 -0.69087
1.697 0.00521843 -0.487079 -1.48382 -0.000327291 -0.148231 -0.465562
1.708 -0.00579744 -0.480391 -1.4964 0.0129247 -0.0830147 -0.275436
1.719 -0.00238131 -0.494433 -1.48874 0.00102093 -0.0352917 -0.118155
1.73 -0.00425265 -0.486581 -1.49136 -0.00570006 -0.00439071 -0.0202411
1.741 -0.00262993 -0.484273 -1.49543 0.00982385 0.0155468 0.0372019
1.752 0.00264382 -0.491833 -1.49529 -0.00568362 0.0150331 0.0568038
1.763 0.00194027 -0.486911 -1.49668 -0.00700378 0.0132502 0.0226432
1.774 0.00068532 -0.488455 -1.49176 -0.00267401 -0.0190325 -0.0527459
1.785 -0.00529255 -0.487369 -1.49465 -0.00175887 -0.0506438 -0.167396
1.796 -0.00314131 -0.480465 -1.48945 -0.00335259 -0.103514 -0.32771
1.807 0.00320467 -0.483691 -1.49247 -0.00381745 -0.179641 -0.538944
1.818 -0.00121541 -0.482928 -1.49558 0.00360533 -0.243518 -0.779782
1.829 -0.01023 -0.495527 -1.49257 0.00785947 -0.348614 -1.06997
1.84 0.0011048 -0.482603 -1.49594 -0.0121874 -0.457906 -1.40061
1.851 -0.00861291 -0.478142 -1.50147 0.000622875 -0.569079 -1.77017
1.862 -0.00107229 -0.484064 -1.49682 0.00315606 -0.707227 -2.17554
1.873 -0.00503936 -0.483671 -1.4983 -0.0019526 -0.847751 -2.59845
1.884 0.00114403 -0.481458 -1.49569 0.00569142 -1.00225 -3.07009
1.895 0.00235428 -0.487177 -1.48835 -0.00767724 -1.16102 -3.58967
1.906 -0.00568351 -0.488229 -1.49428 -0.000524035 -1.32929 -4.10674
1.917 0.0013838 -0.494998 -1.48966 -0.00605715 -1.51851 -4.65242
1.928 0.00371404 -0.479624 -1.49051 -0.0011039 -1.69958 -5.22141
1.939 0.00454926 -0.498599 -1.50013 0.00423771 -1.88843 -5.81861
1.95 0.00761887 -0.487888 -1.49653 -0.00135901 -2.07696 -6.42501
1.961 5.40618e-05 -0.479213 -1.49806 0.00761176 -2.29187 -7.05082
1.972 0.00343825 -0.482136 -1.49456 0.00570797 -2.50137 -7.69673
1.983 -0.00638183 -0.48532 -1.492 0.000802624 -2.70868 -8.32493
1.994 -0.00142314 -0.484832 -1.49092 -0.00290398 -2.91784 -8.97359
2.005 0.00958128 -0.489738 -1.4945 0.00364301 -3.12748 -9.62264
2.016 -0.00945618 -0.480664 -1.50083 -0.00247786 -3.33329 -10.2744
2.027 0.000951929 -0.483072 -1.49266 0.00116555 -3.5472 -10.9137
2.038 0.0104545 -0.48849 -1.49785 -0.00170023 -3.74908 -11.5424
2.049 -0.00482858 -0.481099 -1.48428 -0.00168539 -3.95429 -12.1682
2.06 0.00660866 -0.484849 -1.4893 0.00109929 -4.15357 -12.7848
2.071 0.00104063 -0.476802 -1.49365 -0.00515 -4.35525 -13.378
2.082 0.00413247 -0.492685 -1.49075 0.00667256 -4.53157 -13.9596
2.093 -0.000133268 -0.488216 -1.49351 -0.00503404 -4.72135 -14.5041
2.104 0.00244361 -0.473451 -1.49523 0.00333282 -4.89311 -15.0348
2.115 -0.00184908 -0.482944 -1.48864 -0.00318695 -5.04287 -15.5419
2.126 -0.00219092 -0.479278 -1.48877 0.00235727 -5.20335 -16.0178
2.137 0.008968 -0.48252 -1.49864 -0.00323881 -5.34158 -16.4472
2.148 -0.00316967 -0.486191 -1.49618 0.00176227 -5.47784 -16.8611
2.159 7.97027e-05 -0.486851 -1.50115 -0.00289989 -5.59904 -17.2179
2.17 -0.0108464 -0.478017 -1.49485 0.00429193 -5.70543 -17.5638
2.181 0.00792936 -0.48604 -1.49612 -0.00153982 -5.79131 -17.8397
2.192 0.00160077 -0.48606 -1.49053 -0.00671946 -5.88056 -18.101
2.203 0.00228709 -0.486334 -1.48742 0.00434331 -5.94531 -18.3109
2.214 0.0020701 -0.487681 -1.49635 -0.00313352 -6.00739 -18.4747
2.225 0.00433127 -0.48207 -1.49331 -0.00379403 -6.04688 -18.5937
2.236 -0.00531747 -0.481121 -1.4866 -0.00417197 -6.07738 -18.6781
2.247 0.00194782 -0.485354 -1.4893 0.00517016 -6.07662 -18.7173
2.258 0.00140311 -0.489978 -1.48702 0.00595332 -6.07736 -18.7069
2.269 -0.00190789 -0.473318 -1.4927 0.000273697 -6.05914 -18.6491
2.28 0.00776442 -0.482166 -1.48757 0.000925497 -6.02739 -18.5456
2.291 -0.00668478 -0.484324 -1.50097 0.00411532 -5.98173 -18.4021
2.302 0.0120423 -0.493954 -1.50728 0.00103817 -5.92732 -18.2299
2.313 0.00547152 -0.479535 -1.49916 0.00834198 -5.84422 -17.9967
2.324 -0.00203028 -0.480061 -1.4935 0.00292779 -5.7592 -17.7123
2.335 0.00552634 -0.489361 -1.4995 -0.0117501 -5.66003 -17.4102
2.346 -2.06088e-05 -0.498507 -1.49546 0.000969618 -5.54184 -17.062
2.357 -0.00608209 -0.481897 -1.49944 0.00272458 -5.41838 -16.6818
2.368 0.00143695 -0.483527 -1.49558 0.000240783 -5.2891 -16.2611
2.379 0.00213142 -0.488 -1.49031 -5.59435e-06 -5.13403 -15.7999
2.39 -0.00288731 -0.482999 -1.49408 0.00322244 -4.97204 -15.318
2.401 -0.00457815 -0.48121 -1.49539 -0.00212848 -4.81868 -14.8021
2.412 0.00472815 -0.485976 -1.49708 -0.00240565 -4.63064 -14.2554
2.423 -0.00487484 -0.483256 -1.49581 0.000234985 -4.45704 -13.6982
2.434 -0.0115869 -0.480489 -1.49252 0.00129922 -4.26512 -13.1129
2.445 0.00136297 -0.485813 -1.49099 -0.000514884 -4.06333 -12.5065
2.456 0.000676037 -0.497081 -1.48968 0.00160099 -3.86579 -11.8808
2.467 0.000666747 -0.485466 -1.4986 0.000585612 -3.6545 -11.2652
2.478 0.000206207 -0.48661 -1.49457 0.00267873 -3.45221 -10.6159
2.489 0.000441959 -0.490244 -1.4942 0.000191438 -3.23279 -9.98483
2.5 0.000169215 -0.496421 -1.49238 0.00508553 -3.03365 -9.3326
2.511 0.00325779 -0.483936 -1.49157 -0.000939461 -2.82263 -8.6831
2.522 -4.44424e-05 -0.489042 -1.50113 -0.00146859 -2.60775 -8.04225
2.533 -0.000780654 -0.476263 -1.49684 -9.91685e-05 -2.40178 -7.39768
2.544 0.00839632 -0.489985 -1.48809 0.00156538 -2.20079 -6.77506
2.555 -0.00307453 -0.494165 -1.49816 0.00833921 -1.99583 -6.1472
2.566 0.00138095 -0.489698 -1.48472 0.00142189 -1.79837 -5.54991
2.577 -0.011239 -0.494573 -1.49514 -0.00394886 -1.60548 -4.96364
2.588 0.000994391 -0.487568 -1.49911 0.00210504 -1.4294 -4.39327
2.599 0.00507013 -0.485654 -1.49198 -0.000431589 -1.25945 -3.85969
2.61 0.000197406 -0.481167 -1.49094 0.00285938 -1.08118 -3.35564
2.621 -0.00684336 -0.483252 -1.49879 0.00412483 -0.929326 -2.86515
2.632 0.00717473 -0.482782 -1.49036 -0.00032591 -0.781306 -2.40315
2.643 0.00066493 -0.488804 -1.5003 0.00310206 -0.63994 -1.98883
2.654 0.00195225 -0.487554 -1.48614 0.00141896 -0.5245 -1.59403
2.665 -0.00524544 -0.493037 -1.49007 0.00597269 -0.414492 -1.25006
2.676 0.00608903 -0.488217 -1.48888 0.00996967 -0.312446 -0.935488
2.687 0.00646263 -0.484505 -1.49423 -0.00195527 -0.216228 -0.677962
2.698 -0.000764586 -0.486499 -1.4891 0.00576417 -0.139835 -0.436843
2.709 0.00412336 -0.49796 -1.49655 0.00440881 -0.0899789 -0.253275
2.72 0.00574222 -0.474984 -1.49001 -0.00556749 -0.0350697 -0.111652
2.731 -0.00698429 -0.486089 -1.48587 0.000566465 -0.00418911 -0.00614077
2.742 0.00701816 -0.485063 -1.48493 -0.00505553 0.0185002 0.0485498
2.753 -0.00501948 -0.483719 -1.49643 -0.00412762 0.0284415 0.0600004
2.764 0.00266582 -0.48839 -1.4827 -0.0198479 -0.00165602 0.0215563
2.775 0.000782161 -0.482329 -1.49292 0.00524944 -0.0186314 -0.0617392
2.786 0.00640263 -0.484807 -1.49547 -0.0028168 -0.0615433 -0.180234
2.797 -0.0119846 -0.490117 -1.50125 -0.00116254 -0.113441 -0.356421
2.808 -0.00665949 -0.480156 -1.49038 -0.00206728 -0.181978 -0.560516
2.819 -0.00697625 -0.493714 -1.49659 0.01128 -0.259322 -0.815116
2.83 -0.00390526 -0.482383 -1.49722 0.0050383 -0.361251 -1.1022
2.841 3.81596e-05 -0.480078 -1.49312 0.00221605 -0.459663 -1.42787
2.852 0.00343454 -0.483898 -1.50252 -0.0049749 -0.59249 -1.80027
2.863 -0.0117524 -0.484764 -1.49787 0.00331619 -0.722612 -2.20996
2.874 0.0159381 -0.48482 -1.48925 -0.0025675 -0.865882 -2.651
2.885 -0.0125227 -0.483958 -1.49322 -0.00107706 -1.01252 -3.11758
2.896 -0.000275822 -0.479161 -1.4919 -0.00696664 -1.17515 -3.62415
2.907 -0.00555263 -0.486831 -1.49295 0.00379391 -1.35491 -4.1578
2.918 -0.00548664 -0.484444 -1.50159 -0.00377985 -1.52703 -4.70666
2.929 0.00787055 -0.485887 -1.49122 -0.00751025 -1.712 -5.27475
2.94 -0.000505754 -0.483587 -1.48671 -0.00169301 -1.90486 -5.87923
2.951 0.0106521 -0.489994 -1.49389 -0.00286512 -2.11588 -6.47978
2.962 -0.00534221 -0.486693 -1.49117 -0.000424208 -2.30557 -7.11555
2.973 -0.00362007 -0.485874 -1.50214 -0.00391381 -2.51399 -7.74673
2.984 0.0035582 -0.496774 -1.49695 -0.00150116 -2.72625 -8.39429
2.995 0.00278059 -0.479477 -1.49618 0.00591596 -2.94061 -9.03676
3.006 0.00198765 -0.48183 -1.49087 0.0061695 -3.14 -9.68707
3.017 -0.00529005 -0.488421 -1.4956 -0.00571443 -3.35771 -10.3229
3.028 -0.00110653 -0.489151 -1.48368 0.00327714 -3.57058 -10.9712
3.039 -0.000234398 -0.483849 -1.50276 -0.00633853 -3.76936 -11.6083
3.05 -0.000205234 -0.491206 -1.49288 0.000704793 -3.97048 -12.233
3.061 -0.00709826 -0.485183 -1.49438 0.00765244 -4.17395 -12.8454
3.072 0.00831187 -0.489797 -1.49255 -0.005632 -4.36695 -13.4357
3.083 0.000718849 -0.487556 -1.49313 -0.00820829 -4.54322 -14.0109
3.094 -0.00438187 -0.491581 -1.49556 0.0032583 -4.71872 -14.5513
3.105 0.00979506 -0.484569 -1.48764 -3.20993e-05 -4.89958 -15.088
3.116 0.00893009 -0.482993 -1.49142 -0.00298978 -5.05708 -15.5795
3.127 -0.00703334 -0.484174 -1.49123 0.00787144 -5.21244 -16.0534
3.138 0.000395804 -0.48829 -1.49953 0.00509334 -5.36157 -16.495
3.149 0.0019248 -0.484889 -1.49695 0.0021733 -5.48453 -16.8875
3.16 0.00450026 -0.486241 -1.4939 0.00737731 -5.61492 -17.2546
3.171 -0.00774093 -0.490832 -1.49608 0.000394603 -5.71806 -17.5854
3.182 -0.000479148 -0.48074 -1.48997 -0.00515394 -5.80471 -17.8733
3.193 -0.00255306 -0.476421 -1.48748 0.0084879 -5.89242 -18.1219
3.204 0.0018932 -0.490268 -1.49587 -0.0003146 -5.963 -18.3184
3.215 -0.00773169 -0.489574 -1.49695 -0.00356236 -6.00669 -18.4965
3.226 -0.000852748 -0.481086 -1.49053 -0.0052567 -6.04284 -18.6084
3.237 -0.00121814 -0.486743 -1.49064 0.000148864 -6.06749 -18.6886
3.248 0.000210992 -0.486853 -1.48098 0.00641797 -6.08273 -18.7091
3.259 0.00527597 -0.485442 -1.49636 0.00667257 -6.08049 -18.7044
3.27 0.0001494 -0.487937 -1.49636 0.0100059 -6.0492 -18.643
3.281 -0.00477817 -0.492555 -1.49237 0.00966116 -6.01964 -18.5386
3.292 0.00105734 -0.488994 -1.4984 0.000904732 -5.98357 -18.3972
3.303 0.0154398 -0.489711 -1.49592 0.00421835 -5.91501 -18.203
3.314 -0.00302937 -0.493811 -1.50482 0.00746572 -5.83978 -17.9632
3.325 -0.00478432 -0.480476 -1.49139 0.00286868 -5.74734 -17.6926
3.336 -0.00262621 -0.487701 -1.49477 -0.00473845 -5.64613 -17.388
3.347 -0.000894536 -0.485072 -1.49346 -0.00491056 -5.53622 -17.0189
3.358 -0.00303853 -0.4892 -1.49083 0.00400796 -5.40502 -16.634
3.369 0.00213389 -0.487059 -1.50222 -0.00586494 -5.25891 -16.2121
3.38 -0.0020204 -0.481944 -1.48299 -0.00171263 -5.11799 -15.7649
3.391 0.00968191 -0.488186 -1.50105 3.15677e-05 -4.96035 -15.2621
3.402 -0.000722714 -0.493084 -1.48967 0.00171071 -4.79365 -14.7461
3.413 -0.000573211 -0.49396 -1.49613 0.00478392 -4.62419 -14.2028
3.424 0.00130289 -0.474441 -1.49997 0.00360437 -4.42976 -13.6439
3.435 -0.00160573 -0.480162 -1.49345 0.000627186 -4.23722 -13.0574
3.446 -0.00228287 -0.478629 -1.48311 -0.00408062 -4.05104 -12.4465
3.457 -0.00177109 -0.483565 -1.49361 -0.0101161 -3.844 -11.8325
3.468 0.00341645 -0.484121 -1.49976 -0.00372423 -3.642 -11.2054
3.479 -5.79278e-05 -0.480793 -1.49437 0.0074599 -3.43519 -10.5664
3.49 -0.00621167 -0.479525 -1.49554 -0.0111933 -3.22638 -9.92016
3.501 0.00142369 -0.479853 -1.49902 -0.000870557 -3.00906 -9.26623
3.512 0.00699376 -0.485881 -1.48896 -0.00309211 -2.80381 -8.62633
3.523 0.00544524 -0.480773 -1.48621 -0.00908071 -2.5898 -7.98122
3.534 0.009227 -0.475533 -1.49644 -0.00987371 -2.37899 -7.34597
3.545 -0.00101988 -0.48659 -1.49659 -0.00731837 -2.18264 -6.71063
3.556 0.00196256 -0.476179 -1.49276 0.000911785 -1.98104 -6.09164
3.567 0.00512349 -0.485835 -1.48705 0.00689816 -1.78561 -5.48964
3.578 -0.00660673 -0.47987 -1.49413 -0.00375725 -1.59672 -4.9108
3.589 -0.00249209 -0.485304 -1.4879 -0.00811321 -1.41439 -4.35085
3.6 0.00506619 -0.494633 -1.50383 0.00188809 -1.25039 -3.80178
3.611 0.00103193 -0.48416 -1.4903 0.00276533 -1.0719 -3.30528
3.622 0.00383564 -0.48483 -1.49154 -0.0046405 -0.925105 -2.811
3.633 0.0056077 -0.489425 -1.49236 -0.0127715 -0.777359 -2.37388
3.644 -0.000537906 -0.477815 -1.49122 0.00120243 -0.638677 -1.94545
3.655 0.0112012 -0.48866 -1.49383 0.00572052 -0.505328 -1.56417
3.666 -0.00168985 -0.480645 -1.49237 -0.000247348 -0.391057 -1.21708
3.677 -0.00303026 -0.47557 -1.4952 0.0028774 -0.29123 -0.908404
3.688 -0.00702545 -0.481717 -1.48955 0.000859067 -0.210538 -0.65043
3.699 0.000433537 -0.485529 -1.49945 0.00249499 -0.13682 -0.419322
3.71 -0.00925122 -0.479034 -1.49447 0.00558241 -0.0856887 -0.242068
3.721 -0.00065109 -0.480659 -1.48688 -0.00636554 -0.0382751 -0.10093
3.732 0.00356632 -0.476997 -1.49701 -0.00799183 0.00555949 -0.00116696
3.743 0.00066314 -0.476359 -1.49142 0.00408781 0.0210372 0.0410745
3.754 -0.006067 -0.480788 -1.49222 0.00584292 0.0233668 0.0564724
3.765 -0.00773873 -0.484339 -1.49431 0.000591443 0.0116032 0.0149871
3.776 -0.00728066 -0.500405 -1.49538 -0.00242589 -0.0172917 -0.060295
3.787 -0.00282283 -0.487697 -1.49847 0.00160038 -0.0571629 -0.19509
3.798 0.00468042 -0.487426 -1.49156 -0.00231018 -0.127415 -0.373256
3.809 -0.00641426 -0.489056 -1.49221 -0.00209566 -0.18307 -0.580414
3.82 -0.00238292 -0.488742 -1.48308 -0.00167749 -0.265777 -0.83004
3.831 -0.00672495 -0.485361 -1.48729 -0.00255223 -0.371032 -1.12775
3.842 0.0037876 -0.481107 -1.49771 -0.000788517 -0.481616 -1.46398
3.853 -0.000526153 -0.482609 -1.48874 0.000848888 -0.598814 -1.83686
3.864 -0.00193508 -0.490982 -1.50239 -0.000686943 -0.736993 -2.25032
3.875 -0.00120819 -0.486907 -1.4882 -0.00820273 -0.876929 -2.69339
3.886 -0.00411012 -0.486401 -1.497 -0.00137583 -1.02466 -3.16275
3.897 -0.00407932 -0.487241 -1.49081 -0.00298607 -1.18857 -3.66016
3.908 -0.00556198 -0.477775 -1.49305 0.00307849 -1.36517 -4.20722
3.919 -0.00249134 -0.484317 -1.48625 -0.000613208 -1.54116 -4.74968
3.93 0.00845383 -0.476807 -1.49019 0.0062374 -1.72915 -5.33433
3.941 0.000969537 -0.494788 -1.49877 0.00175596 -1.92181 -5.9286
3.952 0.00272433 -0.495716 -1.48887 -0.00619629 -2.12023 -6.5402
3.963 0.00212221 -0.479284 -1.48798 -0.000507701 -2.33342 -7.15676
3.974 0.00142299 -0.485398 -1.50143 0.00448739 -2.53994 -7.81094
3.985 -0.000277865 -0.484444 -1.49409 0.00190295 -2.74456 -8.45037
3.996 -0.00490556 -0.48455 -1.49172 0.00145947 -2.94935 -9.08798
4.006 -0.0061699 -0.489163 -1.49482 -0.00641333 -3.15383 -9.68579
4.016 0.00121905 -0.485387 -1.49928 0.00178878 -3.32656 -10.2774
4.026 -0.00271474 -0.492228 -1.49545 0.000712088 -3.52881 -10.8616
4.036 -0.00156926 -0.495958 -1.49139 -0.0120267 -3.71891 -11.4398
4.046 -9.61464e-06 -0.484603 -1.49326 -0.00867478 -3.90251 -12.0103
4.056 -0.00166821 -0.490075 -1.49066 -0.00123648 -4.0885 -12.5661
4.066 -0.00206631 -0.479695 -1.49709 0.000796854 -4.25348 -13.1092
4.076 0.00241619 -0.487346 -1.48944 0.00160032 -4.43149 -13.6484
4.086 0.00109766 -0.48427 -1.49103 0.00349003 -4.59664 -14.1622
4.096 -0.0022607 -0.484114 -1.49446 0.0068486 -4.76335 -14.6574
4.106 -0.0012081 -0.476389 -1.4923 0.00330746 -4.91815 -15.1231
4.116 -0.00087581 -0.482143 -1.49119 0.00689463 -5.07284 -15.5865
4.126 0.00346237 -0.473898 -1.49243 0.0037236 -5.20151 -16.0064
4.136 0.00343945 -0.482444 -1.49584 -0.00391448 -5.33483 -16.4096
4.146 -0.000201203 -0.476307 -1.49399 -0.00881286 -5.44897 -16.7893
4.156 -0.00179694 -0.489329 -1.49102 0.0050099 -5.56725 -17.1307
4.166 0.00161722 -0.484708 -1.50306 -0.000933846 -5.66746 -17.4365
4.176 0.00157878 -0.482993 -1.49317 0.0022295 -5.74695 -17.7272
4.186 -0.00213114 -0.486199 -1.49192 0.00122903 -5.84935 -17.9715
4.196 0.000782048 -0.486121 -1.4943 -0.00537652 -5.91749 -18.178
4.206 -0.00236381 -0.48043 -1.48261 0.0112841 -5.9627 -18.3536
4.216 -0.00637462 -0.478819 -1.49602 -0.00511989 -6.0112 -18.5015
4.226 -0.00603773 -0.479279 -1.49771 0.00806626 -6.051 -18.6144
4.236 0.000555482 -0.48697 -1.49067 -0.00163076 -6.07261 -18.6808
4.246 0.00038129 -0.489803 -1.48257 0.00554603 -6.08863 -18.717
4.256 0.00730989 -0.479243 -1.48855 -0.0104543 -6.08859 -18.7101
4.266 -0.0048022 -0.491767 -1.49628 0.000340578 -6.0571 -18.6746
4.276 -0.0050057 -0.483259 -1.49705 0.000715037 -6.05139 -18.5927
4.286 -0.00411401 -0.48786 -1.49168 -0.00293013 -5.99985 -18.4709
4.296 -0.00506185 -0.48288 -1.49125 -0.00673922 -5.95754 -18.3217
4.306 -0.00046585 -0.487192 -1.491 -0.0122158 -5.89633 -18.1402
4.316 -0.00854788 -0.481481 -1.50046 0.000225712 -5.81993 -17.9209
4.326 0.00240993 -0.48468 -1.50179 -0.00532114 -5.73546 -17.6642
4.336 0.00209606 -0.485342 -1.49365 0.00728998 -5.64417 -17.3794
4.346 -0.00338729 -0.484002 -1.49746 -0.00520419 -5.53851 -17.0589
4.356 -0.00734985 -0.493794 -1.49351 -0.00612023 -5.42173 -16.7091
4.366 0.00074655 -0.486891 -1.4869 -0.00257404 -5.30946 -16.3369
4.376 -0.00176552 -0.474977 -1.49672 -0.000955689 -5.16914 -15.9238
4.386 0.00566698 -0.485907 -1.48552 -0.014432 -5.03137 -15.497
4.396 0.00654402 -0.490612 -1.49253 0.00157981 -4.88033 -15.0355
4.406 -0.00471463 -0.47972 -1.48791 0.00158862 -4.73497 -14.5542
4.416 0.00233117 -0.477398 -1.49759 0.00294472 -4.57434 -14.0602
4.426 0.0043261 -0.48609 -1.4855 0.00842242 -4.41035 -13.537
4.436 0.0026654 -0.480974 -1.5004 -0.00757667 -4.22828 -12.9997
4.446 -0.000519258 -0.485668 -1.49462 -0.0112161 -4.04836 -12.4514
4.456 0.0059852 -0.494167 -1.49192 -0.00308183 -3.86598 -11.8949
4.466 -0.000593183 -0.477588 -1.4956 0.00992291 -3.67754 -11.3252
4.476 -0.00235039 -0.485758 -1.48689 -0.0015578 -3.49464 -10.7439
4.486 0.00139695 -0.491798 -1.48891 0.00660834 -3.30224 -10.151
4.496 -0.00740544 -0.469082 -1.4968 0.00142734 -3.10545 -9.57529
4.506 -0.00141152 -0.483422 -1.48732 -0.000499574 -2.91897 -8.97675
4.516 -0.0027714 -0.4831 -1.4922 -0.00437661 -2.73196 -8.38564
4.526 -0.00257099 -0.481074 -1.49368 0.00565643 -2.52498 -7.8106
4.536 0.00863802 -0.479998 -1.49579 -0.00173725 -2.34414 -7.22036
4.546 -0.00652726 -0.485739 -1.49636 -0.0111469 -2.1613 -6.64563
4.556 -0.0034737 -0.482015 -1.48757 0.00377466 -1.98348 -6.09826
4.566 -0.00515424 -0.482308 -1.48999 0.00493545 -1.80661 -5.55276
4.576 -0.000245491 -0.503216 -1.50758 -0.00579545 -1.63122 -5.01213
4.586 1.97868e-05 -0.485672 -1.49789 -0.00636541 -1.45584 -4.50956
4.596 -0.000160858 -0.484731 -1.49616 0.00165954 -1.30169 -3.99826
4.606 -0.00553825 -0.489716 -1.49501 0.00734902 -1.14533 -3.52808
4.616 -0.000773486 -0.483609 -1.49429 -0.00324669 -0.99448 -3.08146
4.626 0.00175682 -0.486684 -1.48644 0.00293734 -0.860054 -2.6489
4.636 0.000782819 -0.484806 -1.49162 0.00182184 -0.722184 -2.25366
4.646 -0.00245655 -0.485599 -1.48944 0.00715433 -0.610067 -1.87764
4.656 -0.000355099 -0.48155 -1.49303 -0.00458879 -0.509031 -1.53251
4.666 -0.000816521 -0.484281 -1.50193 -0.00402704 -0.391343 -1.22372
4.676 0.00667488 -0.474663 -1.49839 -0.00272273 -0.301354 -0.947213
4.686 0.00982331 -0.483862 -1.49539 0.00191724 -0.230299 -0.692682
4.696 0.00293098 -0.478544 -1.4911 -0.00750079 -0.150944 -0.475077
4.706 -0.000298637 -0.486004 -1.49717 -0.00209029 -0.0986543 -0.301784
4.716 -0.000244031 -0.484606 -1.49457 0.00215682 -0.0451976 -0.15881
4.726 0.00228402 -0.482832 -1.49295 0.00414358 -0.00882176 -0.0423831
4.736 -0.00373408 -0.48198 -1.48829 -0.00104897 -0.00196465 0.018786
4.746 0.00444709 -0.479971 -1.49817 0.00394732 0.0233444 0.0628863
4.756 0.00870162 -0.483112 -1.49646 2.48771e-05 0.0216727 0.057512
4.766 -0.00474513 -0.479192 -1.49151 -0.000848394 0.0065778 0.00818209
4.776 0.00716027 -0.487612 -1.48988 -7.1447e-05 -0.0242122 -0.0797612
4.786 -0.00448084 -0.473442 -1.49726 -0.000474395 -0.0640367 -0.185423
4.796 -0.000363745 -0.481892 -1.4951 -0.00349008 -0.101614 -0.326574
4.806 0.00884219 -0.492685 -1.48537 -0.00728966 -0.16374 -0.513591
4.816 -0.00150248 -0.490592 -1.50352 -0.00164664 -0.236589 -0.744137
4.826 0.00887634 -0.482163 -1.49761 -0.00386517 -0.322023 -0.996006
4.836 -0.0037365 -0.48561 -1.49807 -0.00191769 -0.41037 -1.2794
4.846 0.00117861 -0.488914 -1.49249 -0.00629308 -0.523959 -1.59986
4.856 0.0030947 -0.482324 -1.49099 0.001723 -0.627251 -1.95087
4.866 0.00600828 -0.482734 -1.4946 -0.00704993 -0.753987 -2.32732
4.876 0.00540134 -0.487343 -1.5071 -0.00434943 -0.896411 -2.731
4.886 -0.000809656 -0.480218 -1.49005 0.00468451 -1.0304 -3.17231
4.896 0.00584619 -0.476033 -1.50359 0.0125854 -1.1752 -3.63919
4.906 -0.00656222 -0.486437 -1.49794 0.00275847 -1.33677 -4.09506
4.916 0.000657584 -0.487004 -1.48349 -0.00716664 -1.49088 -4.6039
4.926 -0.000355482 -0.494259 -1.48863 -0.00298317 -1.67346 -5.12458
4.936 -0.0048429 -0.488352 -1.49291 0.0012309 -1.83675 -5.65451
4.946 -0.00483173 -0.486791 -1.49557 -0.00383813 -2.01205 -6.20817
4.956 0.00586459 -0.482611 -1.4984 -0.00557378 -2.18975 -6.76448
4.966 0.00891037 -0.484385 -1.49442 -0.00347704 -2.38015 -7.34187
4.976 -0.000772719 -0.489369 -1.48758 -0.0104881 -2.5718 -7.91603
4.986 -0.00180276 -0.485511 -1.49649 0.00418815 -2.75865 -8.5082
4.996 0.00240377 -0.488421 -1.48886 -0.00416032 -2.95092 -9.08746
5.006 0.00385074 -0.476662 -1.49353 0.00477214 -3.1477 -9.68615
5.016 0.00309945 -0.490677 -1.49204 -0.00461119 -3.34338 -10.2802
5.026 0.00468346 -0.490881 -1.49376 0.00222934 -3.52166 -10.8608
5.036 -0.00455874 -0.480843 -1.49717 -0.00642968 -3.7167 -11.4342
5.046 -0.00944408 -0.477387 -1.50021 -0.00668716 -3.89962 -12.0111
5.056 -0.00184976 -0.482358 -1.49807 -0.00322776 -4.08151 -12.5717
5.066 0.000468945 -0.484953 -1.49707 -0.000534099 -4.25272 -13.1192
5.076 0.00442068 -0.487044 -1.49143 -0.00445007 -4.44017 -13.6428
5.086 0.00394919 -0.480123 -1.49054 -0.00149817 -4.6097 -14.1627
5.096 -0.00702405 -0.47729 -1.49756 0.000303735 -4.75833 -14.6538
5.106 0.00317831 -0.489318 -1.49649 -0.00153232 -4.92114 -15.1283
5.116 0.0085589 -0.48542 -1.49679 -0.00512933 -5.05008 -15.5866
5.126 -0.00993985 -0.483219 -1.50204 0.00239006 -5.20057 -16.0067
5.136 0.00704082 -0.490033 -1.49004 0.00274611 -5.32499 -16.4064
5.146 -0.00196381 -0.488659 -1.49032 -0.0052531 -5.45459 -16.7887
5.156 0.00846197 -0.486095 -1.50192 0.00354123 -5.56912 -17.1222
5.166 0.00197733 -0.476685 -1.49552 0.00474052 -5.66643 -17.4301
5.176 -0.00715434 -0.489969 -1.48969 -0.00208038 -5.75772 -17.7171
5.186 -0.00152395 -0.482667 -1.4932 -0.00584608 -5.84493 -17.9752
5.196 -0.00313089 -0.485271 -1.49646 0.000132403 -5.89779 -18.1828
5.206 -0.00390802 -0.478406 -1.49304 -0.00536427 -5.97128 -18.3544
5.216 -0.00543887 -0.484933 -1.49465 0.00744721 -6.01485 -18.5152
5.226 0.00312642 -0.48118 -1.49395 0.00480292 -6.04691 -18.61
5.236 -0.00150698 -0.475157 -1.49523 0.00313642 -6.0654 -18.6771
5.246 -0.00263571 -0.478799 -1.49817 0.00511787 -6.07902 -18.7146
5.256 0.000612065 -0.485668 -1.49247 -0.00385012 -6.07637 -18.7106
5.266 -0.0058048 -0.485798 -1.49456 3.91608e-05 -6.06871 -18.6734
5.276 0.00273344 -0.492058 -1.49138 -0.000174779 -6.04096 -18.5858
5.286 0.00590317 -0.476981 -1.49176 -0.00206587 -6.00509 -18.4764
5.296 -0.00313053 -0.48367 -1.50107 -0.00451847 -5.95957 -18.3275
5.306 -0.00153297 -0.483014 -1.49048 -0.00109859 -5.89085 -18.1464
5.316 0.000806182 -0.481491 -1.48821 0.00450725 -5.82474 -17.9186
5.326 -0.00282419 -0.487126 -1.49983 -0.00396619 -5.73551 -17.6681
5.336 -0.00426911 -0.477352 -1.49145 0.00108605 -5.6444 -17.3769
5.346 -0.00290552 -0.479869 -1.50023 -0.00238748 -5.54525 -17.0546
5.356 0.00634727 -0.490455 -1.50004 -0.00411187 -5.43276 -16.7161
5.366 0.0141851 -0.481677 -1.49805 0.00304914 -5.29956 -16.3362
5.376 -0.00217701 -0.474887 -1.49169 0.00206676 -5.16908 -15.9234
5.386 -0.000729935 -0.482197 -1.49295 -0.0058635 -5.0266 -15.5012
5.396 -0.00580764 -0.476876 -1.49583 0.00817142 -4.89424 -15.0346
5.406 0.00504329 -0.486129 -1.49914 -0.00222434 -4.73312 -14.5583
5.416 0.00862666 -0.492212 -1.49324 -0.00490096 -4.57399 -14.0591
5.426 -0.00238469 -0.491357 -1.49566 0.00305808 -4.39161 -13.5405
5.436 -0.00659162 -0.488869 -1.49585 -0.00348562 -4.22244 -12.9979
5.446 0.00476815 -0.483292 -1.49679 -0.00605914 -4.05395 -12.4529
5.456 -0.00313065 -0.48717 -1.48939 -0.000497342 -3.85819 -11.8982
5.466 -0.00315189 -0.482999 -1.4895 0.00194298 -3.6759 -11.322
5.476 -0.00951088 -0.491291 -1.49028 -0.00041632 -3.48574 -10.7378
5.486 -0.00736425 -0.48723 -1.49359 0.00117511 -3.29492 -10.1544
5.496 -0.000283692 -0.495548 -1.49308 0.00626259 -3.10219 -9.56511
5.506 0.00293658 -0.488553 -1.486 0.00650233 -2.91362 -8.97227
5.516 0.0087087 -0.482183 -1.49123 0.00130977 -2.73274 -8.38936
5.526 0.00153 -0.486475 -1.50035 -0.00539885 -2.53595 -7.80178
5.536 0.0104629 -0.491125 -1.49425 7.72949e-05 -2.34389 -7.22165
5.546 -0.0114606 -0.483476 -1.49087 -0.0062288 -2.16092 -6.6596
5.556 0.00277051 -0.481322 -1.49774 0.000340945 -1.97419 -6.1059
5.566 -0.00331885 -0.495477 -1.49945 0.000146459 -1.80694 -5.54636
5.576 0.00192586 -0.481694 -1.49297 -9.76212e-06 -1.6212 -5.01585
5.586 0.000893621 -0.492232 -1.50123 0.00190361 -1.45659 -4.50221
5.596 -0.00660444 -0.480018 -1.48072 0.00384789 -1.29995 -3.99783
5.606 0.00230295 -0.476076 -1.49318 -0.00452814 -1.15116 -3.52967
5.616 -0.00902408 -0.483961 -1.49977 -0.00557763 -0.997028 -3.09211
5.626 0.0088091 -0.486628 -1.4978 -0.00378531 -0.857581 -2.65899
5.636 -0.00502598 -0.492119 -1.49869 -0.000621649 -0.731965 -2.24784
5.646 -0.00184394 -0.490785 -1.49797 -0.00321978 -0.609378 -1.87773
5.656 0.00659147 -0.489156 -1.49572 0.0118984 -0.503802 -1.53532
5.666 0.00298415 -0.490324 -1.49646 -0.00598835 -0.395295 -1.22486
5.676 -0.00289736 -0.483755 -1.50116 0.00391496 -0.307415 -0.942276
5.686 -0.00118358 -0.492354 -1.48902 -0.00702458 -0.225324 -0.691339
5.696 -0.0128071 -0.484588 -1.49704 0.00550674 -0.157825 -0.479782
5.706 -6.03645e-05 -0.483831 -1.4951 0.0153023 -0.0949683 -0.299192
5.716 -0.00166819 -0.483818 -1.48978 -0.00208046 -0.0462199 -0.156654
5.726 -0.00433827 -0.484565 -1.49474 -0.000993447 -0.0152949 -0.0559239
5.736 -0.00291987 -0.476149 -1.49974 -0.00500313 -6.90505e-05 0.0179649
5.746 -0.00013544 -0.481114 -1.48872 0.00590143 0.0140987 0.048338
5.756 -0.00698896 -0.489042 -1.49348 -0.00304596 0.025677 0.0525288
5.766 0.0064815 -0.476729 -1.49101 0.00186738 0.00214007 0.00336668
5.776 -0.00206413 -0.486532 -1.48901 2.16413e-05 -0.0312751 -0.0705696
5.786 -0.00067484 -0.481827 -1.50261 -0.00198001 -0.0591714 -0.183127
5.796 -0.000747541 -0.483583 -1.49799 -0.00793488 -0.111224 -0.328475
5.806 0.00815698 -0.491945 -1.49518 -0.00165383 -0.170855 -0.519389
5.816 -0.00275895 -0.484388 -1.49546 0.00126152 -0.236799 -0.741615
5.826 -0.00472771 -0.482534 -1.49385 0.00724945 -0.320385 -0.992901
5.836 -0.00193801 -0.486515 -1.49013 -0.000321345 -0.423718 -1.28929
5.846 -0.00380561 -0.483517 -1.49237 0.00405275 -0.523595 -1.59847
5.856 -0.00781744 -0.489472 -1.49627 0.00161525 -0.631921 -1.94548
5.866 0.000887911 -0.477935 -1.49489 0.00122019 -0.751174 -2.31861
5.876 0.00275505 -0.480535 -1.49098 -0.000129086 -0.887153 -2.73797
5.886 0.0007131 -0.480088 -1.48051 0.000278618 -1.03568 -3.16978
5.896 0.000317263 -0.479675 -1.49513 -4.19454e-05 -1.1787 -3.62886
5.906 0.00370106 -0.485402 -1.50037 -0.00342548 -1.33271 -4.09716
5.916 -0.000812887 -0.487665 -1.49511 0.000676409 -1.48865 -4.602
5.926 0.0018085 -0.485009 -1.49565 0.00606541 -1.66803 -5.11893
5.936 -0.00145298 -0.484461 -1.48948 0.000272088 -1.82984 -5.65405
5.946 -0.00545302 -0.483446 -1.49332 -0.00204543 -2.01333 -6.20968
5.956 0.0063667 -0.482821 -1.50243 0.0011403 -2.20756 -6.76866
5.966 0.00750537 -0.485979 -1.49659 0.00593543 -2.38839 -7.3345
5.976 -0.00431188 -0.482396 -1.48581 0.00389069 -2.57323 -7.92019
5.986 -0.00355919 -0.477583 -1.49534 0.00043692 -2.76004 -8.50783
5.996 0.00322761 -0.492873 -1.48451 0.00043258 -2.96275 -9.0985
6.006 0.00210167 -0.481571 -1.49624 -0.00374093 -3.13173 -9.6814
6.016 0.00318719 -0.486997 -1.48311 0.00494171 -3.33525 -10.2735
6.026 0.00286242 -0.489889 -1.4904 0.00360041 -3.52491 -10.8489
6.036 -0.00303221 -0.480699 -1.48797 0.00765613 -3.712 -11.4387
6.046 -7.76661e-05 -0.484621 -1.50197 -0.00318956 -3.90153 -12.0045
6.056 0.00507047 -0.490863 -1.49806 0.000514324 -4.07041 -12.5666
6.066 0.00322402 -0.484089 -1.49177 -0.00407268 -4.25588 -13.1132
6.076 -0.00128345 -0.480219 -1.49821 0.00912489 -4.42843 -13.6417
6.086 0.00404695 -0.471031 -1.49564 0.000682736 -4.59896 -14.1542
6.096 -0.00255339 -0.494621 -1.49044 0.00982934 -4.76341 -14.6554
6.106 0.00243772 -0.477356 -1.49856 0.00898416 -4.9155 -15.125
6.116 -0.012589 -0.486465 -1.48802 -0.00214884 -5.06785 -15.5856
6.126 -9.64384e-05 -0.482307 -1.48293 -0.000584646 -5.20277 -16.0201
6.136 -0.00359288 -0.48433 -1.48895 -0.00879837 -5.32897 -16.4021
6.146 0.00209643 -0.477474 -1.49658 0.00695055 -5.45434 -16.778
6.156 -0.00368622 -0.490224 -1.49886 -0.00606648 -5.56841 -17.1297
6.166 -0.000152418 -0.491606 -1.49682 0.0121865 -5.66609 -17.4399
6.176 0.00191479 -0.482789 -1.5006 0.00124005 -5.75952 -17.7268
6.186 0.00312493 -0.497907 -1.49238 -0.00200211 -5.8401 -17.9684
6.196 -0.000767379 -0.477726 -1.49571 -0.00172939 -5.91255 -18.1764
6.206 -0.00735331 -0.487371 -1.49911 0.00246914 -5.9637 -18.364
6.216 -0.000677482 -0.488864 -1.49393 0.00178697 -6.01448 -18.5053
6.226 0.00400441 -0.48085 -1.49139 0.00292976 -6.04802 -18.6038
6.236 0.0101237 -0.486183 -1.50191 -0.00852549 -6.06998 -18.6871
6.246 0.00289393 -0.486514 -1.48816 0.00467868 -6.08024 -18.7062
6.256 0.00164884 -0.488187 -1.48888 0.00388353 -6.07355 -18.7161
6.266 -0.00290019 -0.483982 -1.49292 -0.00335344 -6.05995 -18.673
6.276 -0.0004392 -0.488454 -1.49303 -0.00333945 -6.03935 -18.5863
6.286 0.00337603 -0.486894 -1.48928 0.00220265 -6.00261 -18.4799
6.296 -0.00836038 -0.488816 -1.49442 0.00621495 -5.94797 -18.3214
6.306 -0.00452983 -0.488348 -1.49014 0.0116469 -5.89028 -18.1426
6.316 0.00586196 -0.480423 -1.49227 0.00484995 -5.817 -17.9272
6.326 -0.00703185 -0.487546 -1.49593 0.00436435 -5.73897 -17.669
6.336 -0.0019713 -0.487337 -1.49444 -0.00172956 -5.6468 -17.3766
6.346 6.96913e-05 -0.482443 -1.48813 -0.00278287 -5.54286 -17.0751
6.356 -0.0111371 -0.48322 -1.49887 -0.00919122 -5.4334 -16.7172
6.366 0.00674967 -0.481376 -1.49415 -0.0057517 -5.30056 -16.3358
6.376 -3.76787e-05 -0.484274 -1.49045 -0.00151374 -5.1692 -15.9329
6.386 0.00834563 -0.492628 -1.49326 -0.00316944 -5.02984 -15.4974
6.396 -0.0091731 -0.479226 -1.49357 0.00564575 -4.87948 -15.0328
6.406 -0.00216199 -0.487311 -1.49793 0.01441 -4.73117 -14.5655
6.416 0.00284723 -0.4813 -1.49899 0.00472944 -4.56521 -14.0703
6.426 0.00564092 -0.48575 -1.49845 -0.00868271 -4.40501 -13.5327
6.436 -0.00829816 -0.484407 -1.49939 0.00223316 -4.22046 -13.0071
6.446 -0.00734614 -0.497452 -1.49185 -0.00426895 -4.03983 -12.4577
6.456 -0.00541358 -0.4889 -1.4909 -0.00244583 -3.8598 -11.8976
6.466 0.00424605 -0.482329 -1.50591 -0.00430384 -3.67633 -11.3333
6.476 0.00462256 -0.484608 -1.49376 0.00329813 -3.48516 -10.7332
6.486 0.00287603 -0.48865 -1.49513 0.00811509 -3.29862 -10.1468
6.496 -0.00476137 -0.490932 -1.49 0.00105615 -3.11146 -9.56209
6.506 -0.00388128 -0.481829 -1.49545 -0.00841262 -2.91929 -8.97051
6.516 0.00636371 -0.484445 -1.49493 -0.000270924 -2.72364 -8.39471
6.526 0.000989599 -0.489445 -1.49604 0.000978213 -2.53662 -7.79913
6.536 0.00464452 -0.48445 -1.49462 0.00223649 -2.34279 -7.223
6.546 0.00360828 -0.475591 -1.49737 -0.00202973 -2.15268 -6.66355
6.556 -0.00216422 -0.49361 -1.49587 -0.00203616 -1.98448 -6.09852
6.566 0.0015314 -0.483026 -1.4875 -0.000756839 -1.79885 -5.5457
6.576 0.00117057 -0.488834 -1.50132 0.00351681 -1.63114 -5.01767
6.586 0.00157394 -0.479456 -1.49555 -0.000757422 -1.45924 -4.50157
6.596 0.00326574 -0.484023 -1.50151 -0.00245881 -1.30809 -4.00251
6.606 0.00134246 -0.487785 -1.48717 -0.00285874 -1.15415 -3.52727
6.616 -0.00429465 -0.481152 -1.49868 0.00361558 -0.994672 -3.08592
6.626 0.00528343 -0.488666 -1.49526 -0.00766131 -0.857898 -2.65124
6.636 0.00462076 -0.491872 -1.49493 -0.00181742 -0.744461 -2.25911
6.646 -0.000852297 -0.4791 -1.49578 -0.00466659 -0.610324 -1.88211
6.656 0.00140016 -0.47842 -1.4841 -0.00174085 -0.495967 -1.53009
6.666 -0.000335824 -0.487467 -1.4993 0.000755462 -0.397347 -1.23246
6.676 -0.00119749 -0.489827 -1.49053 -0.00245041 -0.308969 -0.929509
6.686 0.00353068 -0.482153 -1.49948 -0.0168972 -0.224357 -0.690441
6.696 -0.00609693 -0.485332 -1.49847 -0.00568208 -0.156659 -0.481479
6.706 0.00271177 -0.493668 -1.49046 0.00162669 -0.104967 -0.296167
6.716 -0.00874094 -0.479478 -1.49563 0.00456917 -0.0553939 -0.153338
6.726 -0.000671579 -0.483196 -1.49588 0.00994194 -0.0214349 -0.0502426
6.736 0.0025944 -0.48592 -1.49868 -0.0016427 0.00876165 0.0213761
6.746 -0.00472555 -0.485325 -1.50117 -0.0041945 0.0150944 0.050832
6.756 -0.00364738 -0.4809 -1.49695 -0.00692958 0.0187201 0.0517618
6.766 -0.00403746 -0.484003 -1.49787 -0.00130202 0.00181479 0.0112533
6.776 -0.00875304 -0.489547 -1.4924 0.00409102 -0.0104873 -0.0650354
6.786 0.0062434 -0.484021 -1.49796 -0.00534522 -0.0577045 -0.181267
6.796 0.00729503 -0.487786 -1.49147 -0.00236006 -0.106835 -0.32699
6.806 0.00643632 -0.487305 -1.4997 0.00225148 -0.166607 -0.523486
6.816 -0.00580909 -0.492981 -1.48647 -0.00168977 -0.240476 -0.73585
6.826 -0.0103716 -0.473989 -1.49358 -0.00411898 -0.321145 -0.987713
6.836 0.00989073 -0.489791 -1.49379 -0.00100157 -0.413289 -1.28151
6.846 0.00944734 -0.489539 -1.4944 -0.00296343 -0.516821 -1.60344
6.856 -0.00573805 -0.484265 -1.49563 0.00374663 -0.630918 -1.94817
6.866 -0.000529798 -0.484468 -1.4939 0.00652554 -0.761523 -2.33081
6.876 0.00215704 -0.488233 -1.49739 0.0016823 -0.88586 -2.72774
6.886 0.000739439 -0.480702 -1.50285 -0.00128059 -1.02518 -3.15207
6.896 0.0055253 -0.482822 -1.49425 0.00489712 -1.17679 -3.62616
6.906 0.00114911 -0.492378 -1.49072 -0.0117428 -1.32628 -4.09662
6.916 -0.00367297 -0.485559 -1.49983 -0.00986434 -1.49468 -4.60431
6.926 -0.00044777 -0.483392 -1.49137 0.000339644 -1.66558 -5.12704
6.936 0.000497431 -0.486458 -1.49885 -0.00782865 -1.83654 -5.65394
6.946 -0.00835935 -0.478061 -1.49264 0.0101031 -2.02006 -6.21525
6.956 -0.000314512 -0.478684 -1.49395 0.00643883 -2.18964 -6.76302
6.966 0.00300009 -0.482297 -1.4915 -0.00338807 -2.38401 -7.34759
6.976 -0.00132785 -0.47808 -1.49318 -0.00834661 -2.57298 -7.92685
6.986 0.00683897 -0.483981 -1.49426 0.00993096 -2.76017 -8.50777
6.996 0.0113577 -0.480801 -1.49315 -0.00100025 -2.95529 -9.0944
7.006 -0.00180097 -0.489793 -1.49248 -0.000749233 -3.14437 -9.68243
7.016 -0.008074 -0.48481 -1.48839 -0.00422224 -3.33465 -10.2689
7.026 0.00716265 -0.483903 -1.49859 0.00271585 -3.53838 -10.8613
7.036 -0.00250331 -0.491275 -1.50086 -0.000764491 -3.70244 -11.4279
7.046 0.00208272 -0.480424 -1.49627 0.0072914 -3.88907 -12.0022
7.056 0.00491731 -0.4818 -1.49226 -0.00523461 -4.08782 -12.5683
7.066 -0.00117153 -0.482216 -1.49059 -0.00444922 -4.25377 -13.1095
7.076 0.00267957 -0.492937 -1.497 0.00192828 -4.42951 -13.6461
7.086 -0.000226769 -0.482536 -1.49806 -0.00445555 -4.5983 -14.1491
7.096 0.00348525 -0.484852 -1.49412 -0.004992 -4.76609 -14.6529
7.106 0.00188085 -0.47338 -1.4976 -0.00340207 -4.9183 -15.1397
7.116 0.00260428 -0.480862 -1.48368 0.0068177 -5.05503 -15.5811
7.126 0.00836675 -0.48006 -1.49366 0.00408087 -5.19269 -16.0094
7.136 0.00416796 -0.482357 -1.49413 -0.00295872 -5.32489 -16.4109
7.146 0.00662254 -0.494615 -1.49986 0.00140339 -5.45777 -16.7829
7.156 0.00041408 -0.477937 -1.49135 -0.00367396 -5.56631 -17.1317
7.166 0.000891828 -0.482125 -1.4918 0.000939983 -5.65903 -17.4353
7.176 0.00330507 -0.492083 -1.49381 -0.00501422 -5.76794 -17.7226
7.186 -0.00151622 -0.480325 -1.49249 -0.00705731 -5.83767 -17.9668
7.196 -0.00399326 -0.498974 -1.49626 0.00565362 -5.90611 -18.1774
7.206 0.00277683 -0.493731 -1.49887 0.00680419 -5.96272 -18.3599
7.216 -0.00825237 -0.486844 -1.48866 0.00598704 -5.99877 -18.5074
7.226 -0.000641067 -0.490628 -1.50369 -0.00512111 -6.0483 -18.6064
7.236 0.000521219 -0.487977 -1.49477 0.00432948 -6.0702 -18.6845
7.246 0.00449177 -0.477507 -1.49888 0.00766348 -6.07647 -18.7089
7.256 -0.00188172 -0.479454 -1.48884 0.010693 -6.08243 -18.7078
7.266 -0.00940657 -0.482299 -1.49863 0.00779917 -6.06205 -18.6631
7.276 0.00169312 -0.499799 -1.50374 -0.00207739 -6.04474 -18.5889
7.286 0.00280833 -0.487726 -1.49066 0.000902809 -5.99887 -18.4684
7.296 0.00674274 -0.487797 -1.49201 0.00198004 -5.95469 -18.3259
7.306 0.0117845 -0.485719 -1.49689 -0.00494855 -5.89228 -18.1357
7.316 -0.0060723 -0.48954 -1.49735 0.00629542 -5.82952 -17.9225
7.326 -3.22463e-05 -0.482819 -1.49572 0.00187344 -5.74056 -17.667
7.336 -0.00322892 -0.492006 -1.49294 0.00402362 -5.63963 -17.3723
7.346 -0.0118388 -0.490807 -1.50023 -0.00388812 -5.5446 -17.0526
7.356 -0.00045429 -0.47837 -1.50673 0.00557046 -5.43157 -16.7174
7.366 0.00889553 -0.489847 -1.49169 -0.00498848 -5.29732 -16.321
7.376 -0.0071631 -0.482663 -1.48718 -0.0050423 -5.17655 -15.9276
7.386 -0.00288298 -0.490208 -1.49649 -0.00379494 -5.02473 -15.4878
7.396 -0.00116779 -0.484664 -1.49601 0.00563921 -4.88417 -15.0302
7.406 -0.000427657 -0.492735 -1.50126 -0.00173374 -4.72525 -14.557
7.416 0.00366597 -0.485752 -1.49669 0.00376835 -4.57029 -14.0654
7.426 0.000903036 -0.479933 -1.49164 1.62013e-05 -4.39419 -13.5434
7.436 0.00731108 -0.481425 -1.49796 -0.00596844 -4.22611 -13.0067
7.446 -0.00224522 -0.478636 -1.48896 0.0092714 -4.0447 -12.4473
7.456 -5.26955e-05 -0.483959 -1.49154 0.00636413 -3.86314 -11.8952
7.466 -0.00173081 -0.480244 -1.48884 0.00267448 -3.6763 -11.3203
7.476 -0.002547 -0.487833 -1.49034 -0.00654499 -3.49212 -10.7345
7.486 0.00374264 -0.479019 -1.49852 -0.000434432 -3.30061 -10.1574
7.496 -0.00298594 -0.480975 -1.50075 -0.00639179 -3.10761 -9.56819
7.506 0.00106903 -0.492327 -1.48823 -0.00877087 -2.92125 -8.97901
7.516 -0.00870171 -0.493178 -1.49779 0.0051092 -2.71828 -8.38522
7.526 0.000809149 -0.478283 -1.49386 0.00139003 -2.53915 -7.79328
7.536 0.00264021 -0.484267 -1.5045 0.000836078 -2.33919 -7.22846
7.546 0.00245036 -0.478298 -1.496 0.00289786 -2.16504 -6.65101
7.556 -0.00175154 -0.483487 -1.497 0.00472252 -1.98322 -6.0948
7.566 -0.00552491 -0.482636 -1.49138 0.00243363 -1.80374 -5.54439
7.576 0.00422668 -0.485292 -1.48863 0.00791568 -1.63444 -5.00835
7.586 0.00580515 -0.485945 -1.48913 -0.00173089 -1.4599 -4.50139
7.596 -0.00100149 -0.487245 -1.49421 0.000766525 -1.29674 -4.00189
7.606 -0.00603799 -0.493317 -1.49862 0.00486064 -1.15704 -3.52524
7.616 -0.00333214 -0.483868 -1.49441 0.00115932 -1.00352 -3.08802
7.626 -0.00397239 -0.489517 -1.49678 -4.6385e-06 -0.863497 -2.64622
7.636 -0.00333104 -0.484279 -1.49118 0.00906266 -0.725184 -2.25532
7.646 0.00775503 -0.483201 -1.50323 -0.00263935 -0.611058 -1.87342
7.656 0.00149005 -0.476653 -1.49191 -0.000128826 -0.495892 -1.53608
7.666 0.000482482 -0.487981 -1.5019 0.00309478 -0.394629 -1.22437
7.676 0.00418142 -0.483974 -1.49293 -0.00356819 -0.300244 -0.948516
7.686 0.00942896 -0.485331 -1.50182 -0.00190004 -0.2242 -0.680806
7.696 0.00752369 -0.483256 -1.49438 -0.00204518 -0.162433 -0.478219
7.706 0.00381674 -0.488071 -1.50154 0.00628733 -0.0987159 -0.29284
7.716 0.00296723 -0.49255 -1.4957 0.00151881 -0.042846 -0.15405
7.726 0.00715512 -0.486844 -1.49602 -0.000888425 -0.0167023 -0.0489447
7.736 0.00542246 -0.483988 -1.49986 0.000517626 0.00550991 0.0226475
7.746 -0.00325206 -0.483372 -1.49461 -0.00597456 0.0197175 0.0527341
7.756 0.0112782 -0.486966 -1.47981 -0.0023943 0.0242426 0.0545417
7.766 0.00327947 -0.47881 -1.48944 0.000411207 0.00841387 0.00652437
7.776 0.00165624 -0.491456 -1.49689 0.000387005 -0.0260283 -0.0751691
7.786 -0.00469105 -0.489441 -1.49048 0.000625185 -0.056711 -0.181742
7.796 -0.00874675 -0.491311 -1.49406 -0.00234023 -0.118726 -0.32756
7.806 -0.000735509 -0.483963 -1.49771 0.00431077 -0.158837 -0.515535
7.816 0.00705661 -0.481399 -1.50279 0.0063414 -0.237277 -0.737032
7.826 -0.0029128 -0.485959 -1.49548 -0.000120689 -0.315841 -0.995419
7.836 0.00168923 -0.486352 -1.49787 -0.00117063 -0.409646 -1.28519
7.846 -0.00941677 -0.48959 -1.49509 -0.0111928 -0.520624 -1.59787
7.856 -0.00404785 -0.490516 -1.49447 -8.63239e-05 -0.638053 -1.95464
7.866 -0.0036953 -0.480709 -1.48626 0.004574 -0.763494 -2.33245
7.876 0.00360772 -0.485126 -1.49977 -0.00374877 -0.886354 -2.74655
7.886 -0.00171444 -0.488459 -1.49348 -0.000465824 -1.02788 -3.1664
7.896 -0.00571324 -0.487951 -1.49079 0.00343744 -1.18291 -3.62923
7.906 -0.00242889 -0.479611 -1.49244 0.00252828 -1.3425 -4.10135
7.916 -0.00499717 -0.481402 -1.49478 0.00617016 -1.49529 -4.59966
7.926 -0.00692094 -0.488791 -1.49522 -0.00198798 -1.66585 -5.12222
7.936 -0.00686707 -0.485981 -1.49252 -0.00951374 -1.83847 -5.66205
7.946 0.00135841 -0.482006 -1.50062 -0.00984039 -2.0159 -6.21336
7.956 -0.00357825 -0.479928 -1.48756 0.000959792 -2.19086 -6.76739
7.966 0.0013354 -0.487823 -1.49131 0.0073397 -2.38021 -7.32829
7.976 -0.000600965 -0.482381 -1.4974 -0.00232302 -2.56956 -7.91804
7.986 0.00193209 -0.489816 -1.49615 -0.00024886 -2.76022 -8.50635
7.996 0.00130776 -0.482838 -1.49697 0.00320772 -2.95844 -9.0961
8.007 -0.00387651 -0.490582 -1.49615 0.00273067 -3.17163 -9.74266
8.018 0.00240271 -0.486548 -1.49255 0.00146372 -3.36516 -10.3913
8.029 0.00133968 -0.473129 -1.4956 -0.0047806 -3.583 -11.0362
8.04 -0.0028981 -0.480648 -1.49915 0.00927137 -3.78934 -11.6591
8.051 -0.00175645 -0.481019 -1.49771 -0.00360351 -3.9861 -12.2869
8.062 0.00742453 -0.48256 -1.49896 0.000511881 -4.18774 -12.9027
8.073 0.00178907 -0.488941 -1.48917 -0.00322633 -4.38353 -13.4801
8.084 -0.00548715 -0.485629 -1.49453 -0.00193481 -4.56683 -14.0569
8.095 0.0108631 -0.487681 -1.49095 0.00786328 -4.75146 -14.6074
8.106 -0.00128203 -0.482151 -1.48688 -0.0041901 -4.91935 -15.1265
8.117 0.00279294 -0.492226 -1.49788 -0.00277747 -5.08469 -15.624
8.128 -0.000968293 -0.487719 -1.49313 -0.00990517 -5.22581 -16.0882
8.139 0.00231504 -0.482997 -1.49839 0.000962828 -5.36669 -16.5259
8.15 0.000791573 -0.48327 -1.48252 -0.00327715 -5.49956 -16.9174
8.161 -0.00600232 -0.480157 -1.49591 -0.00503972 -5.61419 -17.2814
8.172 -0.00599843 -0.479106 -1.48155 -0.00195253 -5.72307 -17.61
8.183 0.00353337 -0.477539 -1.48985 -0.00523864 -5.80983 -17.8965
8.194 -0.00106889 -0.483565 -1.49131 0.000462251 -5.88861 -18.1467
8.205 0.00427278 -0.483536 -1.4955 0.000354486 -5.95894 -18.3431
8.216 0.00416421 -0.487712 -1.49666 0.00214728 -6.00405 -18.5008
8.227 0.00304948 -0.483516 -1.49194 0.00291371 -6.0499 -18.6172
8.238 -0.00709336 -0.484997 -1.5044 0.00884966 -6.07185 -18.6947
8.249 0.00152603 -0.485056 -1.50521 -0.00474989 -6.08126 -18.7136
8.26 0.00565972 -0.487355 -1.49136 0.000335159 -6.08108 -18.7001
8.271 0.00752285 -0.484874 -1.49174 -0.00619204 -6.05776 -18.6338
8.282 0.00263922 -0.490292 -1.49871 0.00167718 -6.01875 -18.5262
8.293 -0.00379303 -0.479162 -1.49917 -0.00188848 -5.96559 -18.3811
8.304 0.00462306 -0.482156 -1.50164 0.00034651 -5.90752 -18.1805
8.315 0.00358916 -0.478253 -1.49685 0.00213741 -5.82555 -17.9451
8.326 0.00422858 -0.482141 -1.48958 0.0079641 -5.7375 -17.6722
8.337 -0.0019037 -0.491151 -1.49219 0.00914432 -5.63579 -17.3541
8.348 -0.00908781 -0.4786 -1.49689 -0.00342038 -5.51945 -16.9968
8.359 0.00231024 -0.491302 -1.49537 -0.00315834 -5.39878 -16.596
8.37 -0.00229609 -0.478774 -1.48401 -0.00694924 -5.25374 -16.1732
8.381 0.00508152 -0.493643 -1.48832 0.00257501 -5.09973 -15.7248
8.392 -0.00109732 -0.495915 -1.49929 -0.0043839 -4.93914 -15.2207
8.403 -0.0099796 -0.482343 -1.48771 0.00226434 -4.77143 -14.7079
8.414 -0.00366309 -0.482867 -1.49798 0.00642411 -4.60416 -14.161
8.425 -0.0067169 -0.483563 -1.49876 0.00342601 -4.41572 -13.5992
8.436 -0.00465295 -0.491419 -1.49318 -0.0033512 -4.22867 -13.0047
8.447 -0.000608918 -0.48342 -1.49785 0.00432766 -4.03411 -12.3996
8.458 -0.00428223 -0.49102 -1.48734 -0.00926311 -3.82757 -11.7779
8.469 -0.00105493 -0.478108 -1.4958 0.00483058 -3.62125 -11.1421
8.48 0.00242177 -0.486417 -1.49716 -0.000895231 -3.41649 -10.5044
8.491 -0.000258033 -0.4829 -1.4919 -0.00290521 -3.19757 -9.86396
8.502 -0.00437008 -0.472175 -1.49157 -0.0030812 -2.99747 -9.2109
8.513 0.0117116 -0.483714 -1.49334 -0.00268973 -2.78267 -8.56118
8.524 0.00144809 -0.488594 -1.49589 0.00882406 -2.58023 -7.9214
8.535 -0.00496067 -0.493562 -1.49174 0.000106162 -2.37101 -7.28549
8.546 0.00992396 -0.491422 -1.50264 -0.0090142 -2.1568 -6.65762
8.557 -0.00318568 -0.484568 -1.49137 0.00296615 -1.96493 -6.04414
8.568 0.00461426 -0.487576 -1.49194 0.00374755 -1.76419 -5.44813
8.579 0.00287011 -0.500841 -1.49265 -0.0172808 -1.57075 -4.85519
8.59 0.00366303 -0.487309 -1.48786 0.00780401 -1.39525 -4.29774
8.601 0.00426651 -0.488595 -1.48901 -0.00578994 -1.22295 -3.76516
8.612 0.000536344 -0.489099 -1.48694 0.00749005 -1.06186 -3.25449
8.623 0.000185379 -0.4883 -1.49258 0.00213635 -0.89955 -2.77135
8.634 0.00260852 -0.488686 -1.49598 -0.00266586 -0.758071 -2.32686
8.645 -0.00110372 -0.482119 -1.49864 -0.00334866 -0.620596 -1.9247
8.656 -0.0115094 -0.484459 -1.50049 0.00436845 -0.493233 -1.53118
8.667 0.00648786 -0.466792 -1.4941 -0.0108343 -0.396551 -1.18899
8.678 -0.00275592 -0.490369 -1.49921 -0.0046627 -0.286891 -0.886102
8.689 -0.0017916 -0.489907 -1.4924 0.00915033 -0.196086 -0.621015
8.7 0.00442924 -0.477647 -1.49185 0.00392485 -0.124227 -0.397782
8.711 0.00348887 -0.493003 -1.50034 -0.00917103 -0.0783356 -0.23148
8.722 -0.00170545 -0.47961 -1.49112 0.0073225 -0.0328845 -0.0897309
8.733 -0.00330876 -0.482165 -1.49052 -0.0011982 4.81345e-05 0.00299797
8.744 0.00681433 -0.482445 -1.49074 -0.00683939 0.0162014 0.0502416
8.755 -0.00131177 -0.482998 -1.50056 0.00102903 0.0270421 0.0527841
8.766 0.00177519 -0.487127 -1.49858 -0.00269121 0.00627553 0.00757024
8.777 -0.00205414 -0.484861 -1.48769 0.00422547 -0.0220921 -0.0734684
8.788 0.00664145 -0.497827 -1.4901 -0.00114377 -0.0644465 -0.204618
8.799 -0.00321678 -0.481246 -1.49296 0.00364353 -0.128989 -0.387149
8.81 0.00280776 -0.477601 -1.4899 -0.000546039 -0.202164 -0.599738
8.821 0.00246329 -0.487357 -1.49398 -0.00564222 -0.284017 -0.860386
8.832 0.00130819 -0.483503 -1.49428 0.00295274 -0.377655 -1.15888
8.843 -0.00452576 -0.489428 -1.49423 0.00534134 -0.484976 -1.5006
8.854 0.00165738 -0.479757 -1.49015 -0.000739221 -0.608608 -1.87975
8.865 0.00114987 -0.475906 -1.49248 -0.00362539 -0.747239 -2.29129
8.876 -0.00745717 -0.490194 -1.49501 0.000980695 -0.880897 -2.73801
8.887 0.00871488 -0.481818 -1.48651 -0.00114267 -1.0451 -3.21294
8.898 0.0029607 -0.484614 -1.49787 0.000561003 -1.1945 -3.71453
8.909 -0.00424056 -0.485228 -1.49234 -0.000803342 -1.3746 -4.24504
8.92 0.00716066 -0.491926 -1.4944 0.00431568 -1.56664 -4.80818
8.931 0.00400438 -0.483421 -1.49682 -0.00612446 -1.74946 -5.38715
8.942 -0.0104446 -0.481333 -1.4957 0.00484977 -1.9373 -5.98266
8.953 -0.00861553 -0.489152 -1.48825 -0.00644876 -2.14236 -6.60131
8.964 -0.003062 -0.483947 -1.49513 0.00171062 -2.34331 -7.22574
8.975 0.00105925 -0.492446 -1.49533 -0.0124013 -2.54485 -7.85784
8.986 0.000142659 -0.483857 -1.50082 0.00514228 -2.75585 -8.51211
8.997 0.000223382 -0.485213 -1.49562 0.00227824 -2.98226 -9.15757
9.008 0.00355778 -0.488423 -1.49274 0.00329216 -3.18571 -9.79882
9.019 -0.00536747 -0.489752 -1.50302 -0.00437867 -3.39657 -10.4517
9.03 0.00634799 -0.477149 -1.49224 -0.00229999 -3.59762 -11.0873
9.041 0.00709758 -0.492305 -1.49909 -0.000447416 -3.81108 -11.7134
9.052 -0.00328994 -0.489453 -1.50131 -0.00345206 -4.00836 -12.3379
9.063 -0.0046267 -0.483149 -1.48875 -0.00303495 -4.20557 -12.9433
9.074 0.00112523 -0.475099 -1.48757 -0.0005378 -4.40685 -13.5448
9.085 -0.00497628 -0.487711 -1.48953 -0.00133504 -4.59226 -14.1098
9.096 -0.00211849 -0.481539 -1.49761 0.00234461 -4.76051 -14.6637
9.107 0.00832857 -0.49118 -1.4968 -0.0069927 -4.93655 -15.1749
9.118 0.0123962 -0.486023 -1.48957 -0.00617388 -5.08751 -15.6614
9.129 0.000805616 -0.493618 -1.49295 -0.00257116 -5.2419 -16.1381
9.14 0.0115392 -0.489961 -1.49462 0.00702578 -5.38064 -16.5524
9.151 0.00338407 -0.490062 -1.493 0.00594586 -5.50979 -16.9577
9.162 8.26552e-05 -0.480107 -1.49622 -0.00151512 -5.63576 -17.3136
9.173 -0.00378519 -0.474817 -1.50463 0.00368102 -5.72904 -17.6404
9.184 0.0011367 -0.476772 -1.48734 -8.0472e-05 -5.8255 -17.9174
9.195 -0.00542086 -0.486067 -1.49393 0.000992696 -5.90157 -18.1718
9.206 -0.0020022 -0.48106 -1.4886 -0.0077519 -5.97197 -18.3747
9.217 -0.000494271 -0.494577 -1.49029 0.00282257 -6.02095 -18.514
9.228 0.00115974 -0.47137 -1.50166 0.00699845 -6.0522 -18.6258
9.239 -0.000251294 -0.481405 -1.49413 0.00576397 -6.07805 -18.6905
9.25 -0.00260015 -0.486763 -1.4888 -0.00413461 -6.09055 -18.7152
9.261 0.000504889 -0.490098 -1.48986 -0.00210983 -6.06945 -18.6968
9.272 0.00163526 -0.483916 -1.50129 -0.00327667 -6.04941 -18.6245
9.283 0.00100086 -0.487031 -1.49731 -0.000232753 -6.01855 -18.513
9.294 0.0031044 -0.492035 -1.49895 0.00361513 -5.95976 -18.3491
9.305 0.000591245 -0.491005 -1.49982 0.00400212 -5.90636 -18.1588
9.316 -0.0039706 -0.492179 -1.5003 -0.00126889 -5.82595 -17.9266
9.327 0.00132356 -0.495452 -1.48995 -0.00512732 -5.72856 -17.6481
9.338 0.00661051 -0.491911 -1.48465 0.00265712 -5.62837 -17.3243
9.349 -0.00094108 -0.479195 -1.50485 -0.00334256 -5.51239 -16.9536
9.36 -0.00303228 -0.482717 -1.49467 -0.00693906 -5.37604 -16.5688
9.371 0.00887907 -0.489806 -1.48661 0.0135177 -5.23942 -16.1389
9.382 -0.0122973 -0.486972 -1.48508 0.00384935 -5.09859 -15.6726
9.393 -0.00389475 -0.485488 -1.48871 -0.00087324 -4.92975 -15.1772
9.404 0.00423798 -0.47909 -1.49757 -0.00148149 -4.76388 -14.6588
9.415 -0.00912232 -0.489398 -1.50138 -0.00156431 -4.57712 -14.1087
9.426 -0.0026537 -0.489283 -1.49787 5.78897e-05 -4.39593 -13.5424
9.437 -0.00154619 -0.48523 -1.4949 0.0110143 -4.19873 -12.9423
9.448 0.00144429 -0.478828 -1.49784 0.000796784 -4.01337 -12.3384
9.459 -0.000380359 -0.486488 -1.48876 0.00418883 -3.80619 -11.7262
9.47 -0.00324963 -0.490168 -1.4914 -0.000171895 -3.60667 -11.088
9.481 0.000526348 -0.485674 -1.48893 0.00103508 -3.39758 -10.4429
9.492 0.00111525 -0.484432 -1.49766 -0.00757975 -3.17703 -9.80755
9.503 -0.00296255 -0.487438 -1.4887 0.00334068 -2.96947 -9.1525
9.514 -0.00271409 -0.488581 -1.49675 0.0013251 -2.75925 -8.50272
9.525 -0.00422754 -0.488097 -1.49234 -0.00139952 -2.54046 -7.85671
9.536 0.00286494 -0.48557 -1.49519 -0.00225397 -2.3508 -7.2225
9.547 0.00531048 -0.478688 -1.49631 -0.00548707 -2.14904 -6.60165
9.558 0.00864973 -0.487891 -1.49188 0.00141993 -1.94463 -5.98224
9.569 0.00416251 -0.485258 -1.49422 -0.00459218 -1.75 -5.39089
9.58 0.0049033 -0.475843 -1.4884 -0.000825521 -1.55486 -4.81126
9.591 -0.00134018 -0.486706 -1.49943 -0.00109453 -1.38709 -4.25107
9.602 0.00506377 -0.484493 -1.4856 -0.000285938 -1.20027 -3.72419
9.613 -0.00365798 -0.487877 -1.49417 0.00865596 -1.03927 -3.20404
9.624 -0.00263454 -0.492218 -1.49137 -0.00680771 -0.888999 -2.73449
9.635 0.00229505 -0.478109 -1.49254 -0.0106229 -0.741591 -2.28964
9.646 0.000382619 -0.484412 -1.49452 0.0105891 -0.607838 -1.87563
9.657 -0.000814021 -0.492779 -1.49614 0.00313587 -0.483824 -1.51164
9.668 -0.00180262 -0.486238 -1.49037 -0.00584045 -0.375958 -1.16525
9.679 0.00420927 -0.479851 -1.49804 0.00613105 -0.283862 -0.867014
9.69 -0.0036783 -0.479892 -1.50151 -0.000895868 -0.191028 -0.603621
9.701 -0.00168428 -0.475242 -1.49217 -0.000100071 -0.117282 -0.380764
9.712 -8.9904e-05 -0.477917 -1.49612 -0.00358033 -0.0745338 -0.205416
9.723 -0.000866291 -0.487287 -1.49727 0.00365022 -0.0200083 -0.0760921
9.734 -0.00724358 -0.485686 -1.48862 0.00382033 0.0121038 0.00594176
9.745 -0.0133931 -0.477419 -1.49638 0.00294085 0.0196672 0.0450052
9.756 -0.00267591 -0.491436 -1.4871 -0.00180504 0.0127825 0.0516545
9.767 0.00201244 -0.482754 -1.49475 0.00480017 0.00686858 -0.00114857
9.778 -0.00592755 -0.48501 -1.50065 -0.00874883 -0.0223556 -0.0879191
9.789 -0.000273168 -0.483785 -1.49281 0.00599687 -0.0717787 -0.224223
9.8 -0.00272709 -0.484287 -1.48834 0.00186295 -0.136618 -0.396769
9.811 0.00246706 -0.483637 -1.48741 0.001177 -0.206433 -0.633283
9.822 -0.00282978 -0.488482 -1.48657 0.00156223 -0.288424 -0.89387
9.833 -0.00122055 -0.480636 -1.49471 0.00602382 -0.385511 -1.1874
9.844 0.00414492 -0.486481 -1.48969 0.00124993 -0.496601 -1.53784
9.855 -0.00113499 -0.490409 -1.49386 0.00615361 -0.626157 -1.90929
9.866 0.00981428 -0.486115 -1.49509 -0.00947138 -0.75108 -2.32734
9.877 0.00183824 -0.487933 -1.49843 0.0017156 -0.897435 -2.77771
9.888 0.0142178 -0.483505 -1.4928 0.011692 -1.04779 -3.25179
9.899 -0.0042573 -0.492625 -1.49878 -0.00289572 -1.22316 -3.76664
9.91 -0.00409967 -0.478213 -1.49468 0.0018052 -1.39695 -4.29621
9.921 0.00327476 -0.484851 -1.49787 -0.000141645 -1.57127 -4.85456
9.932 -0.00342997 -0.493249 -1.49597 0.00191689 -1.76649 -5.4381
9.943 0.0147552 -0.487351 -1.48738 0.00104394 -1.95467 -6.03027
